county,precinct,office,district,party,candidate,votes,election_day,provisional,absentee
Beaver,ALIQUIPPA 1,President,,DEM,Joseph R Biden Jr,34,22,0,12
Beaver,ALIQUIPPA 1,President,,DEM,Dean Phillips,5,3,0,2
Beaver,ALIQUIPPA 1,President,,DEM,Write-In Totals,8,8,0,0
Beaver,ALIQUIPPA 1,President,,DEM,Not Assigned,8,8,0,0
Beaver,ALIQUIPPA 1,U.S. Senate,,DEM,Robert P Casey Jr,32,21,0,11
Beaver,ALIQUIPPA 1,U.S. Senate,,DEM,William Parker,8,5,0,3
Beaver,ALIQUIPPA 1,U.S. Senate,,DEM,Write-In Totals,4,4,0,0
Beaver,ALIQUIPPA 1,U.S. Senate,,DEM,Not Assigned,4,4,0,0
Beaver,ALIQUIPPA 1,U.S. House,17,DEM,Chris Deluzio,37,25,0,12
Beaver,ALIQUIPPA 1,U.S. House,17,DEM,Write-In Totals,3,2,0,1
Beaver,ALIQUIPPA 1,U.S. House,17,DEM,Not Assigned,3,2,0,1
Beaver,ALIQUIPPA 1,State Senate,47,DEM,Write-In: Elder Vogel Jr.,8,6,0,2
Beaver,ALIQUIPPA 1,State Senate,47,DEM,Write-In: Scattered,1,1,0,0
Beaver,ALIQUIPPA 1,State Senate,47,DEM,Write-In: Kate Lennen,0,0,0,0
Beaver,ALIQUIPPA 1,State Senate,47,DEM,Write-In Totals,9,7,0,2
Beaver,ALIQUIPPA 1,State Senate,47,DEM,Not Assigned,0,0,0,0
Beaver,ALIQUIPPA 1,State House,16,DEM,Robert F Matzie,41,27,0,14
Beaver,ALIQUIPPA 1,State House,16,DEM,Write-In Totals,4,4,0,0
Beaver,ALIQUIPPA 1,State House,16,DEM,Not Assigned,4,4,0,0
Beaver,ALIQUIPPA 1,DELEGATE TO THE DEMOCRATIC NATIONAL CONVENTION,17,DEM,Nancy Werme,32,20,0,12
Beaver,ALIQUIPPA 1,DELEGATE TO THE DEMOCRATIC NATIONAL CONVENTION,17,DEM,Dwan B Walker,26,16,0,10
Beaver,ALIQUIPPA 1,DELEGATE TO THE DEMOCRATIC NATIONAL CONVENTION,17,DEM,Kaylee Werner,24,16,0,8
Beaver,ALIQUIPPA 1,DELEGATE TO THE DEMOCRATIC NATIONAL CONVENTION,17,DEM,Lisa M Baldis,24,15,0,9
Beaver,ALIQUIPPA 1,DELEGATE TO THE DEMOCRATIC NATIONAL CONVENTION,17,DEM,Mary Jane Jones-Gilliam,22,12,0,10
Beaver,ALIQUIPPA 1,DELEGATE TO THE DEMOCRATIC NATIONAL CONVENTION,17,DEM,Arvind Venkat,21,14,0,7
Beaver,ALIQUIPPA 1,DELEGATE TO THE DEMOCRATIC NATIONAL CONVENTION,17,DEM,Kevin Kinross,19,14,0,5
Beaver,ALIQUIPPA 1,DELEGATE TO THE DEMOCRATIC NATIONAL CONVENTION,17,DEM,Write-In Totals,3,3,0,0
Beaver,ALIQUIPPA 1,DELEGATE TO THE DEMOCRATIC NATIONAL CONVENTION,17,DEM,Not Assigned,3,3,0,0
Beaver,ALIQUIPPA 1,President,,REP,Donald J Trump,14,13,0,1
Beaver,ALIQUIPPA 1,President,,REP,Nikki R Haley,1,1,0,0
Beaver,ALIQUIPPA 1,President,,REP,Write-In Totals,0,0,0,0
Beaver,ALIQUIPPA 1,President,,REP,Not Assigned,0,0,0,0
Beaver,ALIQUIPPA 1,U.S. Senate,,REP,Dave Mccormick,14,13,0,1
Beaver,ALIQUIPPA 1,U.S. Senate,,REP,Joseph J Vodvarka,1,1,0,0
Beaver,ALIQUIPPA 1,U.S. Senate,,REP,Write-In Totals,0,0,0,0
Beaver,ALIQUIPPA 1,U.S. Senate,,REP,Not Assigned,0,0,0,0
Beaver,ALIQUIPPA 1,U.S. House,17,REP,Rob Mercuri,12,12,0,0
Beaver,ALIQUIPPA 1,U.S. House,17,REP,Write-In Totals,0,0,0,0
Beaver,ALIQUIPPA 1,U.S. House,17,REP,Not Assigned,0,0,0,0
Beaver,ALIQUIPPA 1,State Senate,47,REP,Elder Vogel Jr,13,12,0,1
Beaver,ALIQUIPPA 1,State Senate,47,REP,Write-In Totals,0,0,0,0
Beaver,ALIQUIPPA 1,State Senate,47,REP,Not Assigned,0,0,0,0
Beaver,ALIQUIPPA 1,State House,16,REP,Michael J Perich,13,13,0,0
Beaver,ALIQUIPPA 1,State House,16,REP,Write-In Totals,0,0,0,0
Beaver,ALIQUIPPA 1,State House,16,REP,Not Assigned,0,0,0,0
Beaver,ALIQUIPPA 1,DELEGATE TO THE REPUBLICAN NATIONAL CONVENTION,17,REP,Jack Casey,7,7,0,0
Beaver,ALIQUIPPA 1,DELEGATE TO THE REPUBLICAN NATIONAL CONVENTION,17,REP,John Fredericks,6,6,0,0
Beaver,ALIQUIPPA 1,DELEGATE TO THE REPUBLICAN NATIONAL CONVENTION,17,REP,Mike Mcmullen,5,5,0,0
Beaver,ALIQUIPPA 1,DELEGATE TO THE REPUBLICAN NATIONAL CONVENTION,17,REP,Abby Kail,5,5,0,0
Beaver,ALIQUIPPA 1,DELEGATE TO THE REPUBLICAN NATIONAL CONVENTION,17,REP,Veronica S Steinkirchner,4,4,0,0
Beaver,ALIQUIPPA 1,DELEGATE TO THE REPUBLICAN NATIONAL CONVENTION,17,REP,Vincent E Fusca,3,3,0,0
Beaver,ALIQUIPPA 1,DELEGATE TO THE REPUBLICAN NATIONAL CONVENTION,17,REP,Toni Shuppe,2,2,0,0
Beaver,ALIQUIPPA 1,DELEGATE TO THE REPUBLICAN NATIONAL CONVENTION,17,REP,Bob Howard,2,2,0,0
Beaver,ALIQUIPPA 1,DELEGATE TO THE REPUBLICAN NATIONAL CONVENTION,17,REP,Write-In Totals,0,0,0,0
Beaver,ALIQUIPPA 1,DELEGATE TO THE REPUBLICAN NATIONAL CONVENTION,17,REP,Not Assigned,0,0,0,0
Beaver,ALIQUIPPA 1,ALTERNATE DELEGATE TO THE REPUBLICAN NATIONAL CONVENTION,17,REP,Christine Mattarochia,9,9,0,0
Beaver,ALIQUIPPA 1,ALTERNATE DELEGATE TO THE REPUBLICAN NATIONAL CONVENTION,17,REP,Mike Mcmullen,8,8,0,0
Beaver,ALIQUIPPA 1,ALTERNATE DELEGATE TO THE REPUBLICAN NATIONAL CONVENTION,17,REP,Bob Hamilton,8,8,0,0
Beaver,ALIQUIPPA 1,ALTERNATE DELEGATE TO THE REPUBLICAN NATIONAL CONVENTION,17,REP,M J Costello,1,1,0,0
Beaver,ALIQUIPPA 1,ALTERNATE DELEGATE TO THE REPUBLICAN NATIONAL CONVENTION,17,REP,Write-In Totals,1,1,0,0
Beaver,ALIQUIPPA 1,ALTERNATE DELEGATE TO THE REPUBLICAN NATIONAL CONVENTION,17,REP,Not Assigned,1,1,0,0
Beaver,ALIQUIPPA 2,President,,DEM,Joseph R Biden Jr,136,88,0,48
Beaver,ALIQUIPPA 2,President,,DEM,Dean Phillips,4,3,0,1
Beaver,ALIQUIPPA 2,President,,DEM,Write-In Totals,3,2,0,1
Beaver,ALIQUIPPA 2,President,,DEM,Not Assigned,3,2,0,1
Beaver,ALIQUIPPA 2,U.S. Senate,,DEM,Robert P Casey Jr,91,59,0,32
Beaver,ALIQUIPPA 2,U.S. Senate,,DEM,William Parker,47,32,0,15
Beaver,ALIQUIPPA 2,U.S. Senate,,DEM,Write-In Totals,4,1,0,3
Beaver,ALIQUIPPA 2,U.S. Senate,,DEM,Not Assigned,4,1,0,3
Beaver,ALIQUIPPA 2,U.S. House,17,DEM,Chris Deluzio,130,83,0,47
Beaver,ALIQUIPPA 2,U.S. House,17,DEM,Write-In Totals,2,1,0,1
Beaver,ALIQUIPPA 2,U.S. House,17,DEM,Not Assigned,2,1,0,1
Beaver,ALIQUIPPA 2,State Senate,47,DEM,Write-In: Kate Lennen,24,23,0,1
Beaver,ALIQUIPPA 2,State Senate,47,DEM,Write-In: Elder Vogel Jr.,8,3,0,5
Beaver,ALIQUIPPA 2,State Senate,47,DEM,Write-In: Scattered,7,4,0,3
Beaver,ALIQUIPPA 2,State Senate,47,DEM,Write-In Totals,39,30,0,9
Beaver,ALIQUIPPA 2,State Senate,47,DEM,Not Assigned,0,0,0,0
Beaver,ALIQUIPPA 2,State House,16,DEM,Robert F Matzie,135,87,0,48
Beaver,ALIQUIPPA 2,State House,16,DEM,Write-In Totals,1,1,0,0
Beaver,ALIQUIPPA 2,State House,16,DEM,Not Assigned,1,1,0,0
Beaver,ALIQUIPPA 2,DELEGATE TO THE DEMOCRATIC NATIONAL CONVENTION,17,DEM,Dwan B Walker,124,80,0,44
Beaver,ALIQUIPPA 2,DELEGATE TO THE DEMOCRATIC NATIONAL CONVENTION,17,DEM,Mary Jane Jones-Gilliam,95,50,0,45
Beaver,ALIQUIPPA 2,DELEGATE TO THE DEMOCRATIC NATIONAL CONVENTION,17,DEM,Nancy Werme,83,43,0,40
Beaver,ALIQUIPPA 2,DELEGATE TO THE DEMOCRATIC NATIONAL CONVENTION,17,DEM,Arvind Venkat,82,48,0,34
Beaver,ALIQUIPPA 2,DELEGATE TO THE DEMOCRATIC NATIONAL CONVENTION,17,DEM,Kaylee Werner,81,46,0,35
Beaver,ALIQUIPPA 2,DELEGATE TO THE DEMOCRATIC NATIONAL CONVENTION,17,DEM,Lisa M Baldis,80,45,0,35
Beaver,ALIQUIPPA 2,DELEGATE TO THE DEMOCRATIC NATIONAL CONVENTION,17,DEM,Kevin Kinross,78,42,0,36
Beaver,ALIQUIPPA 2,DELEGATE TO THE DEMOCRATIC NATIONAL CONVENTION,17,DEM,Write-In Totals,3,3,0,0
Beaver,ALIQUIPPA 2,DELEGATE TO THE DEMOCRATIC NATIONAL CONVENTION,17,DEM,Not Assigned,3,3,0,0
Beaver,ALIQUIPPA 2,President,,REP,Donald J Trump,5,3,0,2
Beaver,ALIQUIPPA 2,President,,REP,Nikki R Haley,0,0,0,0
Beaver,ALIQUIPPA 2,President,,REP,Write-In Totals,0,0,0,0
Beaver,ALIQUIPPA 2,President,,REP,Not Assigned,0,0,0,0
Beaver,ALIQUIPPA 2,U.S. Senate,,REP,Dave Mccormick,3,2,0,1
Beaver,ALIQUIPPA 2,U.S. Senate,,REP,Joseph J Vodvarka,3,1,0,2
Beaver,ALIQUIPPA 2,U.S. Senate,,REP,Write-In Totals,0,0,0,0
Beaver,ALIQUIPPA 2,U.S. Senate,,REP,Not Assigned,0,0,0,0
Beaver,ALIQUIPPA 2,U.S. House,17,REP,Rob Mercuri,5,3,0,2
Beaver,ALIQUIPPA 2,U.S. House,17,REP,Write-In Totals,0,0,0,0
Beaver,ALIQUIPPA 2,U.S. House,17,REP,Not Assigned,0,0,0,0
Beaver,ALIQUIPPA 2,State Senate,47,REP,Elder Vogel Jr,6,3,0,3
Beaver,ALIQUIPPA 2,State Senate,47,REP,Write-In Totals,0,0,0,0
Beaver,ALIQUIPPA 2,State Senate,47,REP,Not Assigned,0,0,0,0
Beaver,ALIQUIPPA 2,State House,16,REP,Michael J Perich,6,3,0,3
Beaver,ALIQUIPPA 2,State House,16,REP,Write-In Totals,0,0,0,0
Beaver,ALIQUIPPA 2,State House,16,REP,Not Assigned,0,0,0,0
Beaver,ALIQUIPPA 2,DELEGATE TO THE REPUBLICAN NATIONAL CONVENTION,17,REP,Mike Mcmullen,4,2,0,2
Beaver,ALIQUIPPA 2,DELEGATE TO THE REPUBLICAN NATIONAL CONVENTION,17,REP,Vincent E Fusca,4,1,0,3
Beaver,ALIQUIPPA 2,DELEGATE TO THE REPUBLICAN NATIONAL CONVENTION,17,REP,Toni Shuppe,2,0,0,2
Beaver,ALIQUIPPA 2,DELEGATE TO THE REPUBLICAN NATIONAL CONVENTION,17,REP,Bob Howard,2,1,0,1
Beaver,ALIQUIPPA 2,DELEGATE TO THE REPUBLICAN NATIONAL CONVENTION,17,REP,Abby Kail,1,1,0,0
Beaver,ALIQUIPPA 2,DELEGATE TO THE REPUBLICAN NATIONAL CONVENTION,17,REP,Veronica S Steinkirchner,1,1,0,0
Beaver,ALIQUIPPA 2,DELEGATE TO THE REPUBLICAN NATIONAL CONVENTION,17,REP,John Fredericks,1,1,0,0
Beaver,ALIQUIPPA 2,DELEGATE TO THE REPUBLICAN NATIONAL CONVENTION,17,REP,Jack Casey,0,0,0,0
Beaver,ALIQUIPPA 2,DELEGATE TO THE REPUBLICAN NATIONAL CONVENTION,17,REP,Write-In Totals,0,0,0,0
Beaver,ALIQUIPPA 2,DELEGATE TO THE REPUBLICAN NATIONAL CONVENTION,17,REP,Not Assigned,0,0,0,0
Beaver,ALIQUIPPA 2,ALTERNATE DELEGATE TO THE REPUBLICAN NATIONAL CONVENTION,17,REP,Mike Mcmullen,4,2,0,2
Beaver,ALIQUIPPA 2,ALTERNATE DELEGATE TO THE REPUBLICAN NATIONAL CONVENTION,17,REP,Bob Hamilton,3,2,0,1
Beaver,ALIQUIPPA 2,ALTERNATE DELEGATE TO THE REPUBLICAN NATIONAL CONVENTION,17,REP,Christine Mattarochia,1,0,0,1
Beaver,ALIQUIPPA 2,ALTERNATE DELEGATE TO THE REPUBLICAN NATIONAL CONVENTION,17,REP,M J Costello,1,0,0,1
Beaver,ALIQUIPPA 2,ALTERNATE DELEGATE TO THE REPUBLICAN NATIONAL CONVENTION,17,REP,Write-In Totals,0,0,0,0
Beaver,ALIQUIPPA 2,ALTERNATE DELEGATE TO THE REPUBLICAN NATIONAL CONVENTION,17,REP,Not Assigned,0,0,0,0
Beaver,ALIQUIPPA 3,President,,DEM,Joseph R Biden Jr,57,43,0,14
Beaver,ALIQUIPPA 3,President,,DEM,Dean Phillips,2,2,0,0
Beaver,ALIQUIPPA 3,President,,DEM,Write-In Totals,0,0,0,0
Beaver,ALIQUIPPA 3,President,,DEM,Not Assigned,0,0,0,0
Beaver,ALIQUIPPA 3,U.S. Senate,,DEM,Robert P Casey Jr,41,28,0,13
Beaver,ALIQUIPPA 3,U.S. Senate,,DEM,William Parker,17,17,0,0
Beaver,ALIQUIPPA 3,U.S. Senate,,DEM,Write-In Totals,0,0,0,0
Beaver,ALIQUIPPA 3,U.S. Senate,,DEM,Not Assigned,0,0,0,0
Beaver,ALIQUIPPA 3,U.S. House,17,DEM,Chris Deluzio,57,43,0,14
Beaver,ALIQUIPPA 3,U.S. House,17,DEM,Write-In Totals,0,0,0,0
Beaver,ALIQUIPPA 3,U.S. House,17,DEM,Not Assigned,0,0,0,0
Beaver,ALIQUIPPA 3,State Senate,47,DEM,Write-In: Scattered,4,4,0,0
Beaver,ALIQUIPPA 3,State Senate,47,DEM,Write-In: Kate Lennen,2,2,0,0
Beaver,ALIQUIPPA 3,State Senate,47,DEM,Write-In: Elder Vogel Jr.,2,2,0,0
Beaver,ALIQUIPPA 3,State Senate,47,DEM,Write-In Totals,8,8,0,0
Beaver,ALIQUIPPA 3,State Senate,47,DEM,Not Assigned,0,0,0,0
Beaver,ALIQUIPPA 3,State House,16,DEM,Robert F Matzie,56,42,0,14
Beaver,ALIQUIPPA 3,State House,16,DEM,Write-In Totals,1,1,0,0
Beaver,ALIQUIPPA 3,State House,16,DEM,Not Assigned,1,1,0,0
Beaver,ALIQUIPPA 3,DELEGATE TO THE DEMOCRATIC NATIONAL CONVENTION,17,DEM,Dwan B Walker,53,40,0,13
Beaver,ALIQUIPPA 3,DELEGATE TO THE DEMOCRATIC NATIONAL CONVENTION,17,DEM,Mary Jane Jones-Gilliam,47,34,0,13
Beaver,ALIQUIPPA 3,DELEGATE TO THE DEMOCRATIC NATIONAL CONVENTION,17,DEM,Nancy Werme,43,31,0,12
Beaver,ALIQUIPPA 3,DELEGATE TO THE DEMOCRATIC NATIONAL CONVENTION,17,DEM,Kaylee Werner,40,28,0,12
Beaver,ALIQUIPPA 3,DELEGATE TO THE DEMOCRATIC NATIONAL CONVENTION,17,DEM,Arvind Venkat,38,28,0,10
Beaver,ALIQUIPPA 3,DELEGATE TO THE DEMOCRATIC NATIONAL CONVENTION,17,DEM,Lisa M Baldis,38,28,0,10
Beaver,ALIQUIPPA 3,DELEGATE TO THE DEMOCRATIC NATIONAL CONVENTION,17,DEM,Kevin Kinross,37,27,0,10
Beaver,ALIQUIPPA 3,DELEGATE TO THE DEMOCRATIC NATIONAL CONVENTION,17,DEM,Write-In Totals,1,1,0,0
Beaver,ALIQUIPPA 3,DELEGATE TO THE DEMOCRATIC NATIONAL CONVENTION,17,DEM,Not Assigned,1,1,0,0
Beaver,ALIQUIPPA 3,President,,REP,Nikki R Haley,1,0,0,1
Beaver,ALIQUIPPA 3,President,,REP,Donald J Trump,0,0,0,0
Beaver,ALIQUIPPA 3,President,,REP,Write-In Totals,0,0,0,0
Beaver,ALIQUIPPA 3,President,,REP,Not Assigned,0,0,0,0
Beaver,ALIQUIPPA 3,U.S. Senate,,REP,Dave Mccormick,1,0,0,1
Beaver,ALIQUIPPA 3,U.S. Senate,,REP,Joseph J Vodvarka,0,0,0,0
Beaver,ALIQUIPPA 3,U.S. Senate,,REP,Write-In Totals,0,0,0,0
Beaver,ALIQUIPPA 3,U.S. Senate,,REP,Not Assigned,0,0,0,0
Beaver,ALIQUIPPA 3,U.S. House,17,REP,Rob Mercuri,1,0,0,1
Beaver,ALIQUIPPA 3,U.S. House,17,REP,Write-In Totals,0,0,0,0
Beaver,ALIQUIPPA 3,U.S. House,17,REP,Not Assigned,0,0,0,0
Beaver,ALIQUIPPA 3,State Senate,47,REP,Elder Vogel Jr,1,0,0,1
Beaver,ALIQUIPPA 3,State Senate,47,REP,Write-In Totals,0,0,0,0
Beaver,ALIQUIPPA 3,State Senate,47,REP,Not Assigned,0,0,0,0
Beaver,ALIQUIPPA 3,State House,16,REP,Michael J Perich,1,0,0,1
Beaver,ALIQUIPPA 3,State House,16,REP,Write-In Totals,0,0,0,0
Beaver,ALIQUIPPA 3,State House,16,REP,Not Assigned,0,0,0,0
Beaver,ALIQUIPPA 3,DELEGATE TO THE REPUBLICAN NATIONAL CONVENTION,17,REP,Jack Casey,1,0,0,1
Beaver,ALIQUIPPA 3,DELEGATE TO THE REPUBLICAN NATIONAL CONVENTION,17,REP,Abby Kail,1,0,0,1
Beaver,ALIQUIPPA 3,DELEGATE TO THE REPUBLICAN NATIONAL CONVENTION,17,REP,Bob Howard,1,0,0,1
Beaver,ALIQUIPPA 3,DELEGATE TO THE REPUBLICAN NATIONAL CONVENTION,17,REP,Mike Mcmullen,0,0,0,0
Beaver,ALIQUIPPA 3,DELEGATE TO THE REPUBLICAN NATIONAL CONVENTION,17,REP,Toni Shuppe,0,0,0,0
Beaver,ALIQUIPPA 3,DELEGATE TO THE REPUBLICAN NATIONAL CONVENTION,17,REP,Veronica S Steinkirchner,0,0,0,0
Beaver,ALIQUIPPA 3,DELEGATE TO THE REPUBLICAN NATIONAL CONVENTION,17,REP,Vincent E Fusca,0,0,0,0
Beaver,ALIQUIPPA 3,DELEGATE TO THE REPUBLICAN NATIONAL CONVENTION,17,REP,John Fredericks,0,0,0,0
Beaver,ALIQUIPPA 3,DELEGATE TO THE REPUBLICAN NATIONAL CONVENTION,17,REP,Write-In Totals,0,0,0,0
Beaver,ALIQUIPPA 3,DELEGATE TO THE REPUBLICAN NATIONAL CONVENTION,17,REP,Not Assigned,0,0,0,0
Beaver,ALIQUIPPA 3,ALTERNATE DELEGATE TO THE REPUBLICAN NATIONAL CONVENTION,17,REP,Christine Mattarochia,1,0,0,1
Beaver,ALIQUIPPA 3,ALTERNATE DELEGATE TO THE REPUBLICAN NATIONAL CONVENTION,17,REP,Bob Hamilton,1,0,0,1
Beaver,ALIQUIPPA 3,ALTERNATE DELEGATE TO THE REPUBLICAN NATIONAL CONVENTION,17,REP,M J Costello,1,0,0,1
Beaver,ALIQUIPPA 3,ALTERNATE DELEGATE TO THE REPUBLICAN NATIONAL CONVENTION,17,REP,Mike Mcmullen,0,0,0,0
Beaver,ALIQUIPPA 3,ALTERNATE DELEGATE TO THE REPUBLICAN NATIONAL CONVENTION,17,REP,Write-In Totals,0,0,0,0
Beaver,ALIQUIPPA 3,ALTERNATE DELEGATE TO THE REPUBLICAN NATIONAL CONVENTION,17,REP,Not Assigned,0,0,0,0
Beaver,ALIQUIPPA 4,President,,DEM,Joseph R Biden Jr,50,33,0,17
Beaver,ALIQUIPPA 4,President,,DEM,Dean Phillips,1,1,0,0
Beaver,ALIQUIPPA 4,President,,DEM,Write-In Totals,0,0,0,0
Beaver,ALIQUIPPA 4,President,,DEM,Not Assigned,0,0,0,0
Beaver,ALIQUIPPA 4,U.S. Senate,,DEM,Robert P Casey Jr,35,23,0,12
Beaver,ALIQUIPPA 4,U.S. Senate,,DEM,William Parker,16,11,0,5
Beaver,ALIQUIPPA 4,U.S. Senate,,DEM,Write-In Totals,0,0,0,0
Beaver,ALIQUIPPA 4,U.S. Senate,,DEM,Not Assigned,0,0,0,0
Beaver,ALIQUIPPA 4,U.S. House,17,DEM,Chris Deluzio,49,32,0,17
Beaver,ALIQUIPPA 4,U.S. House,17,DEM,Write-In Totals,0,0,0,0
Beaver,ALIQUIPPA 4,U.S. House,17,DEM,Not Assigned,0,0,0,0
Beaver,ALIQUIPPA 4,State Senate,47,DEM,Write-In: Kate Lennen,10,7,0,3
Beaver,ALIQUIPPA 4,State Senate,47,DEM,Write-In: Scattered,4,4,0,0
Beaver,ALIQUIPPA 4,State Senate,47,DEM,Write-In: Elder Vogel Jr.,2,2,0,0
Beaver,ALIQUIPPA 4,State Senate,47,DEM,Write-In Totals,16,13,0,3
Beaver,ALIQUIPPA 4,State Senate,47,DEM,Not Assigned,0,0,0,0
Beaver,ALIQUIPPA 4,State House,16,DEM,Robert F Matzie,49,33,0,16
Beaver,ALIQUIPPA 4,State House,16,DEM,Write-In Totals,1,1,0,0
Beaver,ALIQUIPPA 4,State House,16,DEM,Not Assigned,1,1,0,0
Beaver,ALIQUIPPA 4,DELEGATE TO THE DEMOCRATIC NATIONAL CONVENTION,17,DEM,Mary Jane Jones-Gilliam,40,24,0,16
Beaver,ALIQUIPPA 4,DELEGATE TO THE DEMOCRATIC NATIONAL CONVENTION,17,DEM,Kaylee Werner,39,24,0,15
Beaver,ALIQUIPPA 4,DELEGATE TO THE DEMOCRATIC NATIONAL CONVENTION,17,DEM,Nancy Werme,39,23,0,16
Beaver,ALIQUIPPA 4,DELEGATE TO THE DEMOCRATIC NATIONAL CONVENTION,17,DEM,Arvind Venkat,38,22,0,16
Beaver,ALIQUIPPA 4,DELEGATE TO THE DEMOCRATIC NATIONAL CONVENTION,17,DEM,Dwan B Walker,38,28,0,10
Beaver,ALIQUIPPA 4,DELEGATE TO THE DEMOCRATIC NATIONAL CONVENTION,17,DEM,Lisa M Baldis,37,22,0,15
Beaver,ALIQUIPPA 4,DELEGATE TO THE DEMOCRATIC NATIONAL CONVENTION,17,DEM,Kevin Kinross,33,20,0,13
Beaver,ALIQUIPPA 4,DELEGATE TO THE DEMOCRATIC NATIONAL CONVENTION,17,DEM,Write-In Totals,0,0,0,0
Beaver,ALIQUIPPA 4,DELEGATE TO THE DEMOCRATIC NATIONAL CONVENTION,17,DEM,Not Assigned,0,0,0,0
Beaver,ALIQUIPPA 4,President,,REP,Donald J Trump,6,5,0,1
Beaver,ALIQUIPPA 4,President,,REP,Nikki R Haley,0,0,0,0
Beaver,ALIQUIPPA 4,President,,REP,Write-In Totals,0,0,0,0
Beaver,ALIQUIPPA 4,President,,REP,Not Assigned,0,0,0,0
Beaver,ALIQUIPPA 4,U.S. Senate,,REP,Dave Mccormick,6,5,0,1
Beaver,ALIQUIPPA 4,U.S. Senate,,REP,Joseph J Vodvarka,0,0,0,0
Beaver,ALIQUIPPA 4,U.S. Senate,,REP,Write-In Totals,0,0,0,0
Beaver,ALIQUIPPA 4,U.S. Senate,,REP,Not Assigned,0,0,0,0
Beaver,ALIQUIPPA 4,U.S. House,17,REP,Rob Mercuri,6,5,0,1
Beaver,ALIQUIPPA 4,U.S. House,17,REP,Write-In Totals,0,0,0,0
Beaver,ALIQUIPPA 4,U.S. House,17,REP,Not Assigned,0,0,0,0
Beaver,ALIQUIPPA 4,State Senate,47,REP,Elder Vogel Jr,6,5,0,1
Beaver,ALIQUIPPA 4,State Senate,47,REP,Write-In Totals,0,0,0,0
Beaver,ALIQUIPPA 4,State Senate,47,REP,Not Assigned,0,0,0,0
Beaver,ALIQUIPPA 4,State House,16,REP,Michael J Perich,6,5,0,1
Beaver,ALIQUIPPA 4,State House,16,REP,Write-In Totals,0,0,0,0
Beaver,ALIQUIPPA 4,State House,16,REP,Not Assigned,0,0,0,0
Beaver,ALIQUIPPA 4,DELEGATE TO THE REPUBLICAN NATIONAL CONVENTION,17,REP,Mike Mcmullen,5,4,0,1
Beaver,ALIQUIPPA 4,DELEGATE TO THE REPUBLICAN NATIONAL CONVENTION,17,REP,Bob Howard,3,2,0,1
Beaver,ALIQUIPPA 4,DELEGATE TO THE REPUBLICAN NATIONAL CONVENTION,17,REP,Abby Kail,2,1,0,1
Beaver,ALIQUIPPA 4,DELEGATE TO THE REPUBLICAN NATIONAL CONVENTION,17,REP,Veronica S Steinkirchner,1,1,0,0
Beaver,ALIQUIPPA 4,DELEGATE TO THE REPUBLICAN NATIONAL CONVENTION,17,REP,Vincent E Fusca,1,1,0,0
Beaver,ALIQUIPPA 4,DELEGATE TO THE REPUBLICAN NATIONAL CONVENTION,17,REP,Jack Casey,0,0,0,0
Beaver,ALIQUIPPA 4,DELEGATE TO THE REPUBLICAN NATIONAL CONVENTION,17,REP,Toni Shuppe,0,0,0,0
Beaver,ALIQUIPPA 4,DELEGATE TO THE REPUBLICAN NATIONAL CONVENTION,17,REP,John Fredericks,0,0,0,0
Beaver,ALIQUIPPA 4,DELEGATE TO THE REPUBLICAN NATIONAL CONVENTION,17,REP,Write-In Totals,0,0,0,0
Beaver,ALIQUIPPA 4,DELEGATE TO THE REPUBLICAN NATIONAL CONVENTION,17,REP,Not Assigned,0,0,0,0
Beaver,ALIQUIPPA 4,ALTERNATE DELEGATE TO THE REPUBLICAN NATIONAL CONVENTION,17,REP,M J Costello,4,3,0,1
Beaver,ALIQUIPPA 4,ALTERNATE DELEGATE TO THE REPUBLICAN NATIONAL CONVENTION,17,REP,Mike Mcmullen,3,3,0,0
Beaver,ALIQUIPPA 4,ALTERNATE DELEGATE TO THE REPUBLICAN NATIONAL CONVENTION,17,REP,Christine Mattarochia,3,2,0,1
Beaver,ALIQUIPPA 4,ALTERNATE DELEGATE TO THE REPUBLICAN NATIONAL CONVENTION,17,REP,Bob Hamilton,2,1,0,1
Beaver,ALIQUIPPA 4,ALTERNATE DELEGATE TO THE REPUBLICAN NATIONAL CONVENTION,17,REP,Write-In Totals,0,0,0,0
Beaver,ALIQUIPPA 4,ALTERNATE DELEGATE TO THE REPUBLICAN NATIONAL CONVENTION,17,REP,Not Assigned,0,0,0,0
Beaver,ALIQUIPPA 5,President,,DEM,Joseph R Biden Jr,72,41,0,31
Beaver,ALIQUIPPA 5,President,,DEM,Dean Phillips,10,7,0,3
Beaver,ALIQUIPPA 5,President,,DEM,Write-In Totals,3,3,0,0
Beaver,ALIQUIPPA 5,President,,DEM,Not Assigned,3,3,0,0
Beaver,ALIQUIPPA 5,U.S. Senate,,DEM,Robert P Casey Jr,64,36,0,28
Beaver,ALIQUIPPA 5,U.S. Senate,,DEM,William Parker,21,15,0,6
Beaver,ALIQUIPPA 5,U.S. Senate,,DEM,Write-In Totals,1,1,0,0
Beaver,ALIQUIPPA 5,U.S. Senate,,DEM,Not Assigned,1,1,0,0
Beaver,ALIQUIPPA 5,U.S. House,17,DEM,Chris Deluzio,84,50,0,34
Beaver,ALIQUIPPA 5,U.S. House,17,DEM,Write-In Totals,0,0,0,0
Beaver,ALIQUIPPA 5,U.S. House,17,DEM,Not Assigned,0,0,0,0
Beaver,ALIQUIPPA 5,State Senate,47,DEM,Write-In: Scattered,3,3,0,0
Beaver,ALIQUIPPA 5,State Senate,47,DEM,Write-In: Kate Lennen,3,3,0,0
Beaver,ALIQUIPPA 5,State Senate,47,DEM,Write-In: Elder Vogel Jr.,2,2,0,0
Beaver,ALIQUIPPA 5,State Senate,47,DEM,Write-In Totals,8,8,0,0
Beaver,ALIQUIPPA 5,State Senate,47,DEM,Not Assigned,0,0,0,0
Beaver,ALIQUIPPA 5,State House,16,DEM,Robert F Matzie,84,51,0,33
Beaver,ALIQUIPPA 5,State House,16,DEM,Write-In Totals,0,0,0,0
Beaver,ALIQUIPPA 5,State House,16,DEM,Not Assigned,0,0,0,0
Beaver,ALIQUIPPA 5,DELEGATE TO THE DEMOCRATIC NATIONAL CONVENTION,17,DEM,Nancy Werme,67,38,0,29
Beaver,ALIQUIPPA 5,DELEGATE TO THE DEMOCRATIC NATIONAL CONVENTION,17,DEM,Dwan B Walker,64,37,0,27
Beaver,ALIQUIPPA 5,DELEGATE TO THE DEMOCRATIC NATIONAL CONVENTION,17,DEM,Kaylee Werner,60,32,0,28
Beaver,ALIQUIPPA 5,DELEGATE TO THE DEMOCRATIC NATIONAL CONVENTION,17,DEM,Mary Jane Jones-Gilliam,57,31,0,26
Beaver,ALIQUIPPA 5,DELEGATE TO THE DEMOCRATIC NATIONAL CONVENTION,17,DEM,Lisa M Baldis,54,28,0,26
Beaver,ALIQUIPPA 5,DELEGATE TO THE DEMOCRATIC NATIONAL CONVENTION,17,DEM,Arvind Venkat,50,24,0,26
Beaver,ALIQUIPPA 5,DELEGATE TO THE DEMOCRATIC NATIONAL CONVENTION,17,DEM,Kevin Kinross,48,22,0,26
Beaver,ALIQUIPPA 5,DELEGATE TO THE DEMOCRATIC NATIONAL CONVENTION,17,DEM,Write-In Totals,0,0,0,0
Beaver,ALIQUIPPA 5,DELEGATE TO THE DEMOCRATIC NATIONAL CONVENTION,17,DEM,Not Assigned,0,0,0,0
Beaver,ALIQUIPPA 5,President,,REP,Donald J Trump,19,15,0,4
Beaver,ALIQUIPPA 5,President,,REP,Nikki R Haley,0,0,0,0
Beaver,ALIQUIPPA 5,President,,REP,Write-In Totals,0,0,0,0
Beaver,ALIQUIPPA 5,President,,REP,Not Assigned,0,0,0,0
Beaver,ALIQUIPPA 5,U.S. Senate,,REP,Dave Mccormick,15,12,0,3
Beaver,ALIQUIPPA 5,U.S. Senate,,REP,Joseph J Vodvarka,3,2,0,1
Beaver,ALIQUIPPA 5,U.S. Senate,,REP,Write-In Totals,0,0,0,0
Beaver,ALIQUIPPA 5,U.S. Senate,,REP,Not Assigned,0,0,0,0
Beaver,ALIQUIPPA 5,U.S. House,17,REP,Rob Mercuri,15,12,0,3
Beaver,ALIQUIPPA 5,U.S. House,17,REP,Write-In Totals,0,0,0,0
Beaver,ALIQUIPPA 5,U.S. House,17,REP,Not Assigned,0,0,0,0
Beaver,ALIQUIPPA 5,State Senate,47,REP,Elder Vogel Jr,17,13,0,4
Beaver,ALIQUIPPA 5,State Senate,47,REP,Write-In Totals,0,0,0,0
Beaver,ALIQUIPPA 5,State Senate,47,REP,Not Assigned,0,0,0,0
Beaver,ALIQUIPPA 5,State House,16,REP,Michael J Perich,15,12,0,3
Beaver,ALIQUIPPA 5,State House,16,REP,Write-In Totals,0,0,0,0
Beaver,ALIQUIPPA 5,State House,16,REP,Not Assigned,0,0,0,0
Beaver,ALIQUIPPA 5,DELEGATE TO THE REPUBLICAN NATIONAL CONVENTION,17,REP,Mike Mcmullen,7,7,0,0
Beaver,ALIQUIPPA 5,DELEGATE TO THE REPUBLICAN NATIONAL CONVENTION,17,REP,John Fredericks,7,5,0,2
Beaver,ALIQUIPPA 5,DELEGATE TO THE REPUBLICAN NATIONAL CONVENTION,17,REP,Jack Casey,6,6,0,0
Beaver,ALIQUIPPA 5,DELEGATE TO THE REPUBLICAN NATIONAL CONVENTION,17,REP,Vincent E Fusca,5,4,0,1
Beaver,ALIQUIPPA 5,DELEGATE TO THE REPUBLICAN NATIONAL CONVENTION,17,REP,Abby Kail,4,4,0,0
Beaver,ALIQUIPPA 5,DELEGATE TO THE REPUBLICAN NATIONAL CONVENTION,17,REP,Toni Shuppe,3,2,0,1
Beaver,ALIQUIPPA 5,DELEGATE TO THE REPUBLICAN NATIONAL CONVENTION,17,REP,Veronica S Steinkirchner,3,3,0,0
Beaver,ALIQUIPPA 5,DELEGATE TO THE REPUBLICAN NATIONAL CONVENTION,17,REP,Bob Howard,2,1,0,1
Beaver,ALIQUIPPA 5,DELEGATE TO THE REPUBLICAN NATIONAL CONVENTION,17,REP,Write-In Totals,0,0,0,0
Beaver,ALIQUIPPA 5,DELEGATE TO THE REPUBLICAN NATIONAL CONVENTION,17,REP,Not Assigned,0,0,0,0
Beaver,ALIQUIPPA 5,ALTERNATE DELEGATE TO THE REPUBLICAN NATIONAL CONVENTION,17,REP,Mike Mcmullen,7,6,0,1
Beaver,ALIQUIPPA 5,ALTERNATE DELEGATE TO THE REPUBLICAN NATIONAL CONVENTION,17,REP,M J Costello,7,5,0,2
Beaver,ALIQUIPPA 5,ALTERNATE DELEGATE TO THE REPUBLICAN NATIONAL CONVENTION,17,REP,Christine Mattarochia,6,4,0,2
Beaver,ALIQUIPPA 5,ALTERNATE DELEGATE TO THE REPUBLICAN NATIONAL CONVENTION,17,REP,Bob Hamilton,5,4,0,1
Beaver,ALIQUIPPA 5,ALTERNATE DELEGATE TO THE REPUBLICAN NATIONAL CONVENTION,17,REP,Write-In Totals,0,0,0,0
Beaver,ALIQUIPPA 5,ALTERNATE DELEGATE TO THE REPUBLICAN NATIONAL CONVENTION,17,REP,Not Assigned,0,0,0,0
Beaver,ALIQUIPPA 6,President,,DEM,Joseph R Biden Jr,133,74,1,58
Beaver,ALIQUIPPA 6,President,,DEM,Dean Phillips,3,3,0,0
Beaver,ALIQUIPPA 6,President,,DEM,Write-In Totals,5,4,0,1
Beaver,ALIQUIPPA 6,President,,DEM,Not Assigned,5,4,0,1
Beaver,ALIQUIPPA 6,U.S. Senate,,DEM,Robert P Casey Jr,105,55,1,49
Beaver,ALIQUIPPA 6,U.S. Senate,,DEM,William Parker,31,21,0,10
Beaver,ALIQUIPPA 6,U.S. Senate,,DEM,Write-In Totals,2,2,0,0
Beaver,ALIQUIPPA 6,U.S. Senate,,DEM,Not Assigned,2,2,0,0
Beaver,ALIQUIPPA 6,U.S. House,17,DEM,Chris Deluzio,138,76,1,61
Beaver,ALIQUIPPA 6,U.S. House,17,DEM,Write-In Totals,1,1,0,0
Beaver,ALIQUIPPA 6,U.S. House,17,DEM,Not Assigned,1,1,0,0
Beaver,ALIQUIPPA 6,State Senate,47,DEM,Write-In: Elder Vogel Jr.,17,8,0,9
Beaver,ALIQUIPPA 6,State Senate,47,DEM,Write-In: Scattered,15,8,0,7
Beaver,ALIQUIPPA 6,State Senate,47,DEM,Write-In: Kate Lennen,10,8,0,2
Beaver,ALIQUIPPA 6,State Senate,47,DEM,Write-In Totals,42,24,0,18
Beaver,ALIQUIPPA 6,State Senate,47,DEM,Not Assigned,0,0,0,0
Beaver,ALIQUIPPA 6,State House,16,DEM,Robert F Matzie,141,80,1,60
Beaver,ALIQUIPPA 6,State House,16,DEM,Write-In Totals,1,1,0,0
Beaver,ALIQUIPPA 6,State House,16,DEM,Not Assigned,1,1,0,0
Beaver,ALIQUIPPA 6,DELEGATE TO THE DEMOCRATIC NATIONAL CONVENTION,17,DEM,Dwan B Walker,122,70,1,51
Beaver,ALIQUIPPA 6,DELEGATE TO THE DEMOCRATIC NATIONAL CONVENTION,17,DEM,Mary Jane Jones-Gilliam,94,50,0,44
Beaver,ALIQUIPPA 6,DELEGATE TO THE DEMOCRATIC NATIONAL CONVENTION,17,DEM,Nancy Werme,91,44,0,47
Beaver,ALIQUIPPA 6,DELEGATE TO THE DEMOCRATIC NATIONAL CONVENTION,17,DEM,Kaylee Werner,88,44,0,44
Beaver,ALIQUIPPA 6,DELEGATE TO THE DEMOCRATIC NATIONAL CONVENTION,17,DEM,Arvind Venkat,83,39,0,44
Beaver,ALIQUIPPA 6,DELEGATE TO THE DEMOCRATIC NATIONAL CONVENTION,17,DEM,Lisa M Baldis,79,37,0,42
Beaver,ALIQUIPPA 6,DELEGATE TO THE DEMOCRATIC NATIONAL CONVENTION,17,DEM,Kevin Kinross,78,39,0,39
Beaver,ALIQUIPPA 6,DELEGATE TO THE DEMOCRATIC NATIONAL CONVENTION,17,DEM,Write-In Totals,1,1,0,0
Beaver,ALIQUIPPA 6,DELEGATE TO THE DEMOCRATIC NATIONAL CONVENTION,17,DEM,Not Assigned,1,1,0,0
Beaver,ALIQUIPPA 6,President,,REP,Donald J Trump,48,30,0,18
Beaver,ALIQUIPPA 6,President,,REP,Nikki R Haley,8,5,0,3
Beaver,ALIQUIPPA 6,President,,REP,Write-In Totals,1,1,0,0
Beaver,ALIQUIPPA 6,President,,REP,Not Assigned,1,1,0,0
Beaver,ALIQUIPPA 6,U.S. Senate,,REP,Dave Mccormick,46,29,0,17
Beaver,ALIQUIPPA 6,U.S. Senate,,REP,Joseph J Vodvarka,9,6,0,3
Beaver,ALIQUIPPA 6,U.S. Senate,,REP,Write-In Totals,0,0,0,0
Beaver,ALIQUIPPA 6,U.S. Senate,,REP,Not Assigned,0,0,0,0
Beaver,ALIQUIPPA 6,U.S. House,17,REP,Rob Mercuri,53,34,0,19
Beaver,ALIQUIPPA 6,U.S. House,17,REP,Write-In Totals,0,0,0,0
Beaver,ALIQUIPPA 6,U.S. House,17,REP,Not Assigned,0,0,0,0
Beaver,ALIQUIPPA 6,State Senate,47,REP,Elder Vogel Jr,55,34,0,21
Beaver,ALIQUIPPA 6,State Senate,47,REP,Write-In Totals,0,0,0,0
Beaver,ALIQUIPPA 6,State Senate,47,REP,Not Assigned,0,0,0,0
Beaver,ALIQUIPPA 6,State House,16,REP,Michael J Perich,51,31,0,20
Beaver,ALIQUIPPA 6,State House,16,REP,Write-In Totals,0,0,0,0
Beaver,ALIQUIPPA 6,State House,16,REP,Not Assigned,0,0,0,0
Beaver,ALIQUIPPA 6,DELEGATE TO THE REPUBLICAN NATIONAL CONVENTION,17,REP,Mike Mcmullen,26,18,0,8
Beaver,ALIQUIPPA 6,DELEGATE TO THE REPUBLICAN NATIONAL CONVENTION,17,REP,Abby Kail,23,12,0,11
Beaver,ALIQUIPPA 6,DELEGATE TO THE REPUBLICAN NATIONAL CONVENTION,17,REP,John Fredericks,23,13,0,10
Beaver,ALIQUIPPA 6,DELEGATE TO THE REPUBLICAN NATIONAL CONVENTION,17,REP,Jack Casey,17,10,0,7
Beaver,ALIQUIPPA 6,DELEGATE TO THE REPUBLICAN NATIONAL CONVENTION,17,REP,Toni Shuppe,14,10,0,4
Beaver,ALIQUIPPA 6,DELEGATE TO THE REPUBLICAN NATIONAL CONVENTION,17,REP,Veronica S Steinkirchner,13,6,0,7
Beaver,ALIQUIPPA 6,DELEGATE TO THE REPUBLICAN NATIONAL CONVENTION,17,REP,Bob Howard,9,4,0,5
Beaver,ALIQUIPPA 6,DELEGATE TO THE REPUBLICAN NATIONAL CONVENTION,17,REP,Vincent E Fusca,7,5,0,2
Beaver,ALIQUIPPA 6,DELEGATE TO THE REPUBLICAN NATIONAL CONVENTION,17,REP,Write-In Totals,0,0,0,0
Beaver,ALIQUIPPA 6,DELEGATE TO THE REPUBLICAN NATIONAL CONVENTION,17,REP,Not Assigned,0,0,0,0
Beaver,ALIQUIPPA 6,ALTERNATE DELEGATE TO THE REPUBLICAN NATIONAL CONVENTION,17,REP,Christine Mattarochia,31,19,0,12
Beaver,ALIQUIPPA 6,ALTERNATE DELEGATE TO THE REPUBLICAN NATIONAL CONVENTION,17,REP,Bob Hamilton,29,14,0,15
Beaver,ALIQUIPPA 6,ALTERNATE DELEGATE TO THE REPUBLICAN NATIONAL CONVENTION,17,REP,M J Costello,23,12,0,11
Beaver,ALIQUIPPA 6,ALTERNATE DELEGATE TO THE REPUBLICAN NATIONAL CONVENTION,17,REP,Mike Mcmullen,21,14,0,7
Beaver,ALIQUIPPA 6,ALTERNATE DELEGATE TO THE REPUBLICAN NATIONAL CONVENTION,17,REP,Write-In Totals,0,0,0,0
Beaver,ALIQUIPPA 6,ALTERNATE DELEGATE TO THE REPUBLICAN NATIONAL CONVENTION,17,REP,Not Assigned,0,0,0,0
Beaver,ALIQUIPPA 7,President,,DEM,Joseph R Biden Jr,192,94,0,98
Beaver,ALIQUIPPA 7,President,,DEM,Dean Phillips,21,12,0,9
Beaver,ALIQUIPPA 7,President,,DEM,Write-In Totals,15,9,0,6
Beaver,ALIQUIPPA 7,President,,DEM,Not Assigned,15,9,0,6
Beaver,ALIQUIPPA 7,U.S. Senate,,DEM,Robert P Casey Jr,170,83,0,87
Beaver,ALIQUIPPA 7,U.S. Senate,,DEM,William Parker,55,35,0,20
Beaver,ALIQUIPPA 7,U.S. Senate,,DEM,Write-In Totals,7,2,0,5
Beaver,ALIQUIPPA 7,U.S. Senate,,DEM,Not Assigned,7,2,0,5
Beaver,ALIQUIPPA 7,U.S. House,17,DEM,Chris Deluzio,219,110,0,109
Beaver,ALIQUIPPA 7,U.S. House,17,DEM,Write-In Totals,2,0,0,2
Beaver,ALIQUIPPA 7,U.S. House,17,DEM,Not Assigned,2,0,0,2
Beaver,ALIQUIPPA 7,State Senate,47,DEM,Write-In: Kate Lennen,23,10,0,13
Beaver,ALIQUIPPA 7,State Senate,47,DEM,Write-In: Scattered,19,11,0,8
Beaver,ALIQUIPPA 7,State Senate,47,DEM,Write-In: Elder Vogel Jr.,16,11,0,5
Beaver,ALIQUIPPA 7,State Senate,47,DEM,Write-In Totals,58,32,0,26
Beaver,ALIQUIPPA 7,State Senate,47,DEM,Not Assigned,0,0,0,0
Beaver,ALIQUIPPA 7,State House,16,DEM,Robert F Matzie,218,109,0,109
Beaver,ALIQUIPPA 7,State House,16,DEM,Write-In Totals,6,2,0,4
Beaver,ALIQUIPPA 7,State House,16,DEM,Not Assigned,6,2,0,4
Beaver,ALIQUIPPA 7,DELEGATE TO THE DEMOCRATIC NATIONAL CONVENTION,17,DEM,Nancy Werme,177,80,0,97
Beaver,ALIQUIPPA 7,DELEGATE TO THE DEMOCRATIC NATIONAL CONVENTION,17,DEM,Dwan B Walker,172,79,0,93
Beaver,ALIQUIPPA 7,DELEGATE TO THE DEMOCRATIC NATIONAL CONVENTION,17,DEM,Kaylee Werner,153,66,0,87
Beaver,ALIQUIPPA 7,DELEGATE TO THE DEMOCRATIC NATIONAL CONVENTION,17,DEM,Mary Jane Jones-Gilliam,148,67,0,81
Beaver,ALIQUIPPA 7,DELEGATE TO THE DEMOCRATIC NATIONAL CONVENTION,17,DEM,Kevin Kinross,146,58,0,88
Beaver,ALIQUIPPA 7,DELEGATE TO THE DEMOCRATIC NATIONAL CONVENTION,17,DEM,Lisa M Baldis,138,55,0,83
Beaver,ALIQUIPPA 7,DELEGATE TO THE DEMOCRATIC NATIONAL CONVENTION,17,DEM,Arvind Venkat,137,57,0,80
Beaver,ALIQUIPPA 7,DELEGATE TO THE DEMOCRATIC NATIONAL CONVENTION,17,DEM,Write-In Totals,21,13,0,8
Beaver,ALIQUIPPA 7,DELEGATE TO THE DEMOCRATIC NATIONAL CONVENTION,17,DEM,Not Assigned,21,13,0,8
Beaver,ALIQUIPPA 7,President,,REP,Donald J Trump,77,66,0,11
Beaver,ALIQUIPPA 7,President,,REP,Nikki R Haley,4,4,0,0
Beaver,ALIQUIPPA 7,President,,REP,Write-In Totals,1,1,0,0
Beaver,ALIQUIPPA 7,President,,REP,Not Assigned,1,1,0,0
Beaver,ALIQUIPPA 7,U.S. Senate,,REP,Dave Mccormick,67,58,0,9
Beaver,ALIQUIPPA 7,U.S. Senate,,REP,Joseph J Vodvarka,10,8,0,2
Beaver,ALIQUIPPA 7,U.S. Senate,,REP,Write-In Totals,0,0,0,0
Beaver,ALIQUIPPA 7,U.S. Senate,,REP,Not Assigned,0,0,0,0
Beaver,ALIQUIPPA 7,U.S. House,17,REP,Rob Mercuri,67,56,0,11
Beaver,ALIQUIPPA 7,U.S. House,17,REP,Write-In Totals,0,0,0,0
Beaver,ALIQUIPPA 7,U.S. House,17,REP,Not Assigned,0,0,0,0
Beaver,ALIQUIPPA 7,State Senate,47,REP,Elder Vogel Jr,75,64,0,11
Beaver,ALIQUIPPA 7,State Senate,47,REP,Write-In Totals,0,0,0,0
Beaver,ALIQUIPPA 7,State Senate,47,REP,Not Assigned,0,0,0,0
Beaver,ALIQUIPPA 7,State House,16,REP,Michael J Perich,71,61,0,10
Beaver,ALIQUIPPA 7,State House,16,REP,Write-In Totals,0,0,0,0
Beaver,ALIQUIPPA 7,State House,16,REP,Not Assigned,0,0,0,0
Beaver,ALIQUIPPA 7,DELEGATE TO THE REPUBLICAN NATIONAL CONVENTION,17,REP,Mike Mcmullen,38,33,0,5
Beaver,ALIQUIPPA 7,DELEGATE TO THE REPUBLICAN NATIONAL CONVENTION,17,REP,Jack Casey,33,27,0,6
Beaver,ALIQUIPPA 7,DELEGATE TO THE REPUBLICAN NATIONAL CONVENTION,17,REP,Abby Kail,31,27,0,4
Beaver,ALIQUIPPA 7,DELEGATE TO THE REPUBLICAN NATIONAL CONVENTION,17,REP,John Fredericks,27,21,0,6
Beaver,ALIQUIPPA 7,DELEGATE TO THE REPUBLICAN NATIONAL CONVENTION,17,REP,Toni Shuppe,24,18,0,6
Beaver,ALIQUIPPA 7,DELEGATE TO THE REPUBLICAN NATIONAL CONVENTION,17,REP,Bob Howard,22,20,0,2
Beaver,ALIQUIPPA 7,DELEGATE TO THE REPUBLICAN NATIONAL CONVENTION,17,REP,Veronica S Steinkirchner,19,18,0,1
Beaver,ALIQUIPPA 7,DELEGATE TO THE REPUBLICAN NATIONAL CONVENTION,17,REP,Vincent E Fusca,13,12,0,1
Beaver,ALIQUIPPA 7,DELEGATE TO THE REPUBLICAN NATIONAL CONVENTION,17,REP,Write-In Totals,0,0,0,0
Beaver,ALIQUIPPA 7,DELEGATE TO THE REPUBLICAN NATIONAL CONVENTION,17,REP,Not Assigned,0,0,0,0
Beaver,ALIQUIPPA 7,ALTERNATE DELEGATE TO THE REPUBLICAN NATIONAL CONVENTION,17,REP,Mike Mcmullen,48,40,0,8
Beaver,ALIQUIPPA 7,ALTERNATE DELEGATE TO THE REPUBLICAN NATIONAL CONVENTION,17,REP,Christine Mattarochia,45,38,0,7
Beaver,ALIQUIPPA 7,ALTERNATE DELEGATE TO THE REPUBLICAN NATIONAL CONVENTION,17,REP,M J Costello,42,33,0,9
Beaver,ALIQUIPPA 7,ALTERNATE DELEGATE TO THE REPUBLICAN NATIONAL CONVENTION,17,REP,Bob Hamilton,38,31,0,7
Beaver,ALIQUIPPA 7,ALTERNATE DELEGATE TO THE REPUBLICAN NATIONAL CONVENTION,17,REP,Write-In Totals,0,0,0,0
Beaver,ALIQUIPPA 7,ALTERNATE DELEGATE TO THE REPUBLICAN NATIONAL CONVENTION,17,REP,Not Assigned,0,0,0,0
Beaver,ALIQUIPPA 8,President,,DEM,Joseph R Biden Jr,113,60,0,53
Beaver,ALIQUIPPA 8,President,,DEM,Dean Phillips,10,9,0,1
Beaver,ALIQUIPPA 8,President,,DEM,Write-In Totals,7,6,0,1
Beaver,ALIQUIPPA 8,President,,DEM,Not Assigned,7,6,0,1
Beaver,ALIQUIPPA 8,U.S. Senate,,DEM,Robert P Casey Jr,94,49,0,45
Beaver,ALIQUIPPA 8,U.S. Senate,,DEM,William Parker,33,25,0,8
Beaver,ALIQUIPPA 8,U.S. Senate,,DEM,Write-In Totals,2,1,0,1
Beaver,ALIQUIPPA 8,U.S. Senate,,DEM,Not Assigned,2,1,0,1
Beaver,ALIQUIPPA 8,U.S. House,17,DEM,Chris Deluzio,131,76,0,55
Beaver,ALIQUIPPA 8,U.S. House,17,DEM,Write-In Totals,0,0,0,0
Beaver,ALIQUIPPA 8,U.S. House,17,DEM,Not Assigned,0,0,0,0
Beaver,ALIQUIPPA 8,State Senate,47,DEM,Write-In: Scattered,11,4,0,7
Beaver,ALIQUIPPA 8,State Senate,47,DEM,Write-In: Elder Vogel Jr.,6,2,0,4
Beaver,ALIQUIPPA 8,State Senate,47,DEM,Write-In: Kate Lennen,3,3,0,0
Beaver,ALIQUIPPA 8,State Senate,47,DEM,Write-In Totals,20,9,0,11
Beaver,ALIQUIPPA 8,State Senate,47,DEM,Not Assigned,0,0,0,0
Beaver,ALIQUIPPA 8,State House,16,DEM,Robert F Matzie,126,73,0,53
Beaver,ALIQUIPPA 8,State House,16,DEM,Write-In Totals,2,1,0,1
Beaver,ALIQUIPPA 8,State House,16,DEM,Not Assigned,2,1,0,1
Beaver,ALIQUIPPA 8,DELEGATE TO THE DEMOCRATIC NATIONAL CONVENTION,17,DEM,Nancy Werme,99,54,0,45
Beaver,ALIQUIPPA 8,DELEGATE TO THE DEMOCRATIC NATIONAL CONVENTION,17,DEM,Dwan B Walker,97,54,0,43
Beaver,ALIQUIPPA 8,DELEGATE TO THE DEMOCRATIC NATIONAL CONVENTION,17,DEM,Kaylee Werner,95,54,0,41
Beaver,ALIQUIPPA 8,DELEGATE TO THE DEMOCRATIC NATIONAL CONVENTION,17,DEM,Lisa M Baldis,90,51,0,39
Beaver,ALIQUIPPA 8,DELEGATE TO THE DEMOCRATIC NATIONAL CONVENTION,17,DEM,Mary Jane Jones-Gilliam,85,48,0,37
Beaver,ALIQUIPPA 8,DELEGATE TO THE DEMOCRATIC NATIONAL CONVENTION,17,DEM,Kevin Kinross,85,47,0,38
Beaver,ALIQUIPPA 8,DELEGATE TO THE DEMOCRATIC NATIONAL CONVENTION,17,DEM,Arvind Venkat,84,49,0,35
Beaver,ALIQUIPPA 8,DELEGATE TO THE DEMOCRATIC NATIONAL CONVENTION,17,DEM,Write-In Totals,2,1,0,1
Beaver,ALIQUIPPA 8,DELEGATE TO THE DEMOCRATIC NATIONAL CONVENTION,17,DEM,Not Assigned,2,1,0,1
Beaver,ALIQUIPPA 8,President,,REP,Donald J Trump,53,47,1,5
Beaver,ALIQUIPPA 8,President,,REP,Nikki R Haley,6,6,0,0
Beaver,ALIQUIPPA 8,President,,REP,Write-In Totals,0,0,0,0
Beaver,ALIQUIPPA 8,President,,REP,Not Assigned,0,0,0,0
Beaver,ALIQUIPPA 8,U.S. Senate,,REP,Dave Mccormick,47,41,1,5
Beaver,ALIQUIPPA 8,U.S. Senate,,REP,Joseph J Vodvarka,6,6,0,0
Beaver,ALIQUIPPA 8,U.S. Senate,,REP,Write-In Totals,2,2,0,0
Beaver,ALIQUIPPA 8,U.S. Senate,,REP,Not Assigned,2,2,0,0
Beaver,ALIQUIPPA 8,U.S. House,17,REP,Rob Mercuri,52,46,1,5
Beaver,ALIQUIPPA 8,U.S. House,17,REP,Write-In Totals,0,0,0,0
Beaver,ALIQUIPPA 8,U.S. House,17,REP,Not Assigned,0,0,0,0
Beaver,ALIQUIPPA 8,State Senate,47,REP,Elder Vogel Jr,53,47,1,5
Beaver,ALIQUIPPA 8,State Senate,47,REP,Write-In Totals,0,0,0,0
Beaver,ALIQUIPPA 8,State Senate,47,REP,Not Assigned,0,0,0,0
Beaver,ALIQUIPPA 8,State House,16,REP,Michael J Perich,50,44,1,5
Beaver,ALIQUIPPA 8,State House,16,REP,Write-In Totals,0,0,0,0
Beaver,ALIQUIPPA 8,State House,16,REP,Not Assigned,0,0,0,0
Beaver,ALIQUIPPA 8,DELEGATE TO THE REPUBLICAN NATIONAL CONVENTION,17,REP,Mike Mcmullen,26,23,1,2
Beaver,ALIQUIPPA 8,DELEGATE TO THE REPUBLICAN NATIONAL CONVENTION,17,REP,Abby Kail,23,22,0,1
Beaver,ALIQUIPPA 8,DELEGATE TO THE REPUBLICAN NATIONAL CONVENTION,17,REP,Jack Casey,18,18,0,0
Beaver,ALIQUIPPA 8,DELEGATE TO THE REPUBLICAN NATIONAL CONVENTION,17,REP,Veronica S Steinkirchner,16,15,0,1
Beaver,ALIQUIPPA 8,DELEGATE TO THE REPUBLICAN NATIONAL CONVENTION,17,REP,John Fredericks,16,13,0,3
Beaver,ALIQUIPPA 8,DELEGATE TO THE REPUBLICAN NATIONAL CONVENTION,17,REP,Bob Howard,14,13,0,1
Beaver,ALIQUIPPA 8,DELEGATE TO THE REPUBLICAN NATIONAL CONVENTION,17,REP,Vincent E Fusca,12,10,0,2
Beaver,ALIQUIPPA 8,DELEGATE TO THE REPUBLICAN NATIONAL CONVENTION,17,REP,Toni Shuppe,6,5,0,1
Beaver,ALIQUIPPA 8,DELEGATE TO THE REPUBLICAN NATIONAL CONVENTION,17,REP,Write-In Totals,1,1,0,0
Beaver,ALIQUIPPA 8,DELEGATE TO THE REPUBLICAN NATIONAL CONVENTION,17,REP,Not Assigned,1,1,0,0
Beaver,ALIQUIPPA 8,ALTERNATE DELEGATE TO THE REPUBLICAN NATIONAL CONVENTION,17,REP,Mike Mcmullen,33,30,0,3
Beaver,ALIQUIPPA 8,ALTERNATE DELEGATE TO THE REPUBLICAN NATIONAL CONVENTION,17,REP,Christine Mattarochia,26,23,1,2
Beaver,ALIQUIPPA 8,ALTERNATE DELEGATE TO THE REPUBLICAN NATIONAL CONVENTION,17,REP,M J Costello,25,22,0,3
Beaver,ALIQUIPPA 8,ALTERNATE DELEGATE TO THE REPUBLICAN NATIONAL CONVENTION,17,REP,Bob Hamilton,24,22,0,2
Beaver,ALIQUIPPA 8,ALTERNATE DELEGATE TO THE REPUBLICAN NATIONAL CONVENTION,17,REP,Write-In Totals,0,0,0,0
Beaver,ALIQUIPPA 8,ALTERNATE DELEGATE TO THE REPUBLICAN NATIONAL CONVENTION,17,REP,Not Assigned,0,0,0,0
Beaver,ALIQUIPPA 9,President,,DEM,Joseph R Biden Jr,47,34,0,13
Beaver,ALIQUIPPA 9,President,,DEM,Dean Phillips,3,2,0,1
Beaver,ALIQUIPPA 9,President,,DEM,Write-In Totals,0,0,0,0
Beaver,ALIQUIPPA 9,President,,DEM,Not Assigned,0,0,0,0
Beaver,ALIQUIPPA 9,U.S. Senate,,DEM,Robert P Casey Jr,34,24,0,10
Beaver,ALIQUIPPA 9,U.S. Senate,,DEM,William Parker,13,9,0,4
Beaver,ALIQUIPPA 9,U.S. Senate,,DEM,Write-In Totals,2,2,0,0
Beaver,ALIQUIPPA 9,U.S. Senate,,DEM,Not Assigned,2,2,0,0
Beaver,ALIQUIPPA 9,U.S. House,17,DEM,Chris Deluzio,50,36,0,14
Beaver,ALIQUIPPA 9,U.S. House,17,DEM,Write-In Totals,0,0,0,0
Beaver,ALIQUIPPA 9,U.S. House,17,DEM,Not Assigned,0,0,0,0
Beaver,ALIQUIPPA 9,State Senate,47,DEM,Write-In: Scattered,8,4,0,4
Beaver,ALIQUIPPA 9,State Senate,47,DEM,Write-In: Elder Vogel Jr.,5,3,0,2
Beaver,ALIQUIPPA 9,State Senate,47,DEM,Write-In: Kate Lennen,2,1,0,1
Beaver,ALIQUIPPA 9,State Senate,47,DEM,Write-In Totals,15,8,0,7
Beaver,ALIQUIPPA 9,State Senate,47,DEM,Not Assigned,0,0,0,0
Beaver,ALIQUIPPA 9,State House,16,DEM,Robert F Matzie,51,37,0,14
Beaver,ALIQUIPPA 9,State House,16,DEM,Write-In Totals,0,0,0,0
Beaver,ALIQUIPPA 9,State House,16,DEM,Not Assigned,0,0,0,0
Beaver,ALIQUIPPA 9,DELEGATE TO THE DEMOCRATIC NATIONAL CONVENTION,17,DEM,Dwan B Walker,45,34,0,11
Beaver,ALIQUIPPA 9,DELEGATE TO THE DEMOCRATIC NATIONAL CONVENTION,17,DEM,Mary Jane Jones-Gilliam,38,27,0,11
Beaver,ALIQUIPPA 9,DELEGATE TO THE DEMOCRATIC NATIONAL CONVENTION,17,DEM,Arvind Venkat,37,25,0,12
Beaver,ALIQUIPPA 9,DELEGATE TO THE DEMOCRATIC NATIONAL CONVENTION,17,DEM,Nancy Werme,36,25,0,11
Beaver,ALIQUIPPA 9,DELEGATE TO THE DEMOCRATIC NATIONAL CONVENTION,17,DEM,Kaylee Werner,35,24,0,11
Beaver,ALIQUIPPA 9,DELEGATE TO THE DEMOCRATIC NATIONAL CONVENTION,17,DEM,Lisa M Baldis,34,23,0,11
Beaver,ALIQUIPPA 9,DELEGATE TO THE DEMOCRATIC NATIONAL CONVENTION,17,DEM,Kevin Kinross,32,22,0,10
Beaver,ALIQUIPPA 9,DELEGATE TO THE DEMOCRATIC NATIONAL CONVENTION,17,DEM,Write-In Totals,0,0,0,0
Beaver,ALIQUIPPA 9,DELEGATE TO THE DEMOCRATIC NATIONAL CONVENTION,17,DEM,Not Assigned,0,0,0,0
Beaver,ALIQUIPPA 9,President,,REP,Nikki R Haley,1,0,0,1
Beaver,ALIQUIPPA 9,President,,REP,Donald J Trump,1,1,0,0
Beaver,ALIQUIPPA 9,President,,REP,Write-In Totals,0,0,0,0
Beaver,ALIQUIPPA 9,President,,REP,Not Assigned,0,0,0,0
Beaver,ALIQUIPPA 9,U.S. Senate,,REP,Dave Mccormick,2,1,0,1
Beaver,ALIQUIPPA 9,U.S. Senate,,REP,Joseph J Vodvarka,0,0,0,0
Beaver,ALIQUIPPA 9,U.S. Senate,,REP,Write-In Totals,0,0,0,0
Beaver,ALIQUIPPA 9,U.S. Senate,,REP,Not Assigned,0,0,0,0
Beaver,ALIQUIPPA 9,U.S. House,17,REP,Rob Mercuri,1,0,0,1
Beaver,ALIQUIPPA 9,U.S. House,17,REP,Write-In Totals,0,0,0,0
Beaver,ALIQUIPPA 9,U.S. House,17,REP,Not Assigned,0,0,0,0
Beaver,ALIQUIPPA 9,State Senate,47,REP,Elder Vogel Jr,2,1,0,1
Beaver,ALIQUIPPA 9,State Senate,47,REP,Write-In Totals,0,0,0,0
Beaver,ALIQUIPPA 9,State Senate,47,REP,Not Assigned,0,0,0,0
Beaver,ALIQUIPPA 9,State House,16,REP,Michael J Perich,2,1,0,1
Beaver,ALIQUIPPA 9,State House,16,REP,Write-In Totals,0,0,0,0
Beaver,ALIQUIPPA 9,State House,16,REP,Not Assigned,0,0,0,0
Beaver,ALIQUIPPA 9,DELEGATE TO THE REPUBLICAN NATIONAL CONVENTION,17,REP,Mike Mcmullen,1,0,0,1
Beaver,ALIQUIPPA 9,DELEGATE TO THE REPUBLICAN NATIONAL CONVENTION,17,REP,Jack Casey,1,1,0,0
Beaver,ALIQUIPPA 9,DELEGATE TO THE REPUBLICAN NATIONAL CONVENTION,17,REP,Abby Kail,1,0,0,1
Beaver,ALIQUIPPA 9,DELEGATE TO THE REPUBLICAN NATIONAL CONVENTION,17,REP,Toni Shuppe,1,1,0,0
Beaver,ALIQUIPPA 9,DELEGATE TO THE REPUBLICAN NATIONAL CONVENTION,17,REP,Veronica S Steinkirchner,1,0,0,1
Beaver,ALIQUIPPA 9,DELEGATE TO THE REPUBLICAN NATIONAL CONVENTION,17,REP,Vincent E Fusca,1,1,0,0
Beaver,ALIQUIPPA 9,DELEGATE TO THE REPUBLICAN NATIONAL CONVENTION,17,REP,Bob Howard,0,0,0,0
Beaver,ALIQUIPPA 9,DELEGATE TO THE REPUBLICAN NATIONAL CONVENTION,17,REP,John Fredericks,0,0,0,0
Beaver,ALIQUIPPA 9,DELEGATE TO THE REPUBLICAN NATIONAL CONVENTION,17,REP,Write-In Totals,0,0,0,0
Beaver,ALIQUIPPA 9,DELEGATE TO THE REPUBLICAN NATIONAL CONVENTION,17,REP,Not Assigned,0,0,0,0
Beaver,ALIQUIPPA 9,ALTERNATE DELEGATE TO THE REPUBLICAN NATIONAL CONVENTION,17,REP,Mike Mcmullen,1,0,0,1
Beaver,ALIQUIPPA 9,ALTERNATE DELEGATE TO THE REPUBLICAN NATIONAL CONVENTION,17,REP,Christine Mattarochia,0,0,0,0
Beaver,ALIQUIPPA 9,ALTERNATE DELEGATE TO THE REPUBLICAN NATIONAL CONVENTION,17,REP,Bob Hamilton,0,0,0,0
Beaver,ALIQUIPPA 9,ALTERNATE DELEGATE TO THE REPUBLICAN NATIONAL CONVENTION,17,REP,M J Costello,0,0,0,0
Beaver,ALIQUIPPA 9,ALTERNATE DELEGATE TO THE REPUBLICAN NATIONAL CONVENTION,17,REP,Write-In Totals,0,0,0,0
Beaver,ALIQUIPPA 9,ALTERNATE DELEGATE TO THE REPUBLICAN NATIONAL CONVENTION,17,REP,Not Assigned,0,0,0,0
Beaver,AMBRIDGE BORO 1,President,,DEM,Joseph R Biden Jr,75,43,1,31
Beaver,AMBRIDGE BORO 1,President,,DEM,Dean Phillips,8,5,0,3
Beaver,AMBRIDGE BORO 1,President,,DEM,Write-In Totals,7,4,0,3
Beaver,AMBRIDGE BORO 1,President,,DEM,Not Assigned,7,4,0,3
Beaver,AMBRIDGE BORO 1,U.S. Senate,,DEM,Robert P Casey Jr,73,41,1,31
Beaver,AMBRIDGE BORO 1,U.S. Senate,,DEM,William Parker,16,10,0,6
Beaver,AMBRIDGE BORO 1,U.S. Senate,,DEM,Write-In Totals,2,2,0,0
Beaver,AMBRIDGE BORO 1,U.S. Senate,,DEM,Not Assigned,2,2,0,0
Beaver,AMBRIDGE BORO 1,U.S. House,17,DEM,Chris Deluzio,83,47,1,35
Beaver,AMBRIDGE BORO 1,U.S. House,17,DEM,Write-In Totals,2,1,0,1
Beaver,AMBRIDGE BORO 1,U.S. House,17,DEM,Not Assigned,2,1,0,1
Beaver,AMBRIDGE BORO 1,State Senate,47,DEM,Write-In: Kate Lennen,13,11,0,2
Beaver,AMBRIDGE BORO 1,State Senate,47,DEM,Write-In: Elder Vogel Jr.,8,4,0,4
Beaver,AMBRIDGE BORO 1,State Senate,47,DEM,Write-In: Scattered,7,5,0,2
Beaver,AMBRIDGE BORO 1,State Senate,47,DEM,Write-In Totals,28,20,0,8
Beaver,AMBRIDGE BORO 1,State Senate,47,DEM,Not Assigned,0,0,0,0
Beaver,AMBRIDGE BORO 1,State House,16,DEM,Robert F Matzie,88,50,1,37
Beaver,AMBRIDGE BORO 1,State House,16,DEM,Write-In Totals,2,1,0,1
Beaver,AMBRIDGE BORO 1,State House,16,DEM,Not Assigned,2,1,0,1
Beaver,AMBRIDGE BORO 1,DELEGATE TO THE DEMOCRATIC NATIONAL CONVENTION,17,DEM,Mary Jane Jones-Gilliam,72,43,1,28
Beaver,AMBRIDGE BORO 1,DELEGATE TO THE DEMOCRATIC NATIONAL CONVENTION,17,DEM,Nancy Werme,70,40,1,29
Beaver,AMBRIDGE BORO 1,DELEGATE TO THE DEMOCRATIC NATIONAL CONVENTION,17,DEM,Dwan B Walker,67,40,1,26
Beaver,AMBRIDGE BORO 1,DELEGATE TO THE DEMOCRATIC NATIONAL CONVENTION,17,DEM,Kaylee Werner,66,37,1,28
Beaver,AMBRIDGE BORO 1,DELEGATE TO THE DEMOCRATIC NATIONAL CONVENTION,17,DEM,Arvind Venkat,64,36,1,27
Beaver,AMBRIDGE BORO 1,DELEGATE TO THE DEMOCRATIC NATIONAL CONVENTION,17,DEM,Lisa M Baldis,63,39,1,23
Beaver,AMBRIDGE BORO 1,DELEGATE TO THE DEMOCRATIC NATIONAL CONVENTION,17,DEM,Kevin Kinross,60,37,1,22
Beaver,AMBRIDGE BORO 1,DELEGATE TO THE DEMOCRATIC NATIONAL CONVENTION,17,DEM,Write-In Totals,1,1,0,0
Beaver,AMBRIDGE BORO 1,DELEGATE TO THE DEMOCRATIC NATIONAL CONVENTION,17,DEM,Not Assigned,1,1,0,0
Beaver,AMBRIDGE BORO 1,President,,REP,Donald J Trump,29,27,0,2
Beaver,AMBRIDGE BORO 1,President,,REP,Nikki R Haley,3,2,0,1
Beaver,AMBRIDGE BORO 1,President,,REP,Write-In Totals,0,0,0,0
Beaver,AMBRIDGE BORO 1,President,,REP,Not Assigned,0,0,0,0
Beaver,AMBRIDGE BORO 1,U.S. Senate,,REP,Dave Mccormick,27,25,0,2
Beaver,AMBRIDGE BORO 1,U.S. Senate,,REP,Joseph J Vodvarka,5,4,0,1
Beaver,AMBRIDGE BORO 1,U.S. Senate,,REP,Write-In Totals,0,0,0,0
Beaver,AMBRIDGE BORO 1,U.S. Senate,,REP,Not Assigned,0,0,0,0
Beaver,AMBRIDGE BORO 1,U.S. House,17,REP,Rob Mercuri,31,28,0,3
Beaver,AMBRIDGE BORO 1,U.S. House,17,REP,Write-In Totals,1,1,0,0
Beaver,AMBRIDGE BORO 1,U.S. House,17,REP,Not Assigned,1,1,0,0
Beaver,AMBRIDGE BORO 1,State Senate,47,REP,Elder Vogel Jr,32,29,0,3
Beaver,AMBRIDGE BORO 1,State Senate,47,REP,Write-In Totals,0,0,0,0
Beaver,AMBRIDGE BORO 1,State Senate,47,REP,Not Assigned,0,0,0,0
Beaver,AMBRIDGE BORO 1,State House,16,REP,Michael J Perich,29,26,0,3
Beaver,AMBRIDGE BORO 1,State House,16,REP,Write-In Totals,2,2,0,0
Beaver,AMBRIDGE BORO 1,State House,16,REP,Not Assigned,2,2,0,0
Beaver,AMBRIDGE BORO 1,DELEGATE TO THE REPUBLICAN NATIONAL CONVENTION,17,REP,John Fredericks,18,17,0,1
Beaver,AMBRIDGE BORO 1,DELEGATE TO THE REPUBLICAN NATIONAL CONVENTION,17,REP,Abby Kail,13,10,0,3
Beaver,AMBRIDGE BORO 1,DELEGATE TO THE REPUBLICAN NATIONAL CONVENTION,17,REP,Mike Mcmullen,12,11,0,1
Beaver,AMBRIDGE BORO 1,DELEGATE TO THE REPUBLICAN NATIONAL CONVENTION,17,REP,Toni Shuppe,11,11,0,0
Beaver,AMBRIDGE BORO 1,DELEGATE TO THE REPUBLICAN NATIONAL CONVENTION,17,REP,Veronica S Steinkirchner,10,8,0,2
Beaver,AMBRIDGE BORO 1,DELEGATE TO THE REPUBLICAN NATIONAL CONVENTION,17,REP,Vincent E Fusca,8,7,0,1
Beaver,AMBRIDGE BORO 1,DELEGATE TO THE REPUBLICAN NATIONAL CONVENTION,17,REP,Bob Howard,7,7,0,0
Beaver,AMBRIDGE BORO 1,DELEGATE TO THE REPUBLICAN NATIONAL CONVENTION,17,REP,Jack Casey,3,3,0,0
Beaver,AMBRIDGE BORO 1,DELEGATE TO THE REPUBLICAN NATIONAL CONVENTION,17,REP,Write-In Totals,0,0,0,0
Beaver,AMBRIDGE BORO 1,DELEGATE TO THE REPUBLICAN NATIONAL CONVENTION,17,REP,Not Assigned,0,0,0,0
Beaver,AMBRIDGE BORO 1,ALTERNATE DELEGATE TO THE REPUBLICAN NATIONAL CONVENTION,17,REP,Christine Mattarochia,21,19,0,2
Beaver,AMBRIDGE BORO 1,ALTERNATE DELEGATE TO THE REPUBLICAN NATIONAL CONVENTION,17,REP,M J Costello,18,17,0,1
Beaver,AMBRIDGE BORO 1,ALTERNATE DELEGATE TO THE REPUBLICAN NATIONAL CONVENTION,17,REP,Mike Mcmullen,17,16,0,1
Beaver,AMBRIDGE BORO 1,ALTERNATE DELEGATE TO THE REPUBLICAN NATIONAL CONVENTION,17,REP,Bob Hamilton,15,14,0,1
Beaver,AMBRIDGE BORO 1,ALTERNATE DELEGATE TO THE REPUBLICAN NATIONAL CONVENTION,17,REP,Write-In Totals,0,0,0,0
Beaver,AMBRIDGE BORO 1,ALTERNATE DELEGATE TO THE REPUBLICAN NATIONAL CONVENTION,17,REP,Not Assigned,0,0,0,0
Beaver,AMBRIDGE BORO 2,President,,DEM,Joseph R Biden Jr,65,34,0,31
Beaver,AMBRIDGE BORO 2,President,,DEM,Dean Phillips,14,9,0,5
Beaver,AMBRIDGE BORO 2,President,,DEM,Write-In Totals,4,4,0,0
Beaver,AMBRIDGE BORO 2,President,,DEM,Not Assigned,4,4,0,0
Beaver,AMBRIDGE BORO 2,U.S. Senate,,DEM,Robert P Casey Jr,68,34,0,34
Beaver,AMBRIDGE BORO 2,U.S. Senate,,DEM,William Parker,16,13,0,3
Beaver,AMBRIDGE BORO 2,U.S. Senate,,DEM,Write-In Totals,0,0,0,0
Beaver,AMBRIDGE BORO 2,U.S. Senate,,DEM,Not Assigned,0,0,0,0
Beaver,AMBRIDGE BORO 2,U.S. House,17,DEM,Chris Deluzio,78,43,0,35
Beaver,AMBRIDGE BORO 2,U.S. House,17,DEM,Write-In Totals,1,1,0,0
Beaver,AMBRIDGE BORO 2,U.S. House,17,DEM,Not Assigned,1,1,0,0
Beaver,AMBRIDGE BORO 2,State Senate,47,DEM,Write-In: Kate Lennen,12,10,0,2
Beaver,AMBRIDGE BORO 2,State Senate,47,DEM,Write-In: Scattered,10,3,0,7
Beaver,AMBRIDGE BORO 2,State Senate,47,DEM,Write-In: Elder Vogel Jr.,4,0,0,4
Beaver,AMBRIDGE BORO 2,State Senate,47,DEM,Write-In Totals,26,13,0,13
Beaver,AMBRIDGE BORO 2,State Senate,47,DEM,Not Assigned,0,0,0,0
Beaver,AMBRIDGE BORO 2,State House,16,DEM,Robert F Matzie,83,46,0,37
Beaver,AMBRIDGE BORO 2,State House,16,DEM,Write-In Totals,1,1,0,0
Beaver,AMBRIDGE BORO 2,State House,16,DEM,Not Assigned,1,1,0,0
Beaver,AMBRIDGE BORO 2,DELEGATE TO THE DEMOCRATIC NATIONAL CONVENTION,17,DEM,Mary Jane Jones-Gilliam,68,37,0,31
Beaver,AMBRIDGE BORO 2,DELEGATE TO THE DEMOCRATIC NATIONAL CONVENTION,17,DEM,Kaylee Werner,60,30,0,30
Beaver,AMBRIDGE BORO 2,DELEGATE TO THE DEMOCRATIC NATIONAL CONVENTION,17,DEM,Dwan B Walker,60,33,0,27
Beaver,AMBRIDGE BORO 2,DELEGATE TO THE DEMOCRATIC NATIONAL CONVENTION,17,DEM,Nancy Werme,60,29,0,31
Beaver,AMBRIDGE BORO 2,DELEGATE TO THE DEMOCRATIC NATIONAL CONVENTION,17,DEM,Lisa M Baldis,58,29,0,29
Beaver,AMBRIDGE BORO 2,DELEGATE TO THE DEMOCRATIC NATIONAL CONVENTION,17,DEM,Kevin Kinross,56,28,0,28
Beaver,AMBRIDGE BORO 2,DELEGATE TO THE DEMOCRATIC NATIONAL CONVENTION,17,DEM,Arvind Venkat,55,29,0,26
Beaver,AMBRIDGE BORO 2,DELEGATE TO THE DEMOCRATIC NATIONAL CONVENTION,17,DEM,Write-In Totals,2,2,0,0
Beaver,AMBRIDGE BORO 2,DELEGATE TO THE DEMOCRATIC NATIONAL CONVENTION,17,DEM,Not Assigned,2,2,0,0
Beaver,AMBRIDGE BORO 2,President,,REP,Donald J Trump,22,18,0,4
Beaver,AMBRIDGE BORO 2,President,,REP,Nikki R Haley,1,1,0,0
Beaver,AMBRIDGE BORO 2,President,,REP,Write-In Totals,0,0,0,0
Beaver,AMBRIDGE BORO 2,President,,REP,Not Assigned,0,0,0,0
Beaver,AMBRIDGE BORO 2,U.S. Senate,,REP,Dave Mccormick,19,15,0,4
Beaver,AMBRIDGE BORO 2,U.S. Senate,,REP,Joseph J Vodvarka,4,4,0,0
Beaver,AMBRIDGE BORO 2,U.S. Senate,,REP,Write-In Totals,0,0,0,0
Beaver,AMBRIDGE BORO 2,U.S. Senate,,REP,Not Assigned,0,0,0,0
Beaver,AMBRIDGE BORO 2,U.S. House,17,REP,Rob Mercuri,21,18,0,3
Beaver,AMBRIDGE BORO 2,U.S. House,17,REP,Write-In Totals,0,0,0,0
Beaver,AMBRIDGE BORO 2,U.S. House,17,REP,Not Assigned,0,0,0,0
Beaver,AMBRIDGE BORO 2,State Senate,47,REP,Elder Vogel Jr,22,18,0,4
Beaver,AMBRIDGE BORO 2,State Senate,47,REP,Write-In Totals,0,0,0,0
Beaver,AMBRIDGE BORO 2,State Senate,47,REP,Not Assigned,0,0,0,0
Beaver,AMBRIDGE BORO 2,State House,16,REP,Michael J Perich,21,17,0,4
Beaver,AMBRIDGE BORO 2,State House,16,REP,Write-In Totals,0,0,0,0
Beaver,AMBRIDGE BORO 2,State House,16,REP,Not Assigned,0,0,0,0
Beaver,AMBRIDGE BORO 2,DELEGATE TO THE REPUBLICAN NATIONAL CONVENTION,17,REP,Mike Mcmullen,11,10,0,1
Beaver,AMBRIDGE BORO 2,DELEGATE TO THE REPUBLICAN NATIONAL CONVENTION,17,REP,Jack Casey,8,8,0,0
Beaver,AMBRIDGE BORO 2,DELEGATE TO THE REPUBLICAN NATIONAL CONVENTION,17,REP,Toni Shuppe,8,5,0,3
Beaver,AMBRIDGE BORO 2,DELEGATE TO THE REPUBLICAN NATIONAL CONVENTION,17,REP,Bob Howard,8,7,0,1
Beaver,AMBRIDGE BORO 2,DELEGATE TO THE REPUBLICAN NATIONAL CONVENTION,17,REP,John Fredericks,6,5,0,1
Beaver,AMBRIDGE BORO 2,DELEGATE TO THE REPUBLICAN NATIONAL CONVENTION,17,REP,Abby Kail,5,4,0,1
Beaver,AMBRIDGE BORO 2,DELEGATE TO THE REPUBLICAN NATIONAL CONVENTION,17,REP,Veronica S Steinkirchner,4,3,0,1
Beaver,AMBRIDGE BORO 2,DELEGATE TO THE REPUBLICAN NATIONAL CONVENTION,17,REP,Vincent E Fusca,3,1,0,2
Beaver,AMBRIDGE BORO 2,DELEGATE TO THE REPUBLICAN NATIONAL CONVENTION,17,REP,Write-In Totals,0,0,0,0
Beaver,AMBRIDGE BORO 2,DELEGATE TO THE REPUBLICAN NATIONAL CONVENTION,17,REP,Not Assigned,0,0,0,0
Beaver,AMBRIDGE BORO 2,ALTERNATE DELEGATE TO THE REPUBLICAN NATIONAL CONVENTION,17,REP,Bob Hamilton,13,12,0,1
Beaver,AMBRIDGE BORO 2,ALTERNATE DELEGATE TO THE REPUBLICAN NATIONAL CONVENTION,17,REP,Mike Mcmullen,11,10,0,1
Beaver,AMBRIDGE BORO 2,ALTERNATE DELEGATE TO THE REPUBLICAN NATIONAL CONVENTION,17,REP,M J Costello,11,7,0,4
Beaver,AMBRIDGE BORO 2,ALTERNATE DELEGATE TO THE REPUBLICAN NATIONAL CONVENTION,17,REP,Christine Mattarochia,10,8,0,2
Beaver,AMBRIDGE BORO 2,ALTERNATE DELEGATE TO THE REPUBLICAN NATIONAL CONVENTION,17,REP,Write-In Totals,0,0,0,0
Beaver,AMBRIDGE BORO 2,ALTERNATE DELEGATE TO THE REPUBLICAN NATIONAL CONVENTION,17,REP,Not Assigned,0,0,0,0
Beaver,AMBRIDGE BORO 3,President,,DEM,Joseph R Biden Jr,102,64,1,37
Beaver,AMBRIDGE BORO 3,President,,DEM,Dean Phillips,12,10,0,2
Beaver,AMBRIDGE BORO 3,President,,DEM,Write-In Totals,10,10,0,0
Beaver,AMBRIDGE BORO 3,President,,DEM,Not Assigned,10,10,0,0
Beaver,AMBRIDGE BORO 3,U.S. Senate,,DEM,Robert P Casey Jr,92,57,0,35
Beaver,AMBRIDGE BORO 3,U.S. Senate,,DEM,William Parker,29,23,1,5
Beaver,AMBRIDGE BORO 3,U.S. Senate,,DEM,Write-In Totals,5,5,0,0
Beaver,AMBRIDGE BORO 3,U.S. Senate,,DEM,Not Assigned,5,5,0,0
Beaver,AMBRIDGE BORO 3,U.S. House,17,DEM,Chris Deluzio,117,77,1,39
Beaver,AMBRIDGE BORO 3,U.S. House,17,DEM,Write-In Totals,6,6,0,0
Beaver,AMBRIDGE BORO 3,U.S. House,17,DEM,Not Assigned,6,6,0,0
Beaver,AMBRIDGE BORO 3,State Senate,47,DEM,Write-In: Elder Vogel Jr.,12,11,0,1
Beaver,AMBRIDGE BORO 3,State Senate,47,DEM,Write-In: Kate Lennen,11,8,0,3
Beaver,AMBRIDGE BORO 3,State Senate,47,DEM,Write-In: Scattered,10,5,0,5
Beaver,AMBRIDGE BORO 3,State Senate,47,DEM,Write-In Totals,33,24,0,9
Beaver,AMBRIDGE BORO 3,State Senate,47,DEM,Not Assigned,0,0,0,0
Beaver,AMBRIDGE BORO 3,State House,16,DEM,Robert F Matzie,120,80,1,39
Beaver,AMBRIDGE BORO 3,State House,16,DEM,Write-In Totals,3,3,0,0
Beaver,AMBRIDGE BORO 3,State House,16,DEM,Not Assigned,3,3,0,0
Beaver,AMBRIDGE BORO 3,DELEGATE TO THE DEMOCRATIC NATIONAL CONVENTION,17,DEM,Mary Jane Jones-Gilliam,93,60,1,32
Beaver,AMBRIDGE BORO 3,DELEGATE TO THE DEMOCRATIC NATIONAL CONVENTION,17,DEM,Dwan B Walker,91,60,1,30
Beaver,AMBRIDGE BORO 3,DELEGATE TO THE DEMOCRATIC NATIONAL CONVENTION,17,DEM,Nancy Werme,91,61,1,29
Beaver,AMBRIDGE BORO 3,DELEGATE TO THE DEMOCRATIC NATIONAL CONVENTION,17,DEM,Kaylee Werner,86,56,1,29
Beaver,AMBRIDGE BORO 3,DELEGATE TO THE DEMOCRATIC NATIONAL CONVENTION,17,DEM,Lisa M Baldis,86,52,1,33
Beaver,AMBRIDGE BORO 3,DELEGATE TO THE DEMOCRATIC NATIONAL CONVENTION,17,DEM,Arvind Venkat,82,50,1,31
Beaver,AMBRIDGE BORO 3,DELEGATE TO THE DEMOCRATIC NATIONAL CONVENTION,17,DEM,Kevin Kinross,77,48,1,28
Beaver,AMBRIDGE BORO 3,DELEGATE TO THE DEMOCRATIC NATIONAL CONVENTION,17,DEM,Write-In Totals,9,7,0,2
Beaver,AMBRIDGE BORO 3,DELEGATE TO THE DEMOCRATIC NATIONAL CONVENTION,17,DEM,Not Assigned,9,7,0,2
Beaver,AMBRIDGE BORO 3,President,,REP,Donald J Trump,54,50,0,4
Beaver,AMBRIDGE BORO 3,President,,REP,Nikki R Haley,4,3,0,1
Beaver,AMBRIDGE BORO 3,President,,REP,Write-In Totals,1,1,0,0
Beaver,AMBRIDGE BORO 3,President,,REP,Not Assigned,1,1,0,0
Beaver,AMBRIDGE BORO 3,U.S. Senate,,REP,Dave Mccormick,55,50,0,5
Beaver,AMBRIDGE BORO 3,U.S. Senate,,REP,Joseph J Vodvarka,2,2,0,0
Beaver,AMBRIDGE BORO 3,U.S. Senate,,REP,Write-In Totals,0,0,0,0
Beaver,AMBRIDGE BORO 3,U.S. Senate,,REP,Not Assigned,0,0,0,0
Beaver,AMBRIDGE BORO 3,U.S. House,17,REP,Rob Mercuri,52,47,0,5
Beaver,AMBRIDGE BORO 3,U.S. House,17,REP,Write-In Totals,0,0,0,0
Beaver,AMBRIDGE BORO 3,U.S. House,17,REP,Not Assigned,0,0,0,0
Beaver,AMBRIDGE BORO 3,State Senate,47,REP,Elder Vogel Jr,53,48,0,5
Beaver,AMBRIDGE BORO 3,State Senate,47,REP,Write-In Totals,0,0,0,0
Beaver,AMBRIDGE BORO 3,State Senate,47,REP,Not Assigned,0,0,0,0
Beaver,AMBRIDGE BORO 3,State House,16,REP,Michael J Perich,48,44,0,4
Beaver,AMBRIDGE BORO 3,State House,16,REP,Write-In Totals,1,0,0,1
Beaver,AMBRIDGE BORO 3,State House,16,REP,Not Assigned,1,0,0,1
Beaver,AMBRIDGE BORO 3,DELEGATE TO THE REPUBLICAN NATIONAL CONVENTION,17,REP,Mike Mcmullen,29,27,0,2
Beaver,AMBRIDGE BORO 3,DELEGATE TO THE REPUBLICAN NATIONAL CONVENTION,17,REP,John Fredericks,27,23,0,4
Beaver,AMBRIDGE BORO 3,DELEGATE TO THE REPUBLICAN NATIONAL CONVENTION,17,REP,Abby Kail,23,22,0,1
Beaver,AMBRIDGE BORO 3,DELEGATE TO THE REPUBLICAN NATIONAL CONVENTION,17,REP,Toni Shuppe,20,17,0,3
Beaver,AMBRIDGE BORO 3,DELEGATE TO THE REPUBLICAN NATIONAL CONVENTION,17,REP,Veronica S Steinkirchner,15,14,0,1
Beaver,AMBRIDGE BORO 3,DELEGATE TO THE REPUBLICAN NATIONAL CONVENTION,17,REP,Jack Casey,14,14,0,0
Beaver,AMBRIDGE BORO 3,DELEGATE TO THE REPUBLICAN NATIONAL CONVENTION,17,REP,Bob Howard,14,13,0,1
Beaver,AMBRIDGE BORO 3,DELEGATE TO THE REPUBLICAN NATIONAL CONVENTION,17,REP,Vincent E Fusca,4,4,0,0
Beaver,AMBRIDGE BORO 3,DELEGATE TO THE REPUBLICAN NATIONAL CONVENTION,17,REP,Write-In Totals,0,0,0,0
Beaver,AMBRIDGE BORO 3,DELEGATE TO THE REPUBLICAN NATIONAL CONVENTION,17,REP,Not Assigned,0,0,0,0
Beaver,AMBRIDGE BORO 3,ALTERNATE DELEGATE TO THE REPUBLICAN NATIONAL CONVENTION,17,REP,Christine Mattarochia,29,25,0,4
Beaver,AMBRIDGE BORO 3,ALTERNATE DELEGATE TO THE REPUBLICAN NATIONAL CONVENTION,17,REP,Mike Mcmullen,26,24,0,2
Beaver,AMBRIDGE BORO 3,ALTERNATE DELEGATE TO THE REPUBLICAN NATIONAL CONVENTION,17,REP,Bob Hamilton,26,23,0,3
Beaver,AMBRIDGE BORO 3,ALTERNATE DELEGATE TO THE REPUBLICAN NATIONAL CONVENTION,17,REP,M J Costello,26,22,0,4
Beaver,AMBRIDGE BORO 3,ALTERNATE DELEGATE TO THE REPUBLICAN NATIONAL CONVENTION,17,REP,Write-In Totals,0,0,0,0
Beaver,AMBRIDGE BORO 3,ALTERNATE DELEGATE TO THE REPUBLICAN NATIONAL CONVENTION,17,REP,Not Assigned,0,0,0,0
Beaver,AMBRIDGE BORO 4,President,,DEM,Joseph R Biden Jr,65,37,0,28
Beaver,AMBRIDGE BORO 4,President,,DEM,Dean Phillips,13,10,0,3
Beaver,AMBRIDGE BORO 4,President,,DEM,Write-In Totals,9,7,0,2
Beaver,AMBRIDGE BORO 4,President,,DEM,Not Assigned,9,7,0,2
Beaver,AMBRIDGE BORO 4,U.S. Senate,,DEM,Robert P Casey Jr,54,31,0,23
Beaver,AMBRIDGE BORO 4,U.S. Senate,,DEM,William Parker,31,23,0,8
Beaver,AMBRIDGE BORO 4,U.S. Senate,,DEM,Write-In Totals,4,3,0,1
Beaver,AMBRIDGE BORO 4,U.S. Senate,,DEM,Not Assigned,4,3,0,1
Beaver,AMBRIDGE BORO 4,U.S. House,17,DEM,Chris Deluzio,84,53,0,31
Beaver,AMBRIDGE BORO 4,U.S. House,17,DEM,Write-In Totals,2,1,0,1
Beaver,AMBRIDGE BORO 4,U.S. House,17,DEM,Not Assigned,2,1,0,1
Beaver,AMBRIDGE BORO 4,State Senate,47,DEM,Write-In: Elder Vogel Jr.,12,10,0,2
Beaver,AMBRIDGE BORO 4,State Senate,47,DEM,Write-In: Scattered,7,4,0,3
Beaver,AMBRIDGE BORO 4,State Senate,47,DEM,Write-In: Kate Lennen,6,3,0,3
Beaver,AMBRIDGE BORO 4,State Senate,47,DEM,Write-In Totals,25,17,0,8
Beaver,AMBRIDGE BORO 4,State Senate,47,DEM,Not Assigned,0,0,0,0
Beaver,AMBRIDGE BORO 4,State House,16,DEM,Robert F Matzie,83,51,0,32
Beaver,AMBRIDGE BORO 4,State House,16,DEM,Write-In Totals,3,2,0,1
Beaver,AMBRIDGE BORO 4,State House,16,DEM,Not Assigned,3,2,0,1
Beaver,AMBRIDGE BORO 4,DELEGATE TO THE DEMOCRATIC NATIONAL CONVENTION,17,DEM,Mary Jane Jones-Gilliam,65,38,0,27
Beaver,AMBRIDGE BORO 4,DELEGATE TO THE DEMOCRATIC NATIONAL CONVENTION,17,DEM,Nancy Werme,65,38,0,27
Beaver,AMBRIDGE BORO 4,DELEGATE TO THE DEMOCRATIC NATIONAL CONVENTION,17,DEM,Lisa M Baldis,62,35,0,27
Beaver,AMBRIDGE BORO 4,DELEGATE TO THE DEMOCRATIC NATIONAL CONVENTION,17,DEM,Kaylee Werner,59,35,0,24
Beaver,AMBRIDGE BORO 4,DELEGATE TO THE DEMOCRATIC NATIONAL CONVENTION,17,DEM,Dwan B Walker,54,31,0,23
Beaver,AMBRIDGE BORO 4,DELEGATE TO THE DEMOCRATIC NATIONAL CONVENTION,17,DEM,Kevin Kinross,52,26,0,26
Beaver,AMBRIDGE BORO 4,DELEGATE TO THE DEMOCRATIC NATIONAL CONVENTION,17,DEM,Arvind Venkat,48,26,0,22
Beaver,AMBRIDGE BORO 4,DELEGATE TO THE DEMOCRATIC NATIONAL CONVENTION,17,DEM,Write-In Totals,5,0,0,5
Beaver,AMBRIDGE BORO 4,DELEGATE TO THE DEMOCRATIC NATIONAL CONVENTION,17,DEM,Not Assigned,5,0,0,5
Beaver,AMBRIDGE BORO 4,President,,REP,Donald J Trump,42,36,0,6
Beaver,AMBRIDGE BORO 4,President,,REP,Nikki R Haley,1,1,0,0
Beaver,AMBRIDGE BORO 4,President,,REP,Write-In Totals,1,1,0,0
Beaver,AMBRIDGE BORO 4,President,,REP,Not Assigned,1,1,0,0
Beaver,AMBRIDGE BORO 4,U.S. Senate,,REP,Dave Mccormick,38,32,0,6
Beaver,AMBRIDGE BORO 4,U.S. Senate,,REP,Joseph J Vodvarka,4,4,0,0
Beaver,AMBRIDGE BORO 4,U.S. Senate,,REP,Write-In Totals,0,0,0,0
Beaver,AMBRIDGE BORO 4,U.S. Senate,,REP,Not Assigned,0,0,0,0
Beaver,AMBRIDGE BORO 4,U.S. House,17,REP,Rob Mercuri,40,34,0,6
Beaver,AMBRIDGE BORO 4,U.S. House,17,REP,Write-In Totals,2,2,0,0
Beaver,AMBRIDGE BORO 4,U.S. House,17,REP,Not Assigned,2,2,0,0
Beaver,AMBRIDGE BORO 4,State Senate,47,REP,Elder Vogel Jr,42,36,0,6
Beaver,AMBRIDGE BORO 4,State Senate,47,REP,Write-In Totals,0,0,0,0
Beaver,AMBRIDGE BORO 4,State Senate,47,REP,Not Assigned,0,0,0,0
Beaver,AMBRIDGE BORO 4,State House,16,REP,Michael J Perich,41,35,0,6
Beaver,AMBRIDGE BORO 4,State House,16,REP,Write-In Totals,1,1,0,0
Beaver,AMBRIDGE BORO 4,State House,16,REP,Not Assigned,1,1,0,0
Beaver,AMBRIDGE BORO 4,DELEGATE TO THE REPUBLICAN NATIONAL CONVENTION,17,REP,Mike Mcmullen,21,16,0,5
Beaver,AMBRIDGE BORO 4,DELEGATE TO THE REPUBLICAN NATIONAL CONVENTION,17,REP,John Fredericks,20,18,0,2
Beaver,AMBRIDGE BORO 4,DELEGATE TO THE REPUBLICAN NATIONAL CONVENTION,17,REP,Abby Kail,17,13,0,4
Beaver,AMBRIDGE BORO 4,DELEGATE TO THE REPUBLICAN NATIONAL CONVENTION,17,REP,Toni Shuppe,16,15,0,1
Beaver,AMBRIDGE BORO 4,DELEGATE TO THE REPUBLICAN NATIONAL CONVENTION,17,REP,Jack Casey,14,9,0,5
Beaver,AMBRIDGE BORO 4,DELEGATE TO THE REPUBLICAN NATIONAL CONVENTION,17,REP,Veronica S Steinkirchner,10,10,0,0
Beaver,AMBRIDGE BORO 4,DELEGATE TO THE REPUBLICAN NATIONAL CONVENTION,17,REP,Bob Howard,6,6,0,0
Beaver,AMBRIDGE BORO 4,DELEGATE TO THE REPUBLICAN NATIONAL CONVENTION,17,REP,Vincent E Fusca,4,4,0,0
Beaver,AMBRIDGE BORO 4,DELEGATE TO THE REPUBLICAN NATIONAL CONVENTION,17,REP,Write-In Totals,0,0,0,0
Beaver,AMBRIDGE BORO 4,DELEGATE TO THE REPUBLICAN NATIONAL CONVENTION,17,REP,Not Assigned,0,0,0,0
Beaver,AMBRIDGE BORO 4,ALTERNATE DELEGATE TO THE REPUBLICAN NATIONAL CONVENTION,17,REP,Christine Mattarochia,23,18,0,5
Beaver,AMBRIDGE BORO 4,ALTERNATE DELEGATE TO THE REPUBLICAN NATIONAL CONVENTION,17,REP,Bob Hamilton,23,17,0,6
Beaver,AMBRIDGE BORO 4,ALTERNATE DELEGATE TO THE REPUBLICAN NATIONAL CONVENTION,17,REP,M J Costello,23,20,0,3
Beaver,AMBRIDGE BORO 4,ALTERNATE DELEGATE TO THE REPUBLICAN NATIONAL CONVENTION,17,REP,Mike Mcmullen,22,20,0,2
Beaver,AMBRIDGE BORO 4,ALTERNATE DELEGATE TO THE REPUBLICAN NATIONAL CONVENTION,17,REP,Write-In Totals,2,2,0,0
Beaver,AMBRIDGE BORO 4,ALTERNATE DELEGATE TO THE REPUBLICAN NATIONAL CONVENTION,17,REP,Not Assigned,2,2,0,0
Beaver,AMBRIDGE BORO 5,President,,DEM,Joseph R Biden Jr,73,42,0,31
Beaver,AMBRIDGE BORO 5,President,,DEM,Dean Phillips,11,7,0,4
Beaver,AMBRIDGE BORO 5,President,,DEM,Write-In Totals,6,5,0,1
Beaver,AMBRIDGE BORO 5,President,,DEM,Not Assigned,6,5,0,1
Beaver,AMBRIDGE BORO 5,U.S. Senate,,DEM,Robert P Casey Jr,65,37,0,28
Beaver,AMBRIDGE BORO 5,U.S. Senate,,DEM,William Parker,22,16,0,6
Beaver,AMBRIDGE BORO 5,U.S. Senate,,DEM,Write-In Totals,2,2,0,0
Beaver,AMBRIDGE BORO 5,U.S. Senate,,DEM,Not Assigned,2,2,0,0
Beaver,AMBRIDGE BORO 5,U.S. House,17,DEM,Chris Deluzio,83,49,0,34
Beaver,AMBRIDGE BORO 5,U.S. House,17,DEM,Write-In Totals,2,2,0,0
Beaver,AMBRIDGE BORO 5,U.S. House,17,DEM,Not Assigned,2,2,0,0
Beaver,AMBRIDGE BORO 5,State Senate,47,DEM,Write-In: Kate Lennen,8,4,0,4
Beaver,AMBRIDGE BORO 5,State Senate,47,DEM,Write-In: Elder Vogel Jr.,8,7,0,1
Beaver,AMBRIDGE BORO 5,State Senate,47,DEM,Write-In: Scattered,2,2,0,0
Beaver,AMBRIDGE BORO 5,State Senate,47,DEM,Write-In Totals,18,13,0,5
Beaver,AMBRIDGE BORO 5,State Senate,47,DEM,Not Assigned,0,0,0,0
Beaver,AMBRIDGE BORO 5,State House,16,DEM,Robert F Matzie,85,54,0,31
Beaver,AMBRIDGE BORO 5,State House,16,DEM,Write-In Totals,1,0,0,1
Beaver,AMBRIDGE BORO 5,State House,16,DEM,Not Assigned,1,0,0,1
Beaver,AMBRIDGE BORO 5,DELEGATE TO THE DEMOCRATIC NATIONAL CONVENTION,17,DEM,Mary Jane Jones-Gilliam,60,36,0,24
Beaver,AMBRIDGE BORO 5,DELEGATE TO THE DEMOCRATIC NATIONAL CONVENTION,17,DEM,Nancy Werme,59,34,0,25
Beaver,AMBRIDGE BORO 5,DELEGATE TO THE DEMOCRATIC NATIONAL CONVENTION,17,DEM,Dwan B Walker,56,33,0,23
Beaver,AMBRIDGE BORO 5,DELEGATE TO THE DEMOCRATIC NATIONAL CONVENTION,17,DEM,Kaylee Werner,54,30,0,24
Beaver,AMBRIDGE BORO 5,DELEGATE TO THE DEMOCRATIC NATIONAL CONVENTION,17,DEM,Lisa M Baldis,49,27,0,22
Beaver,AMBRIDGE BORO 5,DELEGATE TO THE DEMOCRATIC NATIONAL CONVENTION,17,DEM,Arvind Venkat,48,29,0,19
Beaver,AMBRIDGE BORO 5,DELEGATE TO THE DEMOCRATIC NATIONAL CONVENTION,17,DEM,Kevin Kinross,46,27,0,19
Beaver,AMBRIDGE BORO 5,DELEGATE TO THE DEMOCRATIC NATIONAL CONVENTION,17,DEM,Write-In Totals,8,6,0,2
Beaver,AMBRIDGE BORO 5,DELEGATE TO THE DEMOCRATIC NATIONAL CONVENTION,17,DEM,Not Assigned,8,6,0,2
Beaver,AMBRIDGE BORO 5,President,,REP,Donald J Trump,22,19,0,3
Beaver,AMBRIDGE BORO 5,President,,REP,Nikki R Haley,3,2,0,1
Beaver,AMBRIDGE BORO 5,President,,REP,Write-In Totals,0,0,0,0
Beaver,AMBRIDGE BORO 5,President,,REP,Not Assigned,0,0,0,0
Beaver,AMBRIDGE BORO 5,U.S. Senate,,REP,Dave Mccormick,21,17,0,4
Beaver,AMBRIDGE BORO 5,U.S. Senate,,REP,Joseph J Vodvarka,1,1,0,0
Beaver,AMBRIDGE BORO 5,U.S. Senate,,REP,Write-In Totals,1,1,0,0
Beaver,AMBRIDGE BORO 5,U.S. Senate,,REP,Not Assigned,1,1,0,0
Beaver,AMBRIDGE BORO 5,U.S. House,17,REP,Rob Mercuri,21,17,0,4
Beaver,AMBRIDGE BORO 5,U.S. House,17,REP,Write-In Totals,0,0,0,0
Beaver,AMBRIDGE BORO 5,U.S. House,17,REP,Not Assigned,0,0,0,0
Beaver,AMBRIDGE BORO 5,State Senate,47,REP,Elder Vogel Jr,24,20,0,4
Beaver,AMBRIDGE BORO 5,State Senate,47,REP,Write-In Totals,0,0,0,0
Beaver,AMBRIDGE BORO 5,State Senate,47,REP,Not Assigned,0,0,0,0
Beaver,AMBRIDGE BORO 5,State House,16,REP,Michael J Perich,22,18,0,4
Beaver,AMBRIDGE BORO 5,State House,16,REP,Write-In Totals,0,0,0,0
Beaver,AMBRIDGE BORO 5,State House,16,REP,Not Assigned,0,0,0,0
Beaver,AMBRIDGE BORO 5,DELEGATE TO THE REPUBLICAN NATIONAL CONVENTION,17,REP,Mike Mcmullen,9,8,0,1
Beaver,AMBRIDGE BORO 5,DELEGATE TO THE REPUBLICAN NATIONAL CONVENTION,17,REP,Abby Kail,9,8,0,1
Beaver,AMBRIDGE BORO 5,DELEGATE TO THE REPUBLICAN NATIONAL CONVENTION,17,REP,Jack Casey,8,7,0,1
Beaver,AMBRIDGE BORO 5,DELEGATE TO THE REPUBLICAN NATIONAL CONVENTION,17,REP,Veronica S Steinkirchner,7,6,0,1
Beaver,AMBRIDGE BORO 5,DELEGATE TO THE REPUBLICAN NATIONAL CONVENTION,17,REP,Bob Howard,6,5,0,1
Beaver,AMBRIDGE BORO 5,DELEGATE TO THE REPUBLICAN NATIONAL CONVENTION,17,REP,John Fredericks,6,5,0,1
Beaver,AMBRIDGE BORO 5,DELEGATE TO THE REPUBLICAN NATIONAL CONVENTION,17,REP,Toni Shuppe,5,2,0,3
Beaver,AMBRIDGE BORO 5,DELEGATE TO THE REPUBLICAN NATIONAL CONVENTION,17,REP,Vincent E Fusca,5,3,0,2
Beaver,AMBRIDGE BORO 5,DELEGATE TO THE REPUBLICAN NATIONAL CONVENTION,17,REP,Write-In Totals,0,0,0,0
Beaver,AMBRIDGE BORO 5,DELEGATE TO THE REPUBLICAN NATIONAL CONVENTION,17,REP,Not Assigned,0,0,0,0
Beaver,AMBRIDGE BORO 5,ALTERNATE DELEGATE TO THE REPUBLICAN NATIONAL CONVENTION,17,REP,Mike Mcmullen,13,11,0,2
Beaver,AMBRIDGE BORO 5,ALTERNATE DELEGATE TO THE REPUBLICAN NATIONAL CONVENTION,17,REP,Christine Mattarochia,13,10,0,3
Beaver,AMBRIDGE BORO 5,ALTERNATE DELEGATE TO THE REPUBLICAN NATIONAL CONVENTION,17,REP,Bob Hamilton,11,9,0,2
Beaver,AMBRIDGE BORO 5,ALTERNATE DELEGATE TO THE REPUBLICAN NATIONAL CONVENTION,17,REP,M J Costello,10,8,0,2
Beaver,AMBRIDGE BORO 5,ALTERNATE DELEGATE TO THE REPUBLICAN NATIONAL CONVENTION,17,REP,Write-In Totals,0,0,0,0
Beaver,AMBRIDGE BORO 5,ALTERNATE DELEGATE TO THE REPUBLICAN NATIONAL CONVENTION,17,REP,Not Assigned,0,0,0,0
Beaver,BADEN BORO 1,President,,DEM,Joseph R Biden Jr,129,44,0,85
Beaver,BADEN BORO 1,President,,DEM,Dean Phillips,9,8,0,1
Beaver,BADEN BORO 1,President,,DEM,Write-In Totals,8,4,0,4
Beaver,BADEN BORO 1,President,,DEM,Not Assigned,8,4,0,4
Beaver,BADEN BORO 1,U.S. Senate,,DEM,Robert P Casey Jr,119,47,0,72
Beaver,BADEN BORO 1,U.S. Senate,,DEM,William Parker,23,5,0,18
Beaver,BADEN BORO 1,U.S. Senate,,DEM,Write-In Totals,4,3,0,1
Beaver,BADEN BORO 1,U.S. Senate,,DEM,Not Assigned,4,3,0,1
Beaver,BADEN BORO 1,U.S. House,17,DEM,Chris Deluzio,139,54,0,85
Beaver,BADEN BORO 1,U.S. House,17,DEM,Write-In Totals,1,0,0,1
Beaver,BADEN BORO 1,U.S. House,17,DEM,Not Assigned,1,0,0,1
Beaver,BADEN BORO 1,State Senate,47,DEM,Write-In: Kate Lennen,9,3,0,6
Beaver,BADEN BORO 1,State Senate,47,DEM,Write-In: Elder Vogel Jr.,8,4,0,4
Beaver,BADEN BORO 1,State Senate,47,DEM,Write-In: Scattered,6,2,0,4
Beaver,BADEN BORO 1,State Senate,47,DEM,Write-In Totals,23,9,0,14
Beaver,BADEN BORO 1,State Senate,47,DEM,Not Assigned,0,0,0,0
Beaver,BADEN BORO 1,State House,16,DEM,Robert F Matzie,138,52,0,86
Beaver,BADEN BORO 1,State House,16,DEM,Write-In Totals,5,2,0,3
Beaver,BADEN BORO 1,State House,16,DEM,Not Assigned,5,2,0,3
Beaver,BADEN BORO 1,DELEGATE TO THE DEMOCRATIC NATIONAL CONVENTION,17,DEM,Nancy Werme,126,47,0,79
Beaver,BADEN BORO 1,DELEGATE TO THE DEMOCRATIC NATIONAL CONVENTION,17,DEM,Kaylee Werner,117,40,0,77
Beaver,BADEN BORO 1,DELEGATE TO THE DEMOCRATIC NATIONAL CONVENTION,17,DEM,Lisa M Baldis,117,40,0,77
Beaver,BADEN BORO 1,DELEGATE TO THE DEMOCRATIC NATIONAL CONVENTION,17,DEM,Mary Jane Jones-Gilliam,116,40,0,76
Beaver,BADEN BORO 1,DELEGATE TO THE DEMOCRATIC NATIONAL CONVENTION,17,DEM,Dwan B Walker,113,37,0,76
Beaver,BADEN BORO 1,DELEGATE TO THE DEMOCRATIC NATIONAL CONVENTION,17,DEM,Arvind Venkat,111,37,0,74
Beaver,BADEN BORO 1,DELEGATE TO THE DEMOCRATIC NATIONAL CONVENTION,17,DEM,Kevin Kinross,109,36,0,73
Beaver,BADEN BORO 1,DELEGATE TO THE DEMOCRATIC NATIONAL CONVENTION,17,DEM,Write-In Totals,8,7,0,1
Beaver,BADEN BORO 1,DELEGATE TO THE DEMOCRATIC NATIONAL CONVENTION,17,DEM,Not Assigned,8,7,0,1
Beaver,BADEN BORO 1,President,,REP,Donald J Trump,62,48,0,14
Beaver,BADEN BORO 1,President,,REP,Nikki R Haley,6,2,0,4
Beaver,BADEN BORO 1,President,,REP,Write-In Totals,1,0,0,1
Beaver,BADEN BORO 1,President,,REP,Not Assigned,1,0,0,1
Beaver,BADEN BORO 1,U.S. Senate,,REP,Dave Mccormick,59,44,0,15
Beaver,BADEN BORO 1,U.S. Senate,,REP,Joseph J Vodvarka,7,3,0,4
Beaver,BADEN BORO 1,U.S. Senate,,REP,Write-In Totals,1,1,0,0
Beaver,BADEN BORO 1,U.S. Senate,,REP,Not Assigned,1,1,0,0
Beaver,BADEN BORO 1,U.S. House,17,REP,Rob Mercuri,65,47,0,18
Beaver,BADEN BORO 1,U.S. House,17,REP,Write-In Totals,1,0,0,1
Beaver,BADEN BORO 1,U.S. House,17,REP,Not Assigned,1,0,0,1
Beaver,BADEN BORO 1,State Senate,47,REP,Elder Vogel Jr,67,49,0,18
Beaver,BADEN BORO 1,State Senate,47,REP,Write-In Totals,0,0,0,0
Beaver,BADEN BORO 1,State Senate,47,REP,Not Assigned,0,0,0,0
Beaver,BADEN BORO 1,State House,16,REP,Michael J Perich,66,47,0,19
Beaver,BADEN BORO 1,State House,16,REP,Write-In Totals,0,0,0,0
Beaver,BADEN BORO 1,State House,16,REP,Not Assigned,0,0,0,0
Beaver,BADEN BORO 1,DELEGATE TO THE REPUBLICAN NATIONAL CONVENTION,17,REP,Abby Kail,30,22,0,8
Beaver,BADEN BORO 1,DELEGATE TO THE REPUBLICAN NATIONAL CONVENTION,17,REP,Veronica S Steinkirchner,30,21,0,9
Beaver,BADEN BORO 1,DELEGATE TO THE REPUBLICAN NATIONAL CONVENTION,17,REP,Mike Mcmullen,25,19,0,6
Beaver,BADEN BORO 1,DELEGATE TO THE REPUBLICAN NATIONAL CONVENTION,17,REP,Toni Shuppe,25,17,0,8
Beaver,BADEN BORO 1,DELEGATE TO THE REPUBLICAN NATIONAL CONVENTION,17,REP,John Fredericks,23,17,0,6
Beaver,BADEN BORO 1,DELEGATE TO THE REPUBLICAN NATIONAL CONVENTION,17,REP,Jack Casey,15,9,0,6
Beaver,BADEN BORO 1,DELEGATE TO THE REPUBLICAN NATIONAL CONVENTION,17,REP,Vincent E Fusca,15,15,0,0
Beaver,BADEN BORO 1,DELEGATE TO THE REPUBLICAN NATIONAL CONVENTION,17,REP,Bob Howard,14,8,0,6
Beaver,BADEN BORO 1,DELEGATE TO THE REPUBLICAN NATIONAL CONVENTION,17,REP,Write-In Totals,3,3,0,0
Beaver,BADEN BORO 1,DELEGATE TO THE REPUBLICAN NATIONAL CONVENTION,17,REP,Not Assigned,3,3,0,0
Beaver,BADEN BORO 1,ALTERNATE DELEGATE TO THE REPUBLICAN NATIONAL CONVENTION,17,REP,Mike Mcmullen,37,27,0,10
Beaver,BADEN BORO 1,ALTERNATE DELEGATE TO THE REPUBLICAN NATIONAL CONVENTION,17,REP,Christine Mattarochia,37,27,0,10
Beaver,BADEN BORO 1,ALTERNATE DELEGATE TO THE REPUBLICAN NATIONAL CONVENTION,17,REP,M J Costello,32,22,0,10
Beaver,BADEN BORO 1,ALTERNATE DELEGATE TO THE REPUBLICAN NATIONAL CONVENTION,17,REP,Bob Hamilton,31,24,0,7
Beaver,BADEN BORO 1,ALTERNATE DELEGATE TO THE REPUBLICAN NATIONAL CONVENTION,17,REP,Write-In Totals,2,1,0,1
Beaver,BADEN BORO 1,ALTERNATE DELEGATE TO THE REPUBLICAN NATIONAL CONVENTION,17,REP,Not Assigned,2,1,0,1
Beaver,BADEN BORO 2,President,,DEM,Joseph R Biden Jr,108,61,0,47
Beaver,BADEN BORO 2,President,,DEM,Dean Phillips,15,9,0,6
Beaver,BADEN BORO 2,President,,DEM,Write-In Totals,9,8,0,1
Beaver,BADEN BORO 2,President,,DEM,Not Assigned,9,8,0,1
Beaver,BADEN BORO 2,U.S. Senate,,DEM,Robert P Casey Jr,109,66,0,43
Beaver,BADEN BORO 2,U.S. Senate,,DEM,William Parker,13,3,0,10
Beaver,BADEN BORO 2,U.S. Senate,,DEM,Write-In Totals,5,5,0,0
Beaver,BADEN BORO 2,U.S. Senate,,DEM,Not Assigned,5,5,0,0
Beaver,BADEN BORO 2,U.S. House,17,DEM,Chris Deluzio,124,71,0,53
Beaver,BADEN BORO 2,U.S. House,17,DEM,Write-In Totals,2,1,0,1
Beaver,BADEN BORO 2,U.S. House,17,DEM,Not Assigned,2,1,0,1
Beaver,BADEN BORO 2,State Senate,47,DEM,Write-In: Kate Lennen,23,18,0,5
Beaver,BADEN BORO 2,State Senate,47,DEM,Write-In: Scattered,7,4,0,3
Beaver,BADEN BORO 2,State Senate,47,DEM,Write-In: Elder Vogel Jr.,5,3,0,2
Beaver,BADEN BORO 2,State Senate,47,DEM,Write-In Totals,35,25,0,10
Beaver,BADEN BORO 2,State Senate,47,DEM,Not Assigned,0,0,0,0
Beaver,BADEN BORO 2,State House,16,DEM,Robert F Matzie,130,77,0,53
Beaver,BADEN BORO 2,State House,16,DEM,Write-In Totals,1,0,0,1
Beaver,BADEN BORO 2,State House,16,DEM,Not Assigned,1,0,0,1
Beaver,BADEN BORO 2,DELEGATE TO THE DEMOCRATIC NATIONAL CONVENTION,17,DEM,Nancy Werme,101,56,0,45
Beaver,BADEN BORO 2,DELEGATE TO THE DEMOCRATIC NATIONAL CONVENTION,17,DEM,Lisa M Baldis,95,54,0,41
Beaver,BADEN BORO 2,DELEGATE TO THE DEMOCRATIC NATIONAL CONVENTION,17,DEM,Kaylee Werner,94,49,0,45
Beaver,BADEN BORO 2,DELEGATE TO THE DEMOCRATIC NATIONAL CONVENTION,17,DEM,Mary Jane Jones-Gilliam,91,49,0,42
Beaver,BADEN BORO 2,DELEGATE TO THE DEMOCRATIC NATIONAL CONVENTION,17,DEM,Dwan B Walker,88,53,0,35
Beaver,BADEN BORO 2,DELEGATE TO THE DEMOCRATIC NATIONAL CONVENTION,17,DEM,Kevin Kinross,88,51,0,37
Beaver,BADEN BORO 2,DELEGATE TO THE DEMOCRATIC NATIONAL CONVENTION,17,DEM,Arvind Venkat,86,51,0,35
Beaver,BADEN BORO 2,DELEGATE TO THE DEMOCRATIC NATIONAL CONVENTION,17,DEM,Write-In Totals,4,3,0,1
Beaver,BADEN BORO 2,DELEGATE TO THE DEMOCRATIC NATIONAL CONVENTION,17,DEM,Not Assigned,4,3,0,1
Beaver,BADEN BORO 2,President,,REP,Donald J Trump,68,58,0,10
Beaver,BADEN BORO 2,President,,REP,Nikki R Haley,3,3,0,0
Beaver,BADEN BORO 2,President,,REP,Write-In Totals,0,0,0,0
Beaver,BADEN BORO 2,President,,REP,Not Assigned,0,0,0,0
Beaver,BADEN BORO 2,U.S. Senate,,REP,Dave Mccormick,66,56,0,10
Beaver,BADEN BORO 2,U.S. Senate,,REP,Joseph J Vodvarka,2,1,0,1
Beaver,BADEN BORO 2,U.S. Senate,,REP,Write-In Totals,2,2,0,0
Beaver,BADEN BORO 2,U.S. Senate,,REP,Not Assigned,2,2,0,0
Beaver,BADEN BORO 2,U.S. House,17,REP,Rob Mercuri,68,57,0,11
Beaver,BADEN BORO 2,U.S. House,17,REP,Write-In Totals,1,1,0,0
Beaver,BADEN BORO 2,U.S. House,17,REP,Not Assigned,1,1,0,0
Beaver,BADEN BORO 2,State Senate,47,REP,Elder Vogel Jr,70,59,0,11
Beaver,BADEN BORO 2,State Senate,47,REP,Write-In Totals,0,0,0,0
Beaver,BADEN BORO 2,State Senate,47,REP,Not Assigned,0,0,0,0
Beaver,BADEN BORO 2,State House,16,REP,Michael J Perich,69,58,0,11
Beaver,BADEN BORO 2,State House,16,REP,Write-In Totals,1,1,0,0
Beaver,BADEN BORO 2,State House,16,REP,Not Assigned,1,1,0,0
Beaver,BADEN BORO 2,DELEGATE TO THE REPUBLICAN NATIONAL CONVENTION,17,REP,Jack Casey,30,28,0,2
Beaver,BADEN BORO 2,DELEGATE TO THE REPUBLICAN NATIONAL CONVENTION,17,REP,Mike Mcmullen,28,26,0,2
Beaver,BADEN BORO 2,DELEGATE TO THE REPUBLICAN NATIONAL CONVENTION,17,REP,Abby Kail,27,23,0,4
Beaver,BADEN BORO 2,DELEGATE TO THE REPUBLICAN NATIONAL CONVENTION,17,REP,John Fredericks,22,17,0,5
Beaver,BADEN BORO 2,DELEGATE TO THE REPUBLICAN NATIONAL CONVENTION,17,REP,Toni Shuppe,17,11,0,6
Beaver,BADEN BORO 2,DELEGATE TO THE REPUBLICAN NATIONAL CONVENTION,17,REP,Bob Howard,17,12,0,5
Beaver,BADEN BORO 2,DELEGATE TO THE REPUBLICAN NATIONAL CONVENTION,17,REP,Veronica S Steinkirchner,16,16,0,0
Beaver,BADEN BORO 2,DELEGATE TO THE REPUBLICAN NATIONAL CONVENTION,17,REP,Vincent E Fusca,11,9,0,2
Beaver,BADEN BORO 2,DELEGATE TO THE REPUBLICAN NATIONAL CONVENTION,17,REP,Write-In Totals,4,4,0,0
Beaver,BADEN BORO 2,DELEGATE TO THE REPUBLICAN NATIONAL CONVENTION,17,REP,Not Assigned,4,4,0,0
Beaver,BADEN BORO 2,ALTERNATE DELEGATE TO THE REPUBLICAN NATIONAL CONVENTION,17,REP,Christine Mattarochia,37,31,0,6
Beaver,BADEN BORO 2,ALTERNATE DELEGATE TO THE REPUBLICAN NATIONAL CONVENTION,17,REP,Bob Hamilton,37,27,0,10
Beaver,BADEN BORO 2,ALTERNATE DELEGATE TO THE REPUBLICAN NATIONAL CONVENTION,17,REP,M J Costello,32,23,0,9
Beaver,BADEN BORO 2,ALTERNATE DELEGATE TO THE REPUBLICAN NATIONAL CONVENTION,17,REP,Mike Mcmullen,31,28,0,3
Beaver,BADEN BORO 2,ALTERNATE DELEGATE TO THE REPUBLICAN NATIONAL CONVENTION,17,REP,Write-In Totals,2,2,0,0
Beaver,BADEN BORO 2,ALTERNATE DELEGATE TO THE REPUBLICAN NATIONAL CONVENTION,17,REP,Not Assigned,2,2,0,0
Beaver,BADEN BORO 3,President,,DEM,Joseph R Biden Jr,102,49,0,53
Beaver,BADEN BORO 3,President,,DEM,Dean Phillips,13,9,0,4
Beaver,BADEN BORO 3,President,,DEM,Write-In Totals,6,5,0,1
Beaver,BADEN BORO 3,President,,DEM,Not Assigned,6,5,0,1
Beaver,BADEN BORO 3,U.S. Senate,,DEM,Robert P Casey Jr,100,51,0,49
Beaver,BADEN BORO 3,U.S. Senate,,DEM,William Parker,24,14,0,10
Beaver,BADEN BORO 3,U.S. Senate,,DEM,Write-In Totals,0,0,0,0
Beaver,BADEN BORO 3,U.S. Senate,,DEM,Not Assigned,0,0,0,0
Beaver,BADEN BORO 3,U.S. House,17,DEM,Chris Deluzio,117,60,0,57
Beaver,BADEN BORO 3,U.S. House,17,DEM,Write-In Totals,1,1,0,0
Beaver,BADEN BORO 3,U.S. House,17,DEM,Not Assigned,1,1,0,0
Beaver,BADEN BORO 3,State Senate,47,DEM,Write-In: Kate Lennen,26,25,0,1
Beaver,BADEN BORO 3,State Senate,47,DEM,Write-In: Scattered,8,2,0,6
Beaver,BADEN BORO 3,State Senate,47,DEM,Write-In: Elder Vogel Jr.,4,2,0,2
Beaver,BADEN BORO 3,State Senate,47,DEM,Write-In Totals,38,29,0,9
Beaver,BADEN BORO 3,State Senate,47,DEM,Not Assigned,0,0,0,0
Beaver,BADEN BORO 3,State House,16,DEM,Robert F Matzie,118,62,0,56
Beaver,BADEN BORO 3,State House,16,DEM,Write-In Totals,1,1,0,0
Beaver,BADEN BORO 3,State House,16,DEM,Not Assigned,1,1,0,0
Beaver,BADEN BORO 3,DELEGATE TO THE DEMOCRATIC NATIONAL CONVENTION,17,DEM,Kaylee Werner,99,49,0,50
Beaver,BADEN BORO 3,DELEGATE TO THE DEMOCRATIC NATIONAL CONVENTION,17,DEM,Nancy Werme,99,51,0,48
Beaver,BADEN BORO 3,DELEGATE TO THE DEMOCRATIC NATIONAL CONVENTION,17,DEM,Lisa M Baldis,87,43,0,44
Beaver,BADEN BORO 3,DELEGATE TO THE DEMOCRATIC NATIONAL CONVENTION,17,DEM,Mary Jane Jones-Gilliam,86,42,0,44
Beaver,BADEN BORO 3,DELEGATE TO THE DEMOCRATIC NATIONAL CONVENTION,17,DEM,Dwan B Walker,85,45,0,40
Beaver,BADEN BORO 3,DELEGATE TO THE DEMOCRATIC NATIONAL CONVENTION,17,DEM,Kevin Kinross,83,43,0,40
Beaver,BADEN BORO 3,DELEGATE TO THE DEMOCRATIC NATIONAL CONVENTION,17,DEM,Arvind Venkat,80,42,0,38
Beaver,BADEN BORO 3,DELEGATE TO THE DEMOCRATIC NATIONAL CONVENTION,17,DEM,Write-In Totals,3,1,0,2
Beaver,BADEN BORO 3,DELEGATE TO THE DEMOCRATIC NATIONAL CONVENTION,17,DEM,Not Assigned,3,1,0,2
Beaver,BADEN BORO 3,President,,REP,Donald J Trump,100,92,0,8
Beaver,BADEN BORO 3,President,,REP,Nikki R Haley,12,10,0,2
Beaver,BADEN BORO 3,President,,REP,Write-In Totals,3,3,0,0
Beaver,BADEN BORO 3,President,,REP,Not Assigned,3,3,0,0
Beaver,BADEN BORO 3,U.S. Senate,,REP,Dave Mccormick,103,93,0,10
Beaver,BADEN BORO 3,U.S. Senate,,REP,Joseph J Vodvarka,8,7,0,1
Beaver,BADEN BORO 3,U.S. Senate,,REP,Write-In Totals,1,1,0,0
Beaver,BADEN BORO 3,U.S. Senate,,REP,Not Assigned,1,1,0,0
Beaver,BADEN BORO 3,U.S. House,17,REP,Rob Mercuri,98,89,0,9
Beaver,BADEN BORO 3,U.S. House,17,REP,Write-In Totals,0,0,0,0
Beaver,BADEN BORO 3,U.S. House,17,REP,Not Assigned,0,0,0,0
Beaver,BADEN BORO 3,State Senate,47,REP,Elder Vogel Jr,109,98,0,11
Beaver,BADEN BORO 3,State Senate,47,REP,Write-In Totals,1,1,0,0
Beaver,BADEN BORO 3,State Senate,47,REP,Not Assigned,1,1,0,0
Beaver,BADEN BORO 3,State House,16,REP,Michael J Perich,102,92,0,10
Beaver,BADEN BORO 3,State House,16,REP,Write-In Totals,0,0,0,0
Beaver,BADEN BORO 3,State House,16,REP,Not Assigned,0,0,0,0
Beaver,BADEN BORO 3,DELEGATE TO THE REPUBLICAN NATIONAL CONVENTION,17,REP,John Fredericks,52,47,0,5
Beaver,BADEN BORO 3,DELEGATE TO THE REPUBLICAN NATIONAL CONVENTION,17,REP,Abby Kail,39,32,0,7
Beaver,BADEN BORO 3,DELEGATE TO THE REPUBLICAN NATIONAL CONVENTION,17,REP,Mike Mcmullen,36,35,0,1
Beaver,BADEN BORO 3,DELEGATE TO THE REPUBLICAN NATIONAL CONVENTION,17,REP,Veronica S Steinkirchner,36,30,0,6
Beaver,BADEN BORO 3,DELEGATE TO THE REPUBLICAN NATIONAL CONVENTION,17,REP,Jack Casey,27,26,0,1
Beaver,BADEN BORO 3,DELEGATE TO THE REPUBLICAN NATIONAL CONVENTION,17,REP,Toni Shuppe,24,20,0,4
Beaver,BADEN BORO 3,DELEGATE TO THE REPUBLICAN NATIONAL CONVENTION,17,REP,Bob Howard,22,19,0,3
Beaver,BADEN BORO 3,DELEGATE TO THE REPUBLICAN NATIONAL CONVENTION,17,REP,Vincent E Fusca,18,15,0,3
Beaver,BADEN BORO 3,DELEGATE TO THE REPUBLICAN NATIONAL CONVENTION,17,REP,Write-In Totals,0,0,0,0
Beaver,BADEN BORO 3,DELEGATE TO THE REPUBLICAN NATIONAL CONVENTION,17,REP,Not Assigned,0,0,0,0
Beaver,BADEN BORO 3,ALTERNATE DELEGATE TO THE REPUBLICAN NATIONAL CONVENTION,17,REP,Christine Mattarochia,61,54,0,7
Beaver,BADEN BORO 3,ALTERNATE DELEGATE TO THE REPUBLICAN NATIONAL CONVENTION,17,REP,Mike Mcmullen,54,50,0,4
Beaver,BADEN BORO 3,ALTERNATE DELEGATE TO THE REPUBLICAN NATIONAL CONVENTION,17,REP,Bob Hamilton,52,45,0,7
Beaver,BADEN BORO 3,ALTERNATE DELEGATE TO THE REPUBLICAN NATIONAL CONVENTION,17,REP,M J Costello,37,32,0,5
Beaver,BADEN BORO 3,ALTERNATE DELEGATE TO THE REPUBLICAN NATIONAL CONVENTION,17,REP,Write-In Totals,0,0,0,0
Beaver,BADEN BORO 3,ALTERNATE DELEGATE TO THE REPUBLICAN NATIONAL CONVENTION,17,REP,Not Assigned,0,0,0,0
Beaver,BEAVER BORO 1,President,,DEM,Joseph R Biden Jr,120,73,1,46
Beaver,BEAVER BORO 1,President,,DEM,Dean Phillips,12,11,0,1
Beaver,BEAVER BORO 1,President,,DEM,Write-In Totals,9,6,0,3
Beaver,BEAVER BORO 1,President,,DEM,Not Assigned,9,6,0,3
Beaver,BEAVER BORO 1,U.S. Senate,,DEM,Robert P Casey Jr,108,65,0,43
Beaver,BEAVER BORO 1,U.S. Senate,,DEM,William Parker,32,24,1,7
Beaver,BEAVER BORO 1,U.S. Senate,,DEM,Write-In Totals,5,4,0,1
Beaver,BEAVER BORO 1,U.S. Senate,,DEM,Not Assigned,5,4,0,1
Beaver,BEAVER BORO 1,U.S. House,17,DEM,Chris Deluzio,136,86,1,49
Beaver,BEAVER BORO 1,U.S. House,17,DEM,Write-In Totals,1,1,0,0
Beaver,BEAVER BORO 1,U.S. House,17,DEM,Not Assigned,1,1,0,0
Beaver,BEAVER BORO 1,State Senate,47,DEM,Write-In: Kate Lennen,33,24,0,9
Beaver,BEAVER BORO 1,State Senate,47,DEM,Write-In: Elder Vogel Jr.,9,5,0,4
Beaver,BEAVER BORO 1,State Senate,47,DEM,Write-In: Scattered,8,5,0,3
Beaver,BEAVER BORO 1,State Senate,47,DEM,Write-In Totals,50,34,0,16
Beaver,BEAVER BORO 1,State Senate,47,DEM,Not Assigned,0,0,0,0
Beaver,BEAVER BORO 1,State House,15,DEM,Ashlee Caul,129,81,0,48
Beaver,BEAVER BORO 1,State House,15,DEM,Write-In Totals,2,2,0,0
Beaver,BEAVER BORO 1,State House,15,DEM,Not Assigned,2,2,0,0
Beaver,BEAVER BORO 1,DELEGATE TO THE DEMOCRATIC NATIONAL CONVENTION,17,DEM,Nancy Werme,120,72,1,47
Beaver,BEAVER BORO 1,DELEGATE TO THE DEMOCRATIC NATIONAL CONVENTION,17,DEM,Kaylee Werner,111,70,1,40
Beaver,BEAVER BORO 1,DELEGATE TO THE DEMOCRATIC NATIONAL CONVENTION,17,DEM,Mary Jane Jones-Gilliam,109,68,1,40
Beaver,BEAVER BORO 1,DELEGATE TO THE DEMOCRATIC NATIONAL CONVENTION,17,DEM,Lisa M Baldis,107,67,1,39
Beaver,BEAVER BORO 1,DELEGATE TO THE DEMOCRATIC NATIONAL CONVENTION,17,DEM,Dwan B Walker,105,68,1,36
Beaver,BEAVER BORO 1,DELEGATE TO THE DEMOCRATIC NATIONAL CONVENTION,17,DEM,Kevin Kinross,102,63,1,38
Beaver,BEAVER BORO 1,DELEGATE TO THE DEMOCRATIC NATIONAL CONVENTION,17,DEM,Arvind Venkat,101,65,1,35
Beaver,BEAVER BORO 1,DELEGATE TO THE DEMOCRATIC NATIONAL CONVENTION,17,DEM,Write-In Totals,4,2,0,2
Beaver,BEAVER BORO 1,DELEGATE TO THE DEMOCRATIC NATIONAL CONVENTION,17,DEM,Not Assigned,4,2,0,2
Beaver,BEAVER BORO 1,President,,REP,Donald J Trump,81,76,0,5
Beaver,BEAVER BORO 1,President,,REP,Nikki R Haley,23,14,0,9
Beaver,BEAVER BORO 1,President,,REP,Write-In Totals,4,3,0,1
Beaver,BEAVER BORO 1,President,,REP,Not Assigned,4,3,0,1
Beaver,BEAVER BORO 1,U.S. Senate,,REP,Dave Mccormick,93,79,0,14
Beaver,BEAVER BORO 1,U.S. Senate,,REP,Joseph J Vodvarka,8,7,0,1
Beaver,BEAVER BORO 1,U.S. Senate,,REP,Write-In Totals,1,1,0,0
Beaver,BEAVER BORO 1,U.S. Senate,,REP,Not Assigned,1,1,0,0
Beaver,BEAVER BORO 1,U.S. House,17,REP,Rob Mercuri,89,74,0,15
Beaver,BEAVER BORO 1,U.S. House,17,REP,Write-In Totals,1,1,0,0
Beaver,BEAVER BORO 1,U.S. House,17,REP,Not Assigned,1,1,0,0
Beaver,BEAVER BORO 1,State Senate,47,REP,Elder Vogel Jr,104,88,0,16
Beaver,BEAVER BORO 1,State Senate,47,REP,Write-In Totals,1,1,0,0
Beaver,BEAVER BORO 1,State Senate,47,REP,Not Assigned,1,1,0,0
Beaver,BEAVER BORO 1,State House,15,REP,Joshua D Kail,105,89,0,16
Beaver,BEAVER BORO 1,State House,15,REP,Write-In Totals,0,0,0,0
Beaver,BEAVER BORO 1,State House,15,REP,Not Assigned,0,0,0,0
Beaver,BEAVER BORO 1,DELEGATE TO THE REPUBLICAN NATIONAL CONVENTION,17,REP,Abby Kail,70,59,0,11
Beaver,BEAVER BORO 1,DELEGATE TO THE REPUBLICAN NATIONAL CONVENTION,17,REP,Mike Mcmullen,32,27,0,5
Beaver,BEAVER BORO 1,DELEGATE TO THE REPUBLICAN NATIONAL CONVENTION,17,REP,John Fredericks,30,26,0,4
Beaver,BEAVER BORO 1,DELEGATE TO THE REPUBLICAN NATIONAL CONVENTION,17,REP,Jack Casey,26,20,0,6
Beaver,BEAVER BORO 1,DELEGATE TO THE REPUBLICAN NATIONAL CONVENTION,17,REP,Veronica S Steinkirchner,22,17,0,5
Beaver,BEAVER BORO 1,DELEGATE TO THE REPUBLICAN NATIONAL CONVENTION,17,REP,Toni Shuppe,20,18,0,2
Beaver,BEAVER BORO 1,DELEGATE TO THE REPUBLICAN NATIONAL CONVENTION,17,REP,Bob Howard,17,15,0,2
Beaver,BEAVER BORO 1,DELEGATE TO THE REPUBLICAN NATIONAL CONVENTION,17,REP,Vincent E Fusca,10,5,0,5
Beaver,BEAVER BORO 1,DELEGATE TO THE REPUBLICAN NATIONAL CONVENTION,17,REP,Write-In Totals,0,0,0,0
Beaver,BEAVER BORO 1,DELEGATE TO THE REPUBLICAN NATIONAL CONVENTION,17,REP,Not Assigned,0,0,0,0
Beaver,BEAVER BORO 1,ALTERNATE DELEGATE TO THE REPUBLICAN NATIONAL CONVENTION,17,REP,Mike Mcmullen,51,41,0,10
Beaver,BEAVER BORO 1,ALTERNATE DELEGATE TO THE REPUBLICAN NATIONAL CONVENTION,17,REP,Christine Mattarochia,47,37,0,10
Beaver,BEAVER BORO 1,ALTERNATE DELEGATE TO THE REPUBLICAN NATIONAL CONVENTION,17,REP,Bob Hamilton,46,36,0,10
Beaver,BEAVER BORO 1,ALTERNATE DELEGATE TO THE REPUBLICAN NATIONAL CONVENTION,17,REP,M J Costello,36,28,0,8
Beaver,BEAVER BORO 1,ALTERNATE DELEGATE TO THE REPUBLICAN NATIONAL CONVENTION,17,REP,Write-In Totals,0,0,0,0
Beaver,BEAVER BORO 1,ALTERNATE DELEGATE TO THE REPUBLICAN NATIONAL CONVENTION,17,REP,Not Assigned,0,0,0,0
Beaver,BEAVER BORO 2,President,,DEM,Joseph R Biden Jr,132,75,0,57
Beaver,BEAVER BORO 2,President,,DEM,Dean Phillips,12,10,0,2
Beaver,BEAVER BORO 2,President,,DEM,Write-In Totals,13,8,0,5
Beaver,BEAVER BORO 2,President,,DEM,Not Assigned,13,8,0,5
Beaver,BEAVER BORO 2,U.S. Senate,,DEM,Robert P Casey Jr,125,74,0,51
Beaver,BEAVER BORO 2,U.S. Senate,,DEM,William Parker,23,12,0,11
Beaver,BEAVER BORO 2,U.S. Senate,,DEM,Write-In Totals,6,4,0,2
Beaver,BEAVER BORO 2,U.S. Senate,,DEM,Not Assigned,6,4,0,2
Beaver,BEAVER BORO 2,U.S. House,17,DEM,Chris Deluzio,147,92,0,55
Beaver,BEAVER BORO 2,U.S. House,17,DEM,Write-In Totals,1,0,0,1
Beaver,BEAVER BORO 2,U.S. House,17,DEM,Not Assigned,1,0,0,1
Beaver,BEAVER BORO 2,State Senate,47,DEM,Write-In: Kate Lennen,19,13,0,6
Beaver,BEAVER BORO 2,State Senate,47,DEM,Write-In: Elder Vogel Jr.,18,6,0,12
Beaver,BEAVER BORO 2,State Senate,47,DEM,Write-In: Scattered,7,5,0,2
Beaver,BEAVER BORO 2,State Senate,47,DEM,Write-In Totals,44,24,0,20
Beaver,BEAVER BORO 2,State Senate,47,DEM,Not Assigned,0,0,0,0
Beaver,BEAVER BORO 2,State House,15,DEM,Ashlee Caul,137,89,0,48
Beaver,BEAVER BORO 2,State House,15,DEM,Write-In Totals,3,0,0,3
Beaver,BEAVER BORO 2,State House,15,DEM,Not Assigned,3,0,0,3
Beaver,BEAVER BORO 2,DELEGATE TO THE DEMOCRATIC NATIONAL CONVENTION,17,DEM,Nancy Werme,129,80,0,49
Beaver,BEAVER BORO 2,DELEGATE TO THE DEMOCRATIC NATIONAL CONVENTION,17,DEM,Kaylee Werner,117,72,0,45
Beaver,BEAVER BORO 2,DELEGATE TO THE DEMOCRATIC NATIONAL CONVENTION,17,DEM,Arvind Venkat,109,64,0,45
Beaver,BEAVER BORO 2,DELEGATE TO THE DEMOCRATIC NATIONAL CONVENTION,17,DEM,Lisa M Baldis,109,65,0,44
Beaver,BEAVER BORO 2,DELEGATE TO THE DEMOCRATIC NATIONAL CONVENTION,17,DEM,Mary Jane Jones-Gilliam,109,65,0,44
Beaver,BEAVER BORO 2,DELEGATE TO THE DEMOCRATIC NATIONAL CONVENTION,17,DEM,Kevin Kinross,105,62,0,43
Beaver,BEAVER BORO 2,DELEGATE TO THE DEMOCRATIC NATIONAL CONVENTION,17,DEM,Dwan B Walker,104,61,0,43
Beaver,BEAVER BORO 2,DELEGATE TO THE DEMOCRATIC NATIONAL CONVENTION,17,DEM,Write-In Totals,8,1,0,7
Beaver,BEAVER BORO 2,DELEGATE TO THE DEMOCRATIC NATIONAL CONVENTION,17,DEM,Not Assigned,8,1,0,7
Beaver,BEAVER BORO 2,President,,REP,Donald J Trump,103,89,0,14
Beaver,BEAVER BORO 2,President,,REP,Nikki R Haley,46,30,0,16
Beaver,BEAVER BORO 2,President,,REP,Write-In Totals,3,3,0,0
Beaver,BEAVER BORO 2,President,,REP,Not Assigned,3,3,0,0
Beaver,BEAVER BORO 2,U.S. Senate,,REP,Dave Mccormick,143,116,0,27
Beaver,BEAVER BORO 2,U.S. Senate,,REP,Joseph J Vodvarka,2,2,0,0
Beaver,BEAVER BORO 2,U.S. Senate,,REP,Write-In Totals,5,4,0,1
Beaver,BEAVER BORO 2,U.S. Senate,,REP,Not Assigned,5,4,0,1
Beaver,BEAVER BORO 2,U.S. House,17,REP,Rob Mercuri,133,108,0,25
Beaver,BEAVER BORO 2,U.S. House,17,REP,Write-In Totals,1,0,0,1
Beaver,BEAVER BORO 2,U.S. House,17,REP,Not Assigned,1,0,0,1
Beaver,BEAVER BORO 2,State Senate,47,REP,Elder Vogel Jr,148,118,0,30
Beaver,BEAVER BORO 2,State Senate,47,REP,Write-In Totals,1,1,0,0
Beaver,BEAVER BORO 2,State Senate,47,REP,Not Assigned,1,1,0,0
Beaver,BEAVER BORO 2,State House,15,REP,Joshua D Kail,147,119,0,28
Beaver,BEAVER BORO 2,State House,15,REP,Write-In Totals,1,1,0,0
Beaver,BEAVER BORO 2,State House,15,REP,Not Assigned,1,1,0,0
Beaver,BEAVER BORO 2,DELEGATE TO THE REPUBLICAN NATIONAL CONVENTION,17,REP,Abby Kail,99,80,0,19
Beaver,BEAVER BORO 2,DELEGATE TO THE REPUBLICAN NATIONAL CONVENTION,17,REP,Mike Mcmullen,52,44,0,8
Beaver,BEAVER BORO 2,DELEGATE TO THE REPUBLICAN NATIONAL CONVENTION,17,REP,John Fredericks,51,35,0,16
Beaver,BEAVER BORO 2,DELEGATE TO THE REPUBLICAN NATIONAL CONVENTION,17,REP,Toni Shuppe,44,32,0,12
Beaver,BEAVER BORO 2,DELEGATE TO THE REPUBLICAN NATIONAL CONVENTION,17,REP,Jack Casey,29,23,0,6
Beaver,BEAVER BORO 2,DELEGATE TO THE REPUBLICAN NATIONAL CONVENTION,17,REP,Veronica S Steinkirchner,29,25,0,4
Beaver,BEAVER BORO 2,DELEGATE TO THE REPUBLICAN NATIONAL CONVENTION,17,REP,Bob Howard,23,19,0,4
Beaver,BEAVER BORO 2,DELEGATE TO THE REPUBLICAN NATIONAL CONVENTION,17,REP,Vincent E Fusca,19,15,0,4
Beaver,BEAVER BORO 2,DELEGATE TO THE REPUBLICAN NATIONAL CONVENTION,17,REP,Write-In Totals,1,1,0,0
Beaver,BEAVER BORO 2,DELEGATE TO THE REPUBLICAN NATIONAL CONVENTION,17,REP,Not Assigned,1,1,0,0
Beaver,BEAVER BORO 2,ALTERNATE DELEGATE TO THE REPUBLICAN NATIONAL CONVENTION,17,REP,Bob Hamilton,79,63,0,16
Beaver,BEAVER BORO 2,ALTERNATE DELEGATE TO THE REPUBLICAN NATIONAL CONVENTION,17,REP,Mike Mcmullen,72,59,0,13
Beaver,BEAVER BORO 2,ALTERNATE DELEGATE TO THE REPUBLICAN NATIONAL CONVENTION,17,REP,Christine Mattarochia,71,55,0,16
Beaver,BEAVER BORO 2,ALTERNATE DELEGATE TO THE REPUBLICAN NATIONAL CONVENTION,17,REP,M J Costello,43,33,0,10
Beaver,BEAVER BORO 2,ALTERNATE DELEGATE TO THE REPUBLICAN NATIONAL CONVENTION,17,REP,Write-In Totals,5,3,0,2
Beaver,BEAVER BORO 2,ALTERNATE DELEGATE TO THE REPUBLICAN NATIONAL CONVENTION,17,REP,Not Assigned,5,3,0,2
Beaver,BEAVER BORO 3,President,,DEM,Joseph R Biden Jr,142,79,0,63
Beaver,BEAVER BORO 3,President,,DEM,Dean Phillips,16,12,0,4
Beaver,BEAVER BORO 3,President,,DEM,Write-In Totals,7,7,0,0
Beaver,BEAVER BORO 3,President,,DEM,Not Assigned,7,7,0,0
Beaver,BEAVER BORO 3,U.S. Senate,,DEM,Robert P Casey Jr,136,79,0,57
Beaver,BEAVER BORO 3,U.S. Senate,,DEM,William Parker,15,5,0,10
Beaver,BEAVER BORO 3,U.S. Senate,,DEM,Write-In Totals,12,12,0,0
Beaver,BEAVER BORO 3,U.S. Senate,,DEM,Not Assigned,12,12,0,0
Beaver,BEAVER BORO 3,U.S. House,17,DEM,Chris Deluzio,157,92,0,65
Beaver,BEAVER BORO 3,U.S. House,17,DEM,Write-In Totals,0,0,0,0
Beaver,BEAVER BORO 3,U.S. House,17,DEM,Not Assigned,0,0,0,0
Beaver,BEAVER BORO 3,State Senate,47,DEM,Write-In: Kate Lennen,18,10,0,8
Beaver,BEAVER BORO 3,State Senate,47,DEM,Write-In: Scattered,10,8,0,2
Beaver,BEAVER BORO 3,State Senate,47,DEM,Write-In: Elder Vogel Jr.,10,7,0,3
Beaver,BEAVER BORO 3,State Senate,47,DEM,Write-In Totals,38,25,0,13
Beaver,BEAVER BORO 3,State Senate,47,DEM,Not Assigned,0,0,0,0
Beaver,BEAVER BORO 3,State House,15,DEM,Ashlee Caul,154,88,0,66
Beaver,BEAVER BORO 3,State House,15,DEM,Write-In Totals,1,1,0,0
Beaver,BEAVER BORO 3,State House,15,DEM,Not Assigned,1,1,0,0
Beaver,BEAVER BORO 3,DELEGATE TO THE DEMOCRATIC NATIONAL CONVENTION,17,DEM,Nancy Werme,152,90,0,62
Beaver,BEAVER BORO 3,DELEGATE TO THE DEMOCRATIC NATIONAL CONVENTION,17,DEM,Kaylee Werner,124,67,0,57
Beaver,BEAVER BORO 3,DELEGATE TO THE DEMOCRATIC NATIONAL CONVENTION,17,DEM,Lisa M Baldis,120,64,0,56
Beaver,BEAVER BORO 3,DELEGATE TO THE DEMOCRATIC NATIONAL CONVENTION,17,DEM,Mary Jane Jones-Gilliam,117,62,0,55
Beaver,BEAVER BORO 3,DELEGATE TO THE DEMOCRATIC NATIONAL CONVENTION,17,DEM,Dwan B Walker,115,61,0,54
Beaver,BEAVER BORO 3,DELEGATE TO THE DEMOCRATIC NATIONAL CONVENTION,17,DEM,Arvind Venkat,111,60,0,51
Beaver,BEAVER BORO 3,DELEGATE TO THE DEMOCRATIC NATIONAL CONVENTION,17,DEM,Kevin Kinross,109,59,0,50
Beaver,BEAVER BORO 3,DELEGATE TO THE DEMOCRATIC NATIONAL CONVENTION,17,DEM,Write-In Totals,7,7,0,0
Beaver,BEAVER BORO 3,DELEGATE TO THE DEMOCRATIC NATIONAL CONVENTION,17,DEM,Not Assigned,7,7,0,0
Beaver,BEAVER BORO 3,President,,REP,Donald J Trump,128,114,0,14
Beaver,BEAVER BORO 3,President,,REP,Nikki R Haley,25,19,0,6
Beaver,BEAVER BORO 3,President,,REP,Write-In Totals,4,3,0,1
Beaver,BEAVER BORO 3,President,,REP,Not Assigned,4,3,0,1
Beaver,BEAVER BORO 3,U.S. Senate,,REP,Dave Mccormick,134,116,0,18
Beaver,BEAVER BORO 3,U.S. Senate,,REP,Joseph J Vodvarka,7,6,0,1
Beaver,BEAVER BORO 3,U.S. Senate,,REP,Write-In Totals,10,9,0,1
Beaver,BEAVER BORO 3,U.S. Senate,,REP,Not Assigned,10,9,0,1
Beaver,BEAVER BORO 3,U.S. House,17,REP,Rob Mercuri,137,119,0,18
Beaver,BEAVER BORO 3,U.S. House,17,REP,Write-In Totals,2,1,0,1
Beaver,BEAVER BORO 3,U.S. House,17,REP,Not Assigned,2,1,0,1
Beaver,BEAVER BORO 3,State Senate,47,REP,Elder Vogel Jr,151,133,0,18
Beaver,BEAVER BORO 3,State Senate,47,REP,Write-In Totals,0,0,0,0
Beaver,BEAVER BORO 3,State Senate,47,REP,Not Assigned,0,0,0,0
Beaver,BEAVER BORO 3,State House,15,REP,Joshua D Kail,155,134,0,21
Beaver,BEAVER BORO 3,State House,15,REP,Write-In Totals,0,0,0,0
Beaver,BEAVER BORO 3,State House,15,REP,Not Assigned,0,0,0,0
Beaver,BEAVER BORO 3,DELEGATE TO THE REPUBLICAN NATIONAL CONVENTION,17,REP,Abby Kail,114,103,0,11
Beaver,BEAVER BORO 3,DELEGATE TO THE REPUBLICAN NATIONAL CONVENTION,17,REP,Mike Mcmullen,56,52,0,4
Beaver,BEAVER BORO 3,DELEGATE TO THE REPUBLICAN NATIONAL CONVENTION,17,REP,John Fredericks,53,50,0,3
Beaver,BEAVER BORO 3,DELEGATE TO THE REPUBLICAN NATIONAL CONVENTION,17,REP,Veronica S Steinkirchner,38,31,0,7
Beaver,BEAVER BORO 3,DELEGATE TO THE REPUBLICAN NATIONAL CONVENTION,17,REP,Jack Casey,37,29,0,8
Beaver,BEAVER BORO 3,DELEGATE TO THE REPUBLICAN NATIONAL CONVENTION,17,REP,Toni Shuppe,33,28,0,5
Beaver,BEAVER BORO 3,DELEGATE TO THE REPUBLICAN NATIONAL CONVENTION,17,REP,Bob Howard,29,28,0,1
Beaver,BEAVER BORO 3,DELEGATE TO THE REPUBLICAN NATIONAL CONVENTION,17,REP,Vincent E Fusca,19,17,0,2
Beaver,BEAVER BORO 3,DELEGATE TO THE REPUBLICAN NATIONAL CONVENTION,17,REP,Write-In Totals,3,3,0,0
Beaver,BEAVER BORO 3,DELEGATE TO THE REPUBLICAN NATIONAL CONVENTION,17,REP,Not Assigned,3,3,0,0
Beaver,BEAVER BORO 3,ALTERNATE DELEGATE TO THE REPUBLICAN NATIONAL CONVENTION,17,REP,Bob Hamilton,80,72,0,8
Beaver,BEAVER BORO 3,ALTERNATE DELEGATE TO THE REPUBLICAN NATIONAL CONVENTION,17,REP,Christine Mattarochia,75,65,0,10
Beaver,BEAVER BORO 3,ALTERNATE DELEGATE TO THE REPUBLICAN NATIONAL CONVENTION,17,REP,Mike Mcmullen,65,59,0,6
Beaver,BEAVER BORO 3,ALTERNATE DELEGATE TO THE REPUBLICAN NATIONAL CONVENTION,17,REP,M J Costello,55,44,0,11
Beaver,BEAVER BORO 3,ALTERNATE DELEGATE TO THE REPUBLICAN NATIONAL CONVENTION,17,REP,Write-In Totals,4,1,0,3
Beaver,BEAVER BORO 3,ALTERNATE DELEGATE TO THE REPUBLICAN NATIONAL CONVENTION,17,REP,Not Assigned,4,1,0,3
Beaver,BEAVER FALLS 1,President,,DEM,Joseph R Biden Jr,78,47,0,31
Beaver,BEAVER FALLS 1,President,,DEM,Dean Phillips,15,9,0,6
Beaver,BEAVER FALLS 1,President,,DEM,Write-In Totals,6,5,0,1
Beaver,BEAVER FALLS 1,President,,DEM,Not Assigned,6,5,0,1
Beaver,BEAVER FALLS 1,U.S. Senate,,DEM,Robert P Casey Jr,66,36,0,30
Beaver,BEAVER FALLS 1,U.S. Senate,,DEM,William Parker,32,24,0,8
Beaver,BEAVER FALLS 1,U.S. Senate,,DEM,Write-In Totals,0,0,0,0
Beaver,BEAVER FALLS 1,U.S. Senate,,DEM,Not Assigned,0,0,0,0
Beaver,BEAVER FALLS 1,U.S. House,17,DEM,Chris Deluzio,96,59,0,37
Beaver,BEAVER FALLS 1,U.S. House,17,DEM,Write-In Totals,1,0,0,1
Beaver,BEAVER FALLS 1,U.S. House,17,DEM,Not Assigned,1,0,0,1
Beaver,BEAVER FALLS 1,State Senate,47,DEM,Write-In: Scattered,10,9,0,1
Beaver,BEAVER FALLS 1,State Senate,47,DEM,Write-In: Elder Vogel Jr.,8,4,0,4
Beaver,BEAVER FALLS 1,State Senate,47,DEM,Write-In: Kate Lennen,6,5,0,1
Beaver,BEAVER FALLS 1,State Senate,47,DEM,Write-In Totals,24,18,0,6
Beaver,BEAVER FALLS 1,State Senate,47,DEM,Not Assigned,0,0,0,0
Beaver,BEAVER FALLS 1,State House,14,DEM,Kenya Johns,92,59,0,33
Beaver,BEAVER FALLS 1,State House,14,DEM,Write-In Totals,2,0,0,2
Beaver,BEAVER FALLS 1,State House,14,DEM,Not Assigned,2,0,0,2
Beaver,BEAVER FALLS 1,DELEGATE TO THE DEMOCRATIC NATIONAL CONVENTION,17,DEM,Dwan B Walker,76,47,0,29
Beaver,BEAVER FALLS 1,DELEGATE TO THE DEMOCRATIC NATIONAL CONVENTION,17,DEM,Kaylee Werner,70,43,0,27
Beaver,BEAVER FALLS 1,DELEGATE TO THE DEMOCRATIC NATIONAL CONVENTION,17,DEM,Nancy Werme,69,39,0,30
Beaver,BEAVER FALLS 1,DELEGATE TO THE DEMOCRATIC NATIONAL CONVENTION,17,DEM,Arvind Venkat,67,38,0,29
Beaver,BEAVER FALLS 1,DELEGATE TO THE DEMOCRATIC NATIONAL CONVENTION,17,DEM,Mary Jane Jones-Gilliam,67,39,0,28
Beaver,BEAVER FALLS 1,DELEGATE TO THE DEMOCRATIC NATIONAL CONVENTION,17,DEM,Kevin Kinross,65,38,0,27
Beaver,BEAVER FALLS 1,DELEGATE TO THE DEMOCRATIC NATIONAL CONVENTION,17,DEM,Lisa M Baldis,63,36,0,27
Beaver,BEAVER FALLS 1,DELEGATE TO THE DEMOCRATIC NATIONAL CONVENTION,17,DEM,Write-In Totals,0,0,0,0
Beaver,BEAVER FALLS 1,DELEGATE TO THE DEMOCRATIC NATIONAL CONVENTION,17,DEM,Not Assigned,0,0,0,0
Beaver,BEAVER FALLS 1,President,,REP,Donald J Trump,25,17,0,8
Beaver,BEAVER FALLS 1,President,,REP,Nikki R Haley,7,5,0,2
Beaver,BEAVER FALLS 1,President,,REP,Write-In Totals,1,0,0,1
Beaver,BEAVER FALLS 1,President,,REP,Not Assigned,1,0,0,1
Beaver,BEAVER FALLS 1,U.S. Senate,,REP,Dave Mccormick,30,20,0,10
Beaver,BEAVER FALLS 1,U.S. Senate,,REP,Joseph J Vodvarka,3,2,0,1
Beaver,BEAVER FALLS 1,U.S. Senate,,REP,Write-In Totals,0,0,0,0
Beaver,BEAVER FALLS 1,U.S. Senate,,REP,Not Assigned,0,0,0,0
Beaver,BEAVER FALLS 1,U.S. House,17,REP,Rob Mercuri,32,21,0,11
Beaver,BEAVER FALLS 1,U.S. House,17,REP,Write-In Totals,0,0,0,0
Beaver,BEAVER FALLS 1,U.S. House,17,REP,Not Assigned,0,0,0,0
Beaver,BEAVER FALLS 1,State Senate,47,REP,Elder Vogel Jr,33,21,0,12
Beaver,BEAVER FALLS 1,State Senate,47,REP,Write-In Totals,1,1,0,0
Beaver,BEAVER FALLS 1,State Senate,47,REP,Not Assigned,1,1,0,0
Beaver,BEAVER FALLS 1,State House,14,REP,Roman Kozak,34,22,0,12
Beaver,BEAVER FALLS 1,State House,14,REP,Write-In Totals,0,0,0,0
Beaver,BEAVER FALLS 1,State House,14,REP,Not Assigned,0,0,0,0
Beaver,BEAVER FALLS 1,DELEGATE TO THE REPUBLICAN NATIONAL CONVENTION,17,REP,Mike Mcmullen,18,12,0,6
Beaver,BEAVER FALLS 1,DELEGATE TO THE REPUBLICAN NATIONAL CONVENTION,17,REP,Jack Casey,15,7,0,8
Beaver,BEAVER FALLS 1,DELEGATE TO THE REPUBLICAN NATIONAL CONVENTION,17,REP,Abby Kail,13,11,0,2
Beaver,BEAVER FALLS 1,DELEGATE TO THE REPUBLICAN NATIONAL CONVENTION,17,REP,Veronica S Steinkirchner,12,8,0,4
Beaver,BEAVER FALLS 1,DELEGATE TO THE REPUBLICAN NATIONAL CONVENTION,17,REP,Toni Shuppe,11,5,0,6
Beaver,BEAVER FALLS 1,DELEGATE TO THE REPUBLICAN NATIONAL CONVENTION,17,REP,Bob Howard,7,3,0,4
Beaver,BEAVER FALLS 1,DELEGATE TO THE REPUBLICAN NATIONAL CONVENTION,17,REP,Vincent E Fusca,6,5,0,1
Beaver,BEAVER FALLS 1,DELEGATE TO THE REPUBLICAN NATIONAL CONVENTION,17,REP,John Fredericks,4,4,0,0
Beaver,BEAVER FALLS 1,DELEGATE TO THE REPUBLICAN NATIONAL CONVENTION,17,REP,Write-In Totals,0,0,0,0
Beaver,BEAVER FALLS 1,DELEGATE TO THE REPUBLICAN NATIONAL CONVENTION,17,REP,Not Assigned,0,0,0,0
Beaver,BEAVER FALLS 1,ALTERNATE DELEGATE TO THE REPUBLICAN NATIONAL CONVENTION,17,REP,Mike Mcmullen,18,11,0,7
Beaver,BEAVER FALLS 1,ALTERNATE DELEGATE TO THE REPUBLICAN NATIONAL CONVENTION,17,REP,Christine Mattarochia,17,11,0,6
Beaver,BEAVER FALLS 1,ALTERNATE DELEGATE TO THE REPUBLICAN NATIONAL CONVENTION,17,REP,Bob Hamilton,15,8,0,7
Beaver,BEAVER FALLS 1,ALTERNATE DELEGATE TO THE REPUBLICAN NATIONAL CONVENTION,17,REP,M J Costello,12,7,0,5
Beaver,BEAVER FALLS 1,ALTERNATE DELEGATE TO THE REPUBLICAN NATIONAL CONVENTION,17,REP,Write-In Totals,0,0,0,0
Beaver,BEAVER FALLS 1,ALTERNATE DELEGATE TO THE REPUBLICAN NATIONAL CONVENTION,17,REP,Not Assigned,0,0,0,0
Beaver,BEAVER FALLS 2,President,,DEM,Joseph R Biden Jr,68,42,1,25
Beaver,BEAVER FALLS 2,President,,DEM,Dean Phillips,6,5,0,1
Beaver,BEAVER FALLS 2,President,,DEM,Write-In Totals,5,4,0,1
Beaver,BEAVER FALLS 2,President,,DEM,Not Assigned,5,4,0,1
Beaver,BEAVER FALLS 2,U.S. Senate,,DEM,Robert P Casey Jr,58,35,1,22
Beaver,BEAVER FALLS 2,U.S. Senate,,DEM,William Parker,17,14,0,3
Beaver,BEAVER FALLS 2,U.S. Senate,,DEM,Write-In Totals,3,2,0,1
Beaver,BEAVER FALLS 2,U.S. Senate,,DEM,Not Assigned,3,2,0,1
Beaver,BEAVER FALLS 2,U.S. House,17,DEM,Chris Deluzio,74,48,1,25
Beaver,BEAVER FALLS 2,U.S. House,17,DEM,Write-In Totals,0,0,0,0
Beaver,BEAVER FALLS 2,U.S. House,17,DEM,Not Assigned,0,0,0,0
Beaver,BEAVER FALLS 2,State Senate,47,DEM,Write-In: Scattered,7,4,0,3
Beaver,BEAVER FALLS 2,State Senate,47,DEM,Write-In: Elder Vogel Jr.,4,3,1,0
Beaver,BEAVER FALLS 2,State Senate,47,DEM,Write-In: Kate Lennen,1,0,0,1
Beaver,BEAVER FALLS 2,State Senate,47,DEM,Write-In Totals,12,7,1,4
Beaver,BEAVER FALLS 2,State Senate,47,DEM,Not Assigned,0,0,0,0
Beaver,BEAVER FALLS 2,State House,14,DEM,Kenya Johns,74,50,1,23
Beaver,BEAVER FALLS 2,State House,14,DEM,Write-In Totals,1,1,0,0
Beaver,BEAVER FALLS 2,State House,14,DEM,Not Assigned,1,1,0,0
Beaver,BEAVER FALLS 2,DELEGATE TO THE DEMOCRATIC NATIONAL CONVENTION,17,DEM,Mary Jane Jones-Gilliam,60,40,1,19
Beaver,BEAVER FALLS 2,DELEGATE TO THE DEMOCRATIC NATIONAL CONVENTION,17,DEM,Dwan B Walker,53,34,0,19
Beaver,BEAVER FALLS 2,DELEGATE TO THE DEMOCRATIC NATIONAL CONVENTION,17,DEM,Kaylee Werner,52,31,1,20
Beaver,BEAVER FALLS 2,DELEGATE TO THE DEMOCRATIC NATIONAL CONVENTION,17,DEM,Nancy Werme,52,32,1,19
Beaver,BEAVER FALLS 2,DELEGATE TO THE DEMOCRATIC NATIONAL CONVENTION,17,DEM,Arvind Venkat,45,25,0,20
Beaver,BEAVER FALLS 2,DELEGATE TO THE DEMOCRATIC NATIONAL CONVENTION,17,DEM,Lisa M Baldis,43,25,1,17
Beaver,BEAVER FALLS 2,DELEGATE TO THE DEMOCRATIC NATIONAL CONVENTION,17,DEM,Kevin Kinross,42,25,0,17
Beaver,BEAVER FALLS 2,DELEGATE TO THE DEMOCRATIC NATIONAL CONVENTION,17,DEM,Write-In Totals,1,1,0,0
Beaver,BEAVER FALLS 2,DELEGATE TO THE DEMOCRATIC NATIONAL CONVENTION,17,DEM,Not Assigned,1,1,0,0
Beaver,BEAVER FALLS 2,President,,REP,Donald J Trump,34,28,0,6
Beaver,BEAVER FALLS 2,President,,REP,Nikki R Haley,5,3,0,2
Beaver,BEAVER FALLS 2,President,,REP,Write-In Totals,1,1,0,0
Beaver,BEAVER FALLS 2,President,,REP,Not Assigned,1,1,0,0
Beaver,BEAVER FALLS 2,U.S. Senate,,REP,Dave Mccormick,30,24,0,6
Beaver,BEAVER FALLS 2,U.S. Senate,,REP,Joseph J Vodvarka,5,3,0,2
Beaver,BEAVER FALLS 2,U.S. Senate,,REP,Write-In Totals,1,1,0,0
Beaver,BEAVER FALLS 2,U.S. Senate,,REP,Not Assigned,1,1,0,0
Beaver,BEAVER FALLS 2,U.S. House,17,REP,Rob Mercuri,34,26,0,8
Beaver,BEAVER FALLS 2,U.S. House,17,REP,Write-In Totals,0,0,0,0
Beaver,BEAVER FALLS 2,U.S. House,17,REP,Not Assigned,0,0,0,0
Beaver,BEAVER FALLS 2,State Senate,47,REP,Elder Vogel Jr,37,30,0,7
Beaver,BEAVER FALLS 2,State Senate,47,REP,Write-In Totals,0,0,0,0
Beaver,BEAVER FALLS 2,State Senate,47,REP,Not Assigned,0,0,0,0
Beaver,BEAVER FALLS 2,State House,14,REP,Roman Kozak,36,28,0,8
Beaver,BEAVER FALLS 2,State House,14,REP,Write-In Totals,1,1,0,0
Beaver,BEAVER FALLS 2,State House,14,REP,Not Assigned,1,1,0,0
Beaver,BEAVER FALLS 2,DELEGATE TO THE REPUBLICAN NATIONAL CONVENTION,17,REP,Mike Mcmullen,17,15,0,2
Beaver,BEAVER FALLS 2,DELEGATE TO THE REPUBLICAN NATIONAL CONVENTION,17,REP,Bob Howard,16,13,0,3
Beaver,BEAVER FALLS 2,DELEGATE TO THE REPUBLICAN NATIONAL CONVENTION,17,REP,Abby Kail,15,9,0,6
Beaver,BEAVER FALLS 2,DELEGATE TO THE REPUBLICAN NATIONAL CONVENTION,17,REP,Jack Casey,13,10,0,3
Beaver,BEAVER FALLS 2,DELEGATE TO THE REPUBLICAN NATIONAL CONVENTION,17,REP,John Fredericks,11,5,0,6
Beaver,BEAVER FALLS 2,DELEGATE TO THE REPUBLICAN NATIONAL CONVENTION,17,REP,Toni Shuppe,8,7,0,1
Beaver,BEAVER FALLS 2,DELEGATE TO THE REPUBLICAN NATIONAL CONVENTION,17,REP,Veronica S Steinkirchner,5,3,0,2
Beaver,BEAVER FALLS 2,DELEGATE TO THE REPUBLICAN NATIONAL CONVENTION,17,REP,Vincent E Fusca,5,4,0,1
Beaver,BEAVER FALLS 2,DELEGATE TO THE REPUBLICAN NATIONAL CONVENTION,17,REP,Write-In Totals,0,0,0,0
Beaver,BEAVER FALLS 2,DELEGATE TO THE REPUBLICAN NATIONAL CONVENTION,17,REP,Not Assigned,0,0,0,0
Beaver,BEAVER FALLS 2,ALTERNATE DELEGATE TO THE REPUBLICAN NATIONAL CONVENTION,17,REP,Mike Mcmullen,24,18,0,6
Beaver,BEAVER FALLS 2,ALTERNATE DELEGATE TO THE REPUBLICAN NATIONAL CONVENTION,17,REP,Bob Hamilton,22,15,0,7
Beaver,BEAVER FALLS 2,ALTERNATE DELEGATE TO THE REPUBLICAN NATIONAL CONVENTION,17,REP,Christine Mattarochia,19,12,0,7
Beaver,BEAVER FALLS 2,ALTERNATE DELEGATE TO THE REPUBLICAN NATIONAL CONVENTION,17,REP,M J Costello,13,11,0,2
Beaver,BEAVER FALLS 2,ALTERNATE DELEGATE TO THE REPUBLICAN NATIONAL CONVENTION,17,REP,Write-In Totals,1,1,0,0
Beaver,BEAVER FALLS 2,ALTERNATE DELEGATE TO THE REPUBLICAN NATIONAL CONVENTION,17,REP,Not Assigned,1,1,0,0
Beaver,BEAVER FALLS 3,President,,DEM,Joseph R Biden Jr,93,59,0,34
Beaver,BEAVER FALLS 3,President,,DEM,Dean Phillips,9,8,0,1
Beaver,BEAVER FALLS 3,President,,DEM,Write-In Totals,4,3,0,1
Beaver,BEAVER FALLS 3,President,,DEM,Not Assigned,4,3,0,1
Beaver,BEAVER FALLS 3,U.S. Senate,,DEM,Robert P Casey Jr,80,52,0,28
Beaver,BEAVER FALLS 3,U.S. Senate,,DEM,William Parker,27,21,0,6
Beaver,BEAVER FALLS 3,U.S. Senate,,DEM,Write-In Totals,2,0,0,2
Beaver,BEAVER FALLS 3,U.S. Senate,,DEM,Not Assigned,2,0,0,2
Beaver,BEAVER FALLS 3,U.S. House,17,DEM,Chris Deluzio,105,70,0,35
Beaver,BEAVER FALLS 3,U.S. House,17,DEM,Write-In Totals,0,0,0,0
Beaver,BEAVER FALLS 3,U.S. House,17,DEM,Not Assigned,0,0,0,0
Beaver,BEAVER FALLS 3,State Senate,47,DEM,Write-In: Elder Vogel Jr.,13,9,0,4
Beaver,BEAVER FALLS 3,State Senate,47,DEM,Write-In: Scattered,11,9,0,2
Beaver,BEAVER FALLS 3,State Senate,47,DEM,Write-In: Kate Lennen,3,2,0,1
Beaver,BEAVER FALLS 3,State Senate,47,DEM,Write-In Totals,27,20,0,7
Beaver,BEAVER FALLS 3,State Senate,47,DEM,Not Assigned,0,0,0,0
Beaver,BEAVER FALLS 3,State House,14,DEM,Kenya Johns,100,68,0,32
Beaver,BEAVER FALLS 3,State House,14,DEM,Write-In Totals,1,1,0,0
Beaver,BEAVER FALLS 3,State House,14,DEM,Not Assigned,1,1,0,0
Beaver,BEAVER FALLS 3,DELEGATE TO THE DEMOCRATIC NATIONAL CONVENTION,17,DEM,Kaylee Werner,86,57,0,29
Beaver,BEAVER FALLS 3,DELEGATE TO THE DEMOCRATIC NATIONAL CONVENTION,17,DEM,Nancy Werme,86,55,0,31
Beaver,BEAVER FALLS 3,DELEGATE TO THE DEMOCRATIC NATIONAL CONVENTION,17,DEM,Dwan B Walker,85,58,0,27
Beaver,BEAVER FALLS 3,DELEGATE TO THE DEMOCRATIC NATIONAL CONVENTION,17,DEM,Mary Jane Jones-Gilliam,83,54,0,29
Beaver,BEAVER FALLS 3,DELEGATE TO THE DEMOCRATIC NATIONAL CONVENTION,17,DEM,Arvind Venkat,74,48,0,26
Beaver,BEAVER FALLS 3,DELEGATE TO THE DEMOCRATIC NATIONAL CONVENTION,17,DEM,Lisa M Baldis,74,47,0,27
Beaver,BEAVER FALLS 3,DELEGATE TO THE DEMOCRATIC NATIONAL CONVENTION,17,DEM,Kevin Kinross,72,47,0,25
Beaver,BEAVER FALLS 3,DELEGATE TO THE DEMOCRATIC NATIONAL CONVENTION,17,DEM,Write-In Totals,7,7,0,0
Beaver,BEAVER FALLS 3,DELEGATE TO THE DEMOCRATIC NATIONAL CONVENTION,17,DEM,Not Assigned,7,7,0,0
Beaver,BEAVER FALLS 3,President,,REP,Donald J Trump,24,24,0,0
Beaver,BEAVER FALLS 3,President,,REP,Nikki R Haley,6,4,0,2
Beaver,BEAVER FALLS 3,President,,REP,Write-In Totals,1,0,0,1
Beaver,BEAVER FALLS 3,President,,REP,Not Assigned,1,0,0,1
Beaver,BEAVER FALLS 3,U.S. Senate,,REP,Dave Mccormick,29,26,0,3
Beaver,BEAVER FALLS 3,U.S. Senate,,REP,Joseph J Vodvarka,0,0,0,0
Beaver,BEAVER FALLS 3,U.S. Senate,,REP,Write-In Totals,0,0,0,0
Beaver,BEAVER FALLS 3,U.S. Senate,,REP,Not Assigned,0,0,0,0
Beaver,BEAVER FALLS 3,U.S. House,17,REP,Rob Mercuri,26,23,0,3
Beaver,BEAVER FALLS 3,U.S. House,17,REP,Write-In Totals,0,0,0,0
Beaver,BEAVER FALLS 3,U.S. House,17,REP,Not Assigned,0,0,0,0
Beaver,BEAVER FALLS 3,State Senate,47,REP,Elder Vogel Jr,31,28,0,3
Beaver,BEAVER FALLS 3,State Senate,47,REP,Write-In Totals,0,0,0,0
Beaver,BEAVER FALLS 3,State Senate,47,REP,Not Assigned,0,0,0,0
Beaver,BEAVER FALLS 3,State House,14,REP,Roman Kozak,31,28,0,3
Beaver,BEAVER FALLS 3,State House,14,REP,Write-In Totals,0,0,0,0
Beaver,BEAVER FALLS 3,State House,14,REP,Not Assigned,0,0,0,0
Beaver,BEAVER FALLS 3,DELEGATE TO THE REPUBLICAN NATIONAL CONVENTION,17,REP,Mike Mcmullen,12,11,0,1
Beaver,BEAVER FALLS 3,DELEGATE TO THE REPUBLICAN NATIONAL CONVENTION,17,REP,Jack Casey,12,11,0,1
Beaver,BEAVER FALLS 3,DELEGATE TO THE REPUBLICAN NATIONAL CONVENTION,17,REP,John Fredericks,12,11,0,1
Beaver,BEAVER FALLS 3,DELEGATE TO THE REPUBLICAN NATIONAL CONVENTION,17,REP,Bob Howard,9,8,0,1
Beaver,BEAVER FALLS 3,DELEGATE TO THE REPUBLICAN NATIONAL CONVENTION,17,REP,Abby Kail,8,7,0,1
Beaver,BEAVER FALLS 3,DELEGATE TO THE REPUBLICAN NATIONAL CONVENTION,17,REP,Vincent E Fusca,8,7,0,1
Beaver,BEAVER FALLS 3,DELEGATE TO THE REPUBLICAN NATIONAL CONVENTION,17,REP,Toni Shuppe,6,4,0,2
Beaver,BEAVER FALLS 3,DELEGATE TO THE REPUBLICAN NATIONAL CONVENTION,17,REP,Veronica S Steinkirchner,4,3,0,1
Beaver,BEAVER FALLS 3,DELEGATE TO THE REPUBLICAN NATIONAL CONVENTION,17,REP,Write-In Totals,0,0,0,0
Beaver,BEAVER FALLS 3,DELEGATE TO THE REPUBLICAN NATIONAL CONVENTION,17,REP,Not Assigned,0,0,0,0
Beaver,BEAVER FALLS 3,ALTERNATE DELEGATE TO THE REPUBLICAN NATIONAL CONVENTION,17,REP,Mike Mcmullen,20,17,0,3
Beaver,BEAVER FALLS 3,ALTERNATE DELEGATE TO THE REPUBLICAN NATIONAL CONVENTION,17,REP,Christine Mattarochia,18,15,0,3
Beaver,BEAVER FALLS 3,ALTERNATE DELEGATE TO THE REPUBLICAN NATIONAL CONVENTION,17,REP,Bob Hamilton,15,15,0,0
Beaver,BEAVER FALLS 3,ALTERNATE DELEGATE TO THE REPUBLICAN NATIONAL CONVENTION,17,REP,M J Costello,15,12,0,3
Beaver,BEAVER FALLS 3,ALTERNATE DELEGATE TO THE REPUBLICAN NATIONAL CONVENTION,17,REP,Write-In Totals,0,0,0,0
Beaver,BEAVER FALLS 3,ALTERNATE DELEGATE TO THE REPUBLICAN NATIONAL CONVENTION,17,REP,Not Assigned,0,0,0,0
Beaver,BEAVER FALLS 4,President,,DEM,Joseph R Biden Jr,59,44,0,15
Beaver,BEAVER FALLS 4,President,,DEM,Dean Phillips,5,4,0,1
Beaver,BEAVER FALLS 4,President,,DEM,Write-In Totals,2,2,0,0
Beaver,BEAVER FALLS 4,President,,DEM,Not Assigned,2,2,0,0
Beaver,BEAVER FALLS 4,U.S. Senate,,DEM,Robert P Casey Jr,47,37,0,10
Beaver,BEAVER FALLS 4,U.S. Senate,,DEM,William Parker,16,10,0,6
Beaver,BEAVER FALLS 4,U.S. Senate,,DEM,Write-In Totals,2,2,0,0
Beaver,BEAVER FALLS 4,U.S. Senate,,DEM,Not Assigned,2,2,0,0
Beaver,BEAVER FALLS 4,U.S. House,17,DEM,Chris Deluzio,63,48,0,15
Beaver,BEAVER FALLS 4,U.S. House,17,DEM,Write-In Totals,1,1,0,0
Beaver,BEAVER FALLS 4,U.S. House,17,DEM,Not Assigned,1,1,0,0
Beaver,BEAVER FALLS 4,State Senate,47,DEM,Write-In: Scattered,6,6,0,0
Beaver,BEAVER FALLS 4,State Senate,47,DEM,Write-In: Elder Vogel Jr.,3,2,0,1
Beaver,BEAVER FALLS 4,State Senate,47,DEM,Write-In: Kate Lennen,0,0,0,0
Beaver,BEAVER FALLS 4,State Senate,47,DEM,Write-In Totals,9,8,0,1
Beaver,BEAVER FALLS 4,State Senate,47,DEM,Not Assigned,0,0,0,0
Beaver,BEAVER FALLS 4,State House,14,DEM,Kenya Johns,55,43,0,12
Beaver,BEAVER FALLS 4,State House,14,DEM,Write-In Totals,3,3,0,0
Beaver,BEAVER FALLS 4,State House,14,DEM,Not Assigned,3,3,0,0
Beaver,BEAVER FALLS 4,DELEGATE TO THE DEMOCRATIC NATIONAL CONVENTION,17,DEM,Mary Jane Jones-Gilliam,52,36,0,16
Beaver,BEAVER FALLS 4,DELEGATE TO THE DEMOCRATIC NATIONAL CONVENTION,17,DEM,Dwan B Walker,51,36,0,15
Beaver,BEAVER FALLS 4,DELEGATE TO THE DEMOCRATIC NATIONAL CONVENTION,17,DEM,Nancy Werme,50,34,0,16
Beaver,BEAVER FALLS 4,DELEGATE TO THE DEMOCRATIC NATIONAL CONVENTION,17,DEM,Kaylee Werner,48,33,0,15
Beaver,BEAVER FALLS 4,DELEGATE TO THE DEMOCRATIC NATIONAL CONVENTION,17,DEM,Arvind Venkat,46,31,0,15
Beaver,BEAVER FALLS 4,DELEGATE TO THE DEMOCRATIC NATIONAL CONVENTION,17,DEM,Lisa M Baldis,42,27,0,15
Beaver,BEAVER FALLS 4,DELEGATE TO THE DEMOCRATIC NATIONAL CONVENTION,17,DEM,Kevin Kinross,42,26,0,16
Beaver,BEAVER FALLS 4,DELEGATE TO THE DEMOCRATIC NATIONAL CONVENTION,17,DEM,Write-In Totals,2,2,0,0
Beaver,BEAVER FALLS 4,DELEGATE TO THE DEMOCRATIC NATIONAL CONVENTION,17,DEM,Not Assigned,2,2,0,0
Beaver,BEAVER FALLS 4,President,,REP,Donald J Trump,29,26,0,3
Beaver,BEAVER FALLS 4,President,,REP,Nikki R Haley,3,3,0,0
Beaver,BEAVER FALLS 4,President,,REP,Write-In Totals,0,0,0,0
Beaver,BEAVER FALLS 4,President,,REP,Not Assigned,0,0,0,0
Beaver,BEAVER FALLS 4,U.S. Senate,,REP,Dave Mccormick,26,24,0,2
Beaver,BEAVER FALLS 4,U.S. Senate,,REP,Joseph J Vodvarka,6,6,0,0
Beaver,BEAVER FALLS 4,U.S. Senate,,REP,Write-In Totals,0,0,0,0
Beaver,BEAVER FALLS 4,U.S. Senate,,REP,Not Assigned,0,0,0,0
Beaver,BEAVER FALLS 4,U.S. House,17,REP,Rob Mercuri,30,28,0,2
Beaver,BEAVER FALLS 4,U.S. House,17,REP,Write-In Totals,0,0,0,0
Beaver,BEAVER FALLS 4,U.S. House,17,REP,Not Assigned,0,0,0,0
Beaver,BEAVER FALLS 4,State Senate,47,REP,Elder Vogel Jr,31,28,0,3
Beaver,BEAVER FALLS 4,State Senate,47,REP,Write-In Totals,0,0,0,0
Beaver,BEAVER FALLS 4,State Senate,47,REP,Not Assigned,0,0,0,0
Beaver,BEAVER FALLS 4,State House,14,REP,Roman Kozak,30,28,0,2
Beaver,BEAVER FALLS 4,State House,14,REP,Write-In Totals,0,0,0,0
Beaver,BEAVER FALLS 4,State House,14,REP,Not Assigned,0,0,0,0
Beaver,BEAVER FALLS 4,DELEGATE TO THE REPUBLICAN NATIONAL CONVENTION,17,REP,Mike Mcmullen,15,14,0,1
Beaver,BEAVER FALLS 4,DELEGATE TO THE REPUBLICAN NATIONAL CONVENTION,17,REP,Abby Kail,12,10,0,2
Beaver,BEAVER FALLS 4,DELEGATE TO THE REPUBLICAN NATIONAL CONVENTION,17,REP,Jack Casey,11,10,0,1
Beaver,BEAVER FALLS 4,DELEGATE TO THE REPUBLICAN NATIONAL CONVENTION,17,REP,John Fredericks,10,10,0,0
Beaver,BEAVER FALLS 4,DELEGATE TO THE REPUBLICAN NATIONAL CONVENTION,17,REP,Veronica S Steinkirchner,7,5,0,2
Beaver,BEAVER FALLS 4,DELEGATE TO THE REPUBLICAN NATIONAL CONVENTION,17,REP,Vincent E Fusca,7,7,0,0
Beaver,BEAVER FALLS 4,DELEGATE TO THE REPUBLICAN NATIONAL CONVENTION,17,REP,Bob Howard,6,6,0,0
Beaver,BEAVER FALLS 4,DELEGATE TO THE REPUBLICAN NATIONAL CONVENTION,17,REP,Toni Shuppe,4,4,0,0
Beaver,BEAVER FALLS 4,DELEGATE TO THE REPUBLICAN NATIONAL CONVENTION,17,REP,Write-In Totals,0,0,0,0
Beaver,BEAVER FALLS 4,DELEGATE TO THE REPUBLICAN NATIONAL CONVENTION,17,REP,Not Assigned,0,0,0,0
Beaver,BEAVER FALLS 4,ALTERNATE DELEGATE TO THE REPUBLICAN NATIONAL CONVENTION,17,REP,Mike Mcmullen,15,13,0,2
Beaver,BEAVER FALLS 4,ALTERNATE DELEGATE TO THE REPUBLICAN NATIONAL CONVENTION,17,REP,Bob Hamilton,15,14,0,1
Beaver,BEAVER FALLS 4,ALTERNATE DELEGATE TO THE REPUBLICAN NATIONAL CONVENTION,17,REP,M J Costello,13,12,0,1
Beaver,BEAVER FALLS 4,ALTERNATE DELEGATE TO THE REPUBLICAN NATIONAL CONVENTION,17,REP,Christine Mattarochia,11,9,0,2
Beaver,BEAVER FALLS 4,ALTERNATE DELEGATE TO THE REPUBLICAN NATIONAL CONVENTION,17,REP,Write-In Totals,0,0,0,0
Beaver,BEAVER FALLS 4,ALTERNATE DELEGATE TO THE REPUBLICAN NATIONAL CONVENTION,17,REP,Not Assigned,0,0,0,0
Beaver,BEAVER FALLS 5,President,,DEM,Joseph R Biden Jr,50,39,0,11
Beaver,BEAVER FALLS 5,President,,DEM,Dean Phillips,6,6,0,0
Beaver,BEAVER FALLS 5,President,,DEM,Write-In Totals,2,2,0,0
Beaver,BEAVER FALLS 5,President,,DEM,Not Assigned,2,2,0,0
Beaver,BEAVER FALLS 5,U.S. Senate,,DEM,Robert P Casey Jr,52,41,0,11
Beaver,BEAVER FALLS 5,U.S. Senate,,DEM,William Parker,7,5,0,2
Beaver,BEAVER FALLS 5,U.S. Senate,,DEM,Write-In Totals,0,0,0,0
Beaver,BEAVER FALLS 5,U.S. Senate,,DEM,Not Assigned,0,0,0,0
Beaver,BEAVER FALLS 5,U.S. House,17,DEM,Chris Deluzio,55,43,0,12
Beaver,BEAVER FALLS 5,U.S. House,17,DEM,Write-In Totals,1,1,0,0
Beaver,BEAVER FALLS 5,U.S. House,17,DEM,Not Assigned,1,1,0,0
Beaver,BEAVER FALLS 5,State Senate,47,DEM,Write-In: Kate Lennen,13,13,0,0
Beaver,BEAVER FALLS 5,State Senate,47,DEM,Write-In: Scattered,3,3,0,0
Beaver,BEAVER FALLS 5,State Senate,47,DEM,Write-In: Elder Vogel Jr.,3,3,0,0
Beaver,BEAVER FALLS 5,State Senate,47,DEM,Write-In Totals,19,19,0,0
Beaver,BEAVER FALLS 5,State Senate,47,DEM,Not Assigned,0,0,0,0
Beaver,BEAVER FALLS 5,State House,14,DEM,Kenya Johns,50,40,0,10
Beaver,BEAVER FALLS 5,State House,14,DEM,Write-In Totals,4,4,0,0
Beaver,BEAVER FALLS 5,State House,14,DEM,Not Assigned,4,4,0,0
Beaver,BEAVER FALLS 5,DELEGATE TO THE DEMOCRATIC NATIONAL CONVENTION,17,DEM,Kaylee Werner,43,32,0,11
Beaver,BEAVER FALLS 5,DELEGATE TO THE DEMOCRATIC NATIONAL CONVENTION,17,DEM,Lisa M Baldis,43,32,0,11
Beaver,BEAVER FALLS 5,DELEGATE TO THE DEMOCRATIC NATIONAL CONVENTION,17,DEM,Mary Jane Jones-Gilliam,43,33,0,10
Beaver,BEAVER FALLS 5,DELEGATE TO THE DEMOCRATIC NATIONAL CONVENTION,17,DEM,Arvind Venkat,40,31,0,9
Beaver,BEAVER FALLS 5,DELEGATE TO THE DEMOCRATIC NATIONAL CONVENTION,17,DEM,Nancy Werme,40,30,0,10
Beaver,BEAVER FALLS 5,DELEGATE TO THE DEMOCRATIC NATIONAL CONVENTION,17,DEM,Dwan B Walker,39,30,0,9
Beaver,BEAVER FALLS 5,DELEGATE TO THE DEMOCRATIC NATIONAL CONVENTION,17,DEM,Kevin Kinross,37,28,0,9
Beaver,BEAVER FALLS 5,DELEGATE TO THE DEMOCRATIC NATIONAL CONVENTION,17,DEM,Write-In Totals,0,0,0,0
Beaver,BEAVER FALLS 5,DELEGATE TO THE DEMOCRATIC NATIONAL CONVENTION,17,DEM,Not Assigned,0,0,0,0
Beaver,BEAVER FALLS 5,President,,REP,Donald J Trump,64,58,0,6
Beaver,BEAVER FALLS 5,President,,REP,Nikki R Haley,25,24,0,1
Beaver,BEAVER FALLS 5,President,,REP,Write-In Totals,4,4,0,0
Beaver,BEAVER FALLS 5,President,,REP,Not Assigned,4,4,0,0
Beaver,BEAVER FALLS 5,U.S. Senate,,REP,Dave Mccormick,75,70,0,5
Beaver,BEAVER FALLS 5,U.S. Senate,,REP,Joseph J Vodvarka,4,2,0,2
Beaver,BEAVER FALLS 5,U.S. Senate,,REP,Write-In Totals,1,1,0,0
Beaver,BEAVER FALLS 5,U.S. Senate,,REP,Not Assigned,1,1,0,0
Beaver,BEAVER FALLS 5,U.S. House,17,REP,Rob Mercuri,74,67,0,7
Beaver,BEAVER FALLS 5,U.S. House,17,REP,Write-In Totals,0,0,0,0
Beaver,BEAVER FALLS 5,U.S. House,17,REP,Not Assigned,0,0,0,0
Beaver,BEAVER FALLS 5,State Senate,47,REP,Elder Vogel Jr,90,83,0,7
Beaver,BEAVER FALLS 5,State Senate,47,REP,Write-In Totals,0,0,0,0
Beaver,BEAVER FALLS 5,State Senate,47,REP,Not Assigned,0,0,0,0
Beaver,BEAVER FALLS 5,State House,14,REP,Roman Kozak,89,82,0,7
Beaver,BEAVER FALLS 5,State House,14,REP,Write-In Totals,1,1,0,0
Beaver,BEAVER FALLS 5,State House,14,REP,Not Assigned,1,1,0,0
Beaver,BEAVER FALLS 5,DELEGATE TO THE REPUBLICAN NATIONAL CONVENTION,17,REP,Abby Kail,50,46,0,4
Beaver,BEAVER FALLS 5,DELEGATE TO THE REPUBLICAN NATIONAL CONVENTION,17,REP,Mike Mcmullen,29,27,0,2
Beaver,BEAVER FALLS 5,DELEGATE TO THE REPUBLICAN NATIONAL CONVENTION,17,REP,John Fredericks,29,26,0,3
Beaver,BEAVER FALLS 5,DELEGATE TO THE REPUBLICAN NATIONAL CONVENTION,17,REP,Bob Howard,19,17,0,2
Beaver,BEAVER FALLS 5,DELEGATE TO THE REPUBLICAN NATIONAL CONVENTION,17,REP,Jack Casey,17,16,0,1
Beaver,BEAVER FALLS 5,DELEGATE TO THE REPUBLICAN NATIONAL CONVENTION,17,REP,Toni Shuppe,14,11,0,3
Beaver,BEAVER FALLS 5,DELEGATE TO THE REPUBLICAN NATIONAL CONVENTION,17,REP,Vincent E Fusca,8,8,0,0
Beaver,BEAVER FALLS 5,DELEGATE TO THE REPUBLICAN NATIONAL CONVENTION,17,REP,Veronica S Steinkirchner,5,5,0,0
Beaver,BEAVER FALLS 5,DELEGATE TO THE REPUBLICAN NATIONAL CONVENTION,17,REP,Write-In Totals,0,0,0,0
Beaver,BEAVER FALLS 5,DELEGATE TO THE REPUBLICAN NATIONAL CONVENTION,17,REP,Not Assigned,0,0,0,0
Beaver,BEAVER FALLS 5,ALTERNATE DELEGATE TO THE REPUBLICAN NATIONAL CONVENTION,17,REP,Mike Mcmullen,36,34,0,2
Beaver,BEAVER FALLS 5,ALTERNATE DELEGATE TO THE REPUBLICAN NATIONAL CONVENTION,17,REP,Bob Hamilton,35,31,0,4
Beaver,BEAVER FALLS 5,ALTERNATE DELEGATE TO THE REPUBLICAN NATIONAL CONVENTION,17,REP,Christine Mattarochia,25,21,0,4
Beaver,BEAVER FALLS 5,ALTERNATE DELEGATE TO THE REPUBLICAN NATIONAL CONVENTION,17,REP,M J Costello,23,20,0,3
Beaver,BEAVER FALLS 5,ALTERNATE DELEGATE TO THE REPUBLICAN NATIONAL CONVENTION,17,REP,Write-In Totals,1,0,0,1
Beaver,BEAVER FALLS 5,ALTERNATE DELEGATE TO THE REPUBLICAN NATIONAL CONVENTION,17,REP,Not Assigned,1,0,0,1
Beaver,BEAVER FALLS 6,President,,DEM,Joseph R Biden Jr,76,53,0,23
Beaver,BEAVER FALLS 6,President,,DEM,Dean Phillips,10,8,0,2
Beaver,BEAVER FALLS 6,President,,DEM,Write-In Totals,8,4,0,4
Beaver,BEAVER FALLS 6,President,,DEM,Not Assigned,8,4,0,4
Beaver,BEAVER FALLS 6,U.S. Senate,,DEM,Robert P Casey Jr,84,56,0,28
Beaver,BEAVER FALLS 6,U.S. Senate,,DEM,William Parker,9,8,0,1
Beaver,BEAVER FALLS 6,U.S. Senate,,DEM,Write-In Totals,1,1,0,0
Beaver,BEAVER FALLS 6,U.S. Senate,,DEM,Not Assigned,1,1,0,0
Beaver,BEAVER FALLS 6,U.S. House,17,DEM,Chris Deluzio,90,63,0,27
Beaver,BEAVER FALLS 6,U.S. House,17,DEM,Write-In Totals,1,1,0,0
Beaver,BEAVER FALLS 6,U.S. House,17,DEM,Not Assigned,1,1,0,0
Beaver,BEAVER FALLS 6,State Senate,47,DEM,Write-In: Elder Vogel Jr.,9,7,0,2
Beaver,BEAVER FALLS 6,State Senate,47,DEM,Write-In: Scattered,7,6,0,1
Beaver,BEAVER FALLS 6,State Senate,47,DEM,Write-In: Kate Lennen,4,3,0,1
Beaver,BEAVER FALLS 6,State Senate,47,DEM,Write-In Totals,20,16,0,4
Beaver,BEAVER FALLS 6,State Senate,47,DEM,Not Assigned,0,0,0,0
Beaver,BEAVER FALLS 6,State House,14,DEM,Kenya Johns,77,57,0,20
Beaver,BEAVER FALLS 6,State House,14,DEM,Write-In Totals,6,5,0,1
Beaver,BEAVER FALLS 6,State House,14,DEM,Not Assigned,6,5,0,1
Beaver,BEAVER FALLS 6,DELEGATE TO THE DEMOCRATIC NATIONAL CONVENTION,17,DEM,Kaylee Werner,68,46,0,22
Beaver,BEAVER FALLS 6,DELEGATE TO THE DEMOCRATIC NATIONAL CONVENTION,17,DEM,Nancy Werme,68,45,0,23
Beaver,BEAVER FALLS 6,DELEGATE TO THE DEMOCRATIC NATIONAL CONVENTION,17,DEM,Mary Jane Jones-Gilliam,63,46,0,17
Beaver,BEAVER FALLS 6,DELEGATE TO THE DEMOCRATIC NATIONAL CONVENTION,17,DEM,Lisa M Baldis,62,42,0,20
Beaver,BEAVER FALLS 6,DELEGATE TO THE DEMOCRATIC NATIONAL CONVENTION,17,DEM,Dwan B Walker,61,43,0,18
Beaver,BEAVER FALLS 6,DELEGATE TO THE DEMOCRATIC NATIONAL CONVENTION,17,DEM,Arvind Venkat,59,40,0,19
Beaver,BEAVER FALLS 6,DELEGATE TO THE DEMOCRATIC NATIONAL CONVENTION,17,DEM,Kevin Kinross,57,40,0,17
Beaver,BEAVER FALLS 6,DELEGATE TO THE DEMOCRATIC NATIONAL CONVENTION,17,DEM,Write-In Totals,2,1,0,1
Beaver,BEAVER FALLS 6,DELEGATE TO THE DEMOCRATIC NATIONAL CONVENTION,17,DEM,Not Assigned,2,1,0,1
Beaver,BEAVER FALLS 6,President,,REP,Donald J Trump,59,53,0,6
Beaver,BEAVER FALLS 6,President,,REP,Nikki R Haley,10,9,0,1
Beaver,BEAVER FALLS 6,President,,REP,Write-In Totals,1,1,0,0
Beaver,BEAVER FALLS 6,President,,REP,Not Assigned,1,1,0,0
Beaver,BEAVER FALLS 6,U.S. Senate,,REP,Dave Mccormick,60,54,0,6
Beaver,BEAVER FALLS 6,U.S. Senate,,REP,Joseph J Vodvarka,3,3,0,0
Beaver,BEAVER FALLS 6,U.S. Senate,,REP,Write-In Totals,0,0,0,0
Beaver,BEAVER FALLS 6,U.S. Senate,,REP,Not Assigned,0,0,0,0
Beaver,BEAVER FALLS 6,U.S. House,17,REP,Rob Mercuri,62,56,0,6
Beaver,BEAVER FALLS 6,U.S. House,17,REP,Write-In Totals,0,0,0,0
Beaver,BEAVER FALLS 6,U.S. House,17,REP,Not Assigned,0,0,0,0
Beaver,BEAVER FALLS 6,State Senate,47,REP,Elder Vogel Jr,68,61,0,7
Beaver,BEAVER FALLS 6,State Senate,47,REP,Write-In Totals,0,0,0,0
Beaver,BEAVER FALLS 6,State Senate,47,REP,Not Assigned,0,0,0,0
Beaver,BEAVER FALLS 6,State House,14,REP,Roman Kozak,66,60,0,6
Beaver,BEAVER FALLS 6,State House,14,REP,Write-In Totals,0,0,0,0
Beaver,BEAVER FALLS 6,State House,14,REP,Not Assigned,0,0,0,0
Beaver,BEAVER FALLS 6,DELEGATE TO THE REPUBLICAN NATIONAL CONVENTION,17,REP,Mike Mcmullen,32,31,0,1
Beaver,BEAVER FALLS 6,DELEGATE TO THE REPUBLICAN NATIONAL CONVENTION,17,REP,Abby Kail,32,29,0,3
Beaver,BEAVER FALLS 6,DELEGATE TO THE REPUBLICAN NATIONAL CONVENTION,17,REP,Jack Casey,26,23,0,3
Beaver,BEAVER FALLS 6,DELEGATE TO THE REPUBLICAN NATIONAL CONVENTION,17,REP,Veronica S Steinkirchner,21,20,0,1
Beaver,BEAVER FALLS 6,DELEGATE TO THE REPUBLICAN NATIONAL CONVENTION,17,REP,John Fredericks,20,18,0,2
Beaver,BEAVER FALLS 6,DELEGATE TO THE REPUBLICAN NATIONAL CONVENTION,17,REP,Toni Shuppe,15,11,0,4
Beaver,BEAVER FALLS 6,DELEGATE TO THE REPUBLICAN NATIONAL CONVENTION,17,REP,Bob Howard,14,12,0,2
Beaver,BEAVER FALLS 6,DELEGATE TO THE REPUBLICAN NATIONAL CONVENTION,17,REP,Vincent E Fusca,6,5,0,1
Beaver,BEAVER FALLS 6,DELEGATE TO THE REPUBLICAN NATIONAL CONVENTION,17,REP,Write-In Totals,0,0,0,0
Beaver,BEAVER FALLS 6,DELEGATE TO THE REPUBLICAN NATIONAL CONVENTION,17,REP,Not Assigned,0,0,0,0
Beaver,BEAVER FALLS 6,ALTERNATE DELEGATE TO THE REPUBLICAN NATIONAL CONVENTION,17,REP,Bob Hamilton,36,30,0,6
Beaver,BEAVER FALLS 6,ALTERNATE DELEGATE TO THE REPUBLICAN NATIONAL CONVENTION,17,REP,Christine Mattarochia,35,31,0,4
Beaver,BEAVER FALLS 6,ALTERNATE DELEGATE TO THE REPUBLICAN NATIONAL CONVENTION,17,REP,Mike Mcmullen,31,28,0,3
Beaver,BEAVER FALLS 6,ALTERNATE DELEGATE TO THE REPUBLICAN NATIONAL CONVENTION,17,REP,M J Costello,27,24,0,3
Beaver,BEAVER FALLS 6,ALTERNATE DELEGATE TO THE REPUBLICAN NATIONAL CONVENTION,17,REP,Write-In Totals,0,0,0,0
Beaver,BEAVER FALLS 6,ALTERNATE DELEGATE TO THE REPUBLICAN NATIONAL CONVENTION,17,REP,Not Assigned,0,0,0,0
Beaver,BIG BEAVER BORO,President,,DEM,Joseph R Biden Jr,115,52,0,63
Beaver,BIG BEAVER BORO,President,,DEM,Dean Phillips,21,16,0,5
Beaver,BIG BEAVER BORO,President,,DEM,Write-In Totals,11,9,0,2
Beaver,BIG BEAVER BORO,President,,DEM,Not Assigned,11,9,0,2
Beaver,BIG BEAVER BORO,U.S. Senate,,DEM,Robert P Casey Jr,124,61,0,63
Beaver,BIG BEAVER BORO,U.S. Senate,,DEM,William Parker,25,19,0,6
Beaver,BIG BEAVER BORO,U.S. Senate,,DEM,Write-In Totals,2,1,0,1
Beaver,BIG BEAVER BORO,U.S. Senate,,DEM,Not Assigned,2,1,0,1
Beaver,BIG BEAVER BORO,U.S. House,17,DEM,Chris Deluzio,140,73,0,67
Beaver,BIG BEAVER BORO,U.S. House,17,DEM,Write-In Totals,3,3,0,0
Beaver,BIG BEAVER BORO,U.S. House,17,DEM,Not Assigned,3,3,0,0
Beaver,BIG BEAVER BORO,State Senate,47,DEM,Write-In: Kate Lennen,24,19,0,5
Beaver,BIG BEAVER BORO,State Senate,47,DEM,Write-In: Elder Vogel Jr.,21,13,0,8
Beaver,BIG BEAVER BORO,State Senate,47,DEM,Write-In: Scattered,3,2,0,1
Beaver,BIG BEAVER BORO,State Senate,47,DEM,Write-In Totals,48,34,0,14
Beaver,BIG BEAVER BORO,State Senate,47,DEM,Not Assigned,0,0,0,0
Beaver,BIG BEAVER BORO,State House,14,DEM,Kenya Johns,133,67,0,66
Beaver,BIG BEAVER BORO,State House,14,DEM,Write-In Totals,8,7,0,1
Beaver,BIG BEAVER BORO,State House,14,DEM,Not Assigned,8,7,0,1
Beaver,BIG BEAVER BORO,DELEGATE TO THE DEMOCRATIC NATIONAL CONVENTION,17,DEM,Kaylee Werner,117,59,0,58
Beaver,BIG BEAVER BORO,DELEGATE TO THE DEMOCRATIC NATIONAL CONVENTION,17,DEM,Nancy Werme,117,58,0,59
Beaver,BIG BEAVER BORO,DELEGATE TO THE DEMOCRATIC NATIONAL CONVENTION,17,DEM,Mary Jane Jones-Gilliam,115,55,0,60
Beaver,BIG BEAVER BORO,DELEGATE TO THE DEMOCRATIC NATIONAL CONVENTION,17,DEM,Lisa M Baldis,111,53,0,58
Beaver,BIG BEAVER BORO,DELEGATE TO THE DEMOCRATIC NATIONAL CONVENTION,17,DEM,Arvind Venkat,107,53,0,54
Beaver,BIG BEAVER BORO,DELEGATE TO THE DEMOCRATIC NATIONAL CONVENTION,17,DEM,Dwan B Walker,106,54,0,52
Beaver,BIG BEAVER BORO,DELEGATE TO THE DEMOCRATIC NATIONAL CONVENTION,17,DEM,Kevin Kinross,104,52,0,52
Beaver,BIG BEAVER BORO,DELEGATE TO THE DEMOCRATIC NATIONAL CONVENTION,17,DEM,Write-In Totals,14,14,0,0
Beaver,BIG BEAVER BORO,DELEGATE TO THE DEMOCRATIC NATIONAL CONVENTION,17,DEM,Not Assigned,14,14,0,0
Beaver,BIG BEAVER BORO,President,,REP,Donald J Trump,209,192,2,15
Beaver,BIG BEAVER BORO,President,,REP,Nikki R Haley,25,19,0,6
Beaver,BIG BEAVER BORO,President,,REP,Write-In Totals,6,6,0,0
Beaver,BIG BEAVER BORO,President,,REP,Not Assigned,6,6,0,0
Beaver,BIG BEAVER BORO,U.S. Senate,,REP,Dave Mccormick,205,187,2,16
Beaver,BIG BEAVER BORO,U.S. Senate,,REP,Joseph J Vodvarka,27,24,0,3
Beaver,BIG BEAVER BORO,U.S. Senate,,REP,Write-In Totals,3,1,0,2
Beaver,BIG BEAVER BORO,U.S. Senate,,REP,Not Assigned,3,1,0,2
Beaver,BIG BEAVER BORO,U.S. House,17,REP,Rob Mercuri,216,196,2,18
Beaver,BIG BEAVER BORO,U.S. House,17,REP,Write-In Totals,2,1,0,1
Beaver,BIG BEAVER BORO,U.S. House,17,REP,Not Assigned,2,1,0,1
Beaver,BIG BEAVER BORO,State Senate,47,REP,Elder Vogel Jr,228,205,2,21
Beaver,BIG BEAVER BORO,State Senate,47,REP,Write-In Totals,2,2,0,0
Beaver,BIG BEAVER BORO,State Senate,47,REP,Not Assigned,2,2,0,0
Beaver,BIG BEAVER BORO,State House,14,REP,Roman Kozak,221,200,2,19
Beaver,BIG BEAVER BORO,State House,14,REP,Write-In Totals,5,5,0,0
Beaver,BIG BEAVER BORO,State House,14,REP,Not Assigned,5,5,0,0
Beaver,BIG BEAVER BORO,DELEGATE TO THE REPUBLICAN NATIONAL CONVENTION,17,REP,Mike Mcmullen,99,90,2,7
Beaver,BIG BEAVER BORO,DELEGATE TO THE REPUBLICAN NATIONAL CONVENTION,17,REP,Abby Kail,96,89,1,6
Beaver,BIG BEAVER BORO,DELEGATE TO THE REPUBLICAN NATIONAL CONVENTION,17,REP,John Fredericks,83,75,0,8
Beaver,BIG BEAVER BORO,DELEGATE TO THE REPUBLICAN NATIONAL CONVENTION,17,REP,Jack Casey,82,79,1,2
Beaver,BIG BEAVER BORO,DELEGATE TO THE REPUBLICAN NATIONAL CONVENTION,17,REP,Bob Howard,64,58,0,6
Beaver,BIG BEAVER BORO,DELEGATE TO THE REPUBLICAN NATIONAL CONVENTION,17,REP,Veronica S Steinkirchner,56,50,0,6
Beaver,BIG BEAVER BORO,DELEGATE TO THE REPUBLICAN NATIONAL CONVENTION,17,REP,Toni Shuppe,46,42,0,4
Beaver,BIG BEAVER BORO,DELEGATE TO THE REPUBLICAN NATIONAL CONVENTION,17,REP,Vincent E Fusca,26,22,0,4
Beaver,BIG BEAVER BORO,DELEGATE TO THE REPUBLICAN NATIONAL CONVENTION,17,REP,Write-In Totals,1,0,0,1
Beaver,BIG BEAVER BORO,DELEGATE TO THE REPUBLICAN NATIONAL CONVENTION,17,REP,Not Assigned,1,0,0,1
Beaver,BIG BEAVER BORO,ALTERNATE DELEGATE TO THE REPUBLICAN NATIONAL CONVENTION,17,REP,Mike Mcmullen,127,119,1,7
Beaver,BIG BEAVER BORO,ALTERNATE DELEGATE TO THE REPUBLICAN NATIONAL CONVENTION,17,REP,Bob Hamilton,118,105,1,12
Beaver,BIG BEAVER BORO,ALTERNATE DELEGATE TO THE REPUBLICAN NATIONAL CONVENTION,17,REP,Christine Mattarochia,102,93,1,8
Beaver,BIG BEAVER BORO,ALTERNATE DELEGATE TO THE REPUBLICAN NATIONAL CONVENTION,17,REP,M J Costello,90,79,1,10
Beaver,BIG BEAVER BORO,ALTERNATE DELEGATE TO THE REPUBLICAN NATIONAL CONVENTION,17,REP,Write-In Totals,2,2,0,0
Beaver,BIG BEAVER BORO,ALTERNATE DELEGATE TO THE REPUBLICAN NATIONAL CONVENTION,17,REP,Not Assigned,2,2,0,0
Beaver,VANPORT TWP,President,,DEM,Joseph R Biden Jr,145,88,0,57
Beaver,VANPORT TWP,President,,DEM,Dean Phillips,18,17,0,1
Beaver,VANPORT TWP,President,,DEM,Write-In Totals,16,16,0,0
Beaver,VANPORT TWP,President,,DEM,Not Assigned,16,16,0,0
Beaver,VANPORT TWP,U.S. Senate,,DEM,Robert P Casey Jr,135,88,0,47
Beaver,VANPORT TWP,U.S. Senate,,DEM,William Parker,28,21,0,7
Beaver,VANPORT TWP,U.S. Senate,,DEM,Write-In Totals,8,7,0,1
Beaver,VANPORT TWP,U.S. Senate,,DEM,Not Assigned,8,7,0,1
Beaver,VANPORT TWP,U.S. House,17,DEM,Chris Deluzio,160,104,0,56
Beaver,VANPORT TWP,U.S. House,17,DEM,Write-In Totals,4,4,0,0
Beaver,VANPORT TWP,U.S. House,17,DEM,Not Assigned,4,4,0,0
Beaver,VANPORT TWP,State Senate,47,DEM,Write-In: Elder Vogel Jr.,22,20,0,2
Beaver,VANPORT TWP,State Senate,47,DEM,Write-In: Scattered,20,9,0,11
Beaver,VANPORT TWP,State Senate,47,DEM,Write-In: Kate Lennen,11,9,0,2
Beaver,VANPORT TWP,State Senate,47,DEM,Write-In Totals,53,38,0,15
Beaver,VANPORT TWP,State Senate,47,DEM,Not Assigned,0,0,0,0
Beaver,VANPORT TWP,State House,15,DEM,Ashlee Caul,160,104,0,56
Beaver,VANPORT TWP,State House,15,DEM,Write-In Totals,7,6,0,1
Beaver,VANPORT TWP,State House,15,DEM,Not Assigned,7,6,0,1
Beaver,VANPORT TWP,DELEGATE TO THE DEMOCRATIC NATIONAL CONVENTION,17,DEM,Nancy Werme,138,90,0,48
Beaver,VANPORT TWP,DELEGATE TO THE DEMOCRATIC NATIONAL CONVENTION,17,DEM,Kaylee Werner,131,81,0,50
Beaver,VANPORT TWP,DELEGATE TO THE DEMOCRATIC NATIONAL CONVENTION,17,DEM,Mary Jane Jones-Gilliam,126,77,0,49
Beaver,VANPORT TWP,DELEGATE TO THE DEMOCRATIC NATIONAL CONVENTION,17,DEM,Lisa M Baldis,122,77,0,45
Beaver,VANPORT TWP,DELEGATE TO THE DEMOCRATIC NATIONAL CONVENTION,17,DEM,Dwan B Walker,120,76,0,44
Beaver,VANPORT TWP,DELEGATE TO THE DEMOCRATIC NATIONAL CONVENTION,17,DEM,Kevin Kinross,120,73,0,47
Beaver,VANPORT TWP,DELEGATE TO THE DEMOCRATIC NATIONAL CONVENTION,17,DEM,Arvind Venkat,110,69,0,41
Beaver,VANPORT TWP,DELEGATE TO THE DEMOCRATIC NATIONAL CONVENTION,17,DEM,Write-In Totals,10,10,0,0
Beaver,VANPORT TWP,DELEGATE TO THE DEMOCRATIC NATIONAL CONVENTION,17,DEM,Not Assigned,10,10,0,0
Beaver,VANPORT TWP,President,,REP,Donald J Trump,110,98,0,12
Beaver,VANPORT TWP,President,,REP,Nikki R Haley,16,14,0,2
Beaver,VANPORT TWP,President,,REP,Write-In Totals,3,2,0,1
Beaver,VANPORT TWP,President,,REP,Not Assigned,3,2,0,1
Beaver,VANPORT TWP,U.S. Senate,,REP,Dave Mccormick,111,98,0,13
Beaver,VANPORT TWP,U.S. Senate,,REP,Joseph J Vodvarka,12,11,0,1
Beaver,VANPORT TWP,U.S. Senate,,REP,Write-In Totals,1,1,0,0
Beaver,VANPORT TWP,U.S. Senate,,REP,Not Assigned,1,1,0,0
Beaver,VANPORT TWP,U.S. House,17,REP,Rob Mercuri,112,99,0,13
Beaver,VANPORT TWP,U.S. House,17,REP,Write-In Totals,0,0,0,0
Beaver,VANPORT TWP,U.S. House,17,REP,Not Assigned,0,0,0,0
Beaver,VANPORT TWP,State Senate,47,REP,Elder Vogel Jr,128,113,0,15
Beaver,VANPORT TWP,State Senate,47,REP,Write-In Totals,0,0,0,0
Beaver,VANPORT TWP,State Senate,47,REP,Not Assigned,0,0,0,0
Beaver,VANPORT TWP,State House,15,REP,Joshua D Kail,126,112,0,14
Beaver,VANPORT TWP,State House,15,REP,Write-In Totals,0,0,0,0
Beaver,VANPORT TWP,State House,15,REP,Not Assigned,0,0,0,0
Beaver,VANPORT TWP,DELEGATE TO THE REPUBLICAN NATIONAL CONVENTION,17,REP,Abby Kail,76,69,0,7
Beaver,VANPORT TWP,DELEGATE TO THE REPUBLICAN NATIONAL CONVENTION,17,REP,John Fredericks,54,45,0,9
Beaver,VANPORT TWP,DELEGATE TO THE REPUBLICAN NATIONAL CONVENTION,17,REP,Mike Mcmullen,47,43,0,4
Beaver,VANPORT TWP,DELEGATE TO THE REPUBLICAN NATIONAL CONVENTION,17,REP,Jack Casey,36,33,0,3
Beaver,VANPORT TWP,DELEGATE TO THE REPUBLICAN NATIONAL CONVENTION,17,REP,Bob Howard,34,31,0,3
Beaver,VANPORT TWP,DELEGATE TO THE REPUBLICAN NATIONAL CONVENTION,17,REP,Toni Shuppe,24,16,0,8
Beaver,VANPORT TWP,DELEGATE TO THE REPUBLICAN NATIONAL CONVENTION,17,REP,Veronica S Steinkirchner,24,21,0,3
Beaver,VANPORT TWP,DELEGATE TO THE REPUBLICAN NATIONAL CONVENTION,17,REP,Vincent E Fusca,13,11,0,2
Beaver,VANPORT TWP,DELEGATE TO THE REPUBLICAN NATIONAL CONVENTION,17,REP,Write-In Totals,0,0,0,0
Beaver,VANPORT TWP,DELEGATE TO THE REPUBLICAN NATIONAL CONVENTION,17,REP,Not Assigned,0,0,0,0
Beaver,VANPORT TWP,ALTERNATE DELEGATE TO THE REPUBLICAN NATIONAL CONVENTION,17,REP,Mike Mcmullen,68,63,0,5
Beaver,VANPORT TWP,ALTERNATE DELEGATE TO THE REPUBLICAN NATIONAL CONVENTION,17,REP,Christine Mattarochia,67,57,0,10
Beaver,VANPORT TWP,ALTERNATE DELEGATE TO THE REPUBLICAN NATIONAL CONVENTION,17,REP,Bob Hamilton,67,55,0,12
Beaver,VANPORT TWP,ALTERNATE DELEGATE TO THE REPUBLICAN NATIONAL CONVENTION,17,REP,M J Costello,55,44,0,11
Beaver,VANPORT TWP,ALTERNATE DELEGATE TO THE REPUBLICAN NATIONAL CONVENTION,17,REP,Write-In Totals,2,2,0,0
Beaver,VANPORT TWP,ALTERNATE DELEGATE TO THE REPUBLICAN NATIONAL CONVENTION,17,REP,Not Assigned,2,2,0,0
Beaver,BRIDGEWATER BORO,President,,DEM,Joseph R Biden Jr,78,40,0,38
Beaver,BRIDGEWATER BORO,President,,DEM,Dean Phillips,4,4,0,0
Beaver,BRIDGEWATER BORO,President,,DEM,Write-In Totals,7,7,0,0
Beaver,BRIDGEWATER BORO,President,,DEM,Not Assigned,7,7,0,0
Beaver,BRIDGEWATER BORO,U.S. Senate,,DEM,Robert P Casey Jr,75,40,0,35
Beaver,BRIDGEWATER BORO,U.S. Senate,,DEM,William Parker,11,8,0,3
Beaver,BRIDGEWATER BORO,U.S. Senate,,DEM,Write-In Totals,3,3,0,0
Beaver,BRIDGEWATER BORO,U.S. Senate,,DEM,Not Assigned,3,3,0,0
Beaver,BRIDGEWATER BORO,U.S. House,17,DEM,Chris Deluzio,87,50,0,37
Beaver,BRIDGEWATER BORO,U.S. House,17,DEM,Write-In Totals,0,0,0,0
Beaver,BRIDGEWATER BORO,U.S. House,17,DEM,Not Assigned,0,0,0,0
Beaver,BRIDGEWATER BORO,State Senate,47,DEM,Write-In: Scattered,9,6,0,3
Beaver,BRIDGEWATER BORO,State Senate,47,DEM,Write-In: Kate Lennen,6,3,0,3
Beaver,BRIDGEWATER BORO,State Senate,47,DEM,Write-In: Elder Vogel Jr.,6,2,0,4
Beaver,BRIDGEWATER BORO,State Senate,47,DEM,Write-In Totals,21,11,0,10
Beaver,BRIDGEWATER BORO,State Senate,47,DEM,Not Assigned,0,0,0,0
Beaver,BRIDGEWATER BORO,State House,14,DEM,Kenya Johns,83,49,0,34
Beaver,BRIDGEWATER BORO,State House,14,DEM,Write-In Totals,1,1,0,0
Beaver,BRIDGEWATER BORO,State House,14,DEM,Not Assigned,1,1,0,0
Beaver,BRIDGEWATER BORO,DELEGATE TO THE DEMOCRATIC NATIONAL CONVENTION,17,DEM,Nancy Werme,85,48,0,37
Beaver,BRIDGEWATER BORO,DELEGATE TO THE DEMOCRATIC NATIONAL CONVENTION,17,DEM,Kaylee Werner,74,41,0,33
Beaver,BRIDGEWATER BORO,DELEGATE TO THE DEMOCRATIC NATIONAL CONVENTION,17,DEM,Mary Jane Jones-Gilliam,73,40,0,33
Beaver,BRIDGEWATER BORO,DELEGATE TO THE DEMOCRATIC NATIONAL CONVENTION,17,DEM,Lisa M Baldis,70,38,0,32
Beaver,BRIDGEWATER BORO,DELEGATE TO THE DEMOCRATIC NATIONAL CONVENTION,17,DEM,Kevin Kinross,70,38,0,32
Beaver,BRIDGEWATER BORO,DELEGATE TO THE DEMOCRATIC NATIONAL CONVENTION,17,DEM,Dwan B Walker,68,36,0,32
Beaver,BRIDGEWATER BORO,DELEGATE TO THE DEMOCRATIC NATIONAL CONVENTION,17,DEM,Arvind Venkat,66,33,0,33
Beaver,BRIDGEWATER BORO,DELEGATE TO THE DEMOCRATIC NATIONAL CONVENTION,17,DEM,Write-In Totals,0,0,0,0
Beaver,BRIDGEWATER BORO,DELEGATE TO THE DEMOCRATIC NATIONAL CONVENTION,17,DEM,Not Assigned,0,0,0,0
Beaver,BRIDGEWATER BORO,President,,REP,Donald J Trump,55,48,0,7
Beaver,BRIDGEWATER BORO,President,,REP,Nikki R Haley,11,7,0,4
Beaver,BRIDGEWATER BORO,President,,REP,Write-In Totals,2,2,0,0
Beaver,BRIDGEWATER BORO,President,,REP,Not Assigned,2,2,0,0
Beaver,BRIDGEWATER BORO,U.S. Senate,,REP,Dave Mccormick,55,47,0,8
Beaver,BRIDGEWATER BORO,U.S. Senate,,REP,Joseph J Vodvarka,10,6,0,4
Beaver,BRIDGEWATER BORO,U.S. Senate,,REP,Write-In Totals,2,2,0,0
Beaver,BRIDGEWATER BORO,U.S. Senate,,REP,Not Assigned,2,2,0,0
Beaver,BRIDGEWATER BORO,U.S. House,17,REP,Rob Mercuri,61,50,0,11
Beaver,BRIDGEWATER BORO,U.S. House,17,REP,Write-In Totals,3,2,0,1
Beaver,BRIDGEWATER BORO,U.S. House,17,REP,Not Assigned,3,2,0,1
Beaver,BRIDGEWATER BORO,State Senate,47,REP,Elder Vogel Jr,65,54,0,11
Beaver,BRIDGEWATER BORO,State Senate,47,REP,Write-In Totals,3,2,0,1
Beaver,BRIDGEWATER BORO,State Senate,47,REP,Not Assigned,3,2,0,1
Beaver,BRIDGEWATER BORO,State House,14,REP,Roman Kozak,62,51,0,11
Beaver,BRIDGEWATER BORO,State House,14,REP,Write-In Totals,1,0,0,1
Beaver,BRIDGEWATER BORO,State House,14,REP,Not Assigned,1,0,0,1
Beaver,BRIDGEWATER BORO,DELEGATE TO THE REPUBLICAN NATIONAL CONVENTION,17,REP,John Fredericks,35,31,0,4
Beaver,BRIDGEWATER BORO,DELEGATE TO THE REPUBLICAN NATIONAL CONVENTION,17,REP,Abby Kail,33,26,0,7
Beaver,BRIDGEWATER BORO,DELEGATE TO THE REPUBLICAN NATIONAL CONVENTION,17,REP,Jack Casey,23,18,0,5
Beaver,BRIDGEWATER BORO,DELEGATE TO THE REPUBLICAN NATIONAL CONVENTION,17,REP,Mike Mcmullen,22,17,0,5
Beaver,BRIDGEWATER BORO,DELEGATE TO THE REPUBLICAN NATIONAL CONVENTION,17,REP,Veronica S Steinkirchner,22,16,0,6
Beaver,BRIDGEWATER BORO,DELEGATE TO THE REPUBLICAN NATIONAL CONVENTION,17,REP,Toni Shuppe,18,14,0,4
Beaver,BRIDGEWATER BORO,DELEGATE TO THE REPUBLICAN NATIONAL CONVENTION,17,REP,Bob Howard,13,9,0,4
Beaver,BRIDGEWATER BORO,DELEGATE TO THE REPUBLICAN NATIONAL CONVENTION,17,REP,Vincent E Fusca,6,6,0,0
Beaver,BRIDGEWATER BORO,DELEGATE TO THE REPUBLICAN NATIONAL CONVENTION,17,REP,Write-In Totals,0,0,0,0
Beaver,BRIDGEWATER BORO,DELEGATE TO THE REPUBLICAN NATIONAL CONVENTION,17,REP,Not Assigned,0,0,0,0
Beaver,BRIDGEWATER BORO,ALTERNATE DELEGATE TO THE REPUBLICAN NATIONAL CONVENTION,17,REP,Mike Mcmullen,37,29,0,8
Beaver,BRIDGEWATER BORO,ALTERNATE DELEGATE TO THE REPUBLICAN NATIONAL CONVENTION,17,REP,Bob Hamilton,34,28,0,6
Beaver,BRIDGEWATER BORO,ALTERNATE DELEGATE TO THE REPUBLICAN NATIONAL CONVENTION,17,REP,Christine Mattarochia,32,22,0,10
Beaver,BRIDGEWATER BORO,ALTERNATE DELEGATE TO THE REPUBLICAN NATIONAL CONVENTION,17,REP,M J Costello,26,21,0,5
Beaver,BRIDGEWATER BORO,ALTERNATE DELEGATE TO THE REPUBLICAN NATIONAL CONVENTION,17,REP,Write-In Totals,9,6,0,3
Beaver,BRIDGEWATER BORO,ALTERNATE DELEGATE TO THE REPUBLICAN NATIONAL CONVENTION,17,REP,Not Assigned,9,6,0,3
Beaver,BRIGHTON TWP 1,President,,DEM,Joseph R Biden Jr,105,45,0,60
Beaver,BRIGHTON TWP 1,President,,DEM,Dean Phillips,12,7,0,5
Beaver,BRIGHTON TWP 1,President,,DEM,Write-In Totals,7,4,0,3
Beaver,BRIGHTON TWP 1,President,,DEM,Not Assigned,7,4,0,3
Beaver,BRIGHTON TWP 1,U.S. Senate,,DEM,Robert P Casey Jr,97,42,0,55
Beaver,BRIGHTON TWP 1,U.S. Senate,,DEM,William Parker,25,12,0,13
Beaver,BRIGHTON TWP 1,U.S. Senate,,DEM,Write-In Totals,3,3,0,0
Beaver,BRIGHTON TWP 1,U.S. Senate,,DEM,Not Assigned,3,3,0,0
Beaver,BRIGHTON TWP 1,U.S. House,17,DEM,Chris Deluzio,117,51,0,66
Beaver,BRIGHTON TWP 1,U.S. House,17,DEM,Write-In Totals,2,2,0,0
Beaver,BRIGHTON TWP 1,U.S. House,17,DEM,Not Assigned,2,2,0,0
Beaver,BRIGHTON TWP 1,State Senate,47,DEM,Write-In: Elder Vogel Jr.,9,5,0,4
Beaver,BRIGHTON TWP 1,State Senate,47,DEM,Write-In: Scattered,6,5,0,1
Beaver,BRIGHTON TWP 1,State Senate,47,DEM,Write-In: Kate Lennen,3,1,0,2
Beaver,BRIGHTON TWP 1,State Senate,47,DEM,Write-In Totals,18,11,0,7
Beaver,BRIGHTON TWP 1,State Senate,47,DEM,Not Assigned,0,0,0,0
Beaver,BRIGHTON TWP 1,State House,15,DEM,Ashlee Caul,112,49,0,63
Beaver,BRIGHTON TWP 1,State House,15,DEM,Write-In Totals,2,1,0,1
Beaver,BRIGHTON TWP 1,State House,15,DEM,Not Assigned,2,1,0,1
Beaver,BRIGHTON TWP 1,DELEGATE TO THE DEMOCRATIC NATIONAL CONVENTION,17,DEM,Nancy Werme,104,48,0,56
Beaver,BRIGHTON TWP 1,DELEGATE TO THE DEMOCRATIC NATIONAL CONVENTION,17,DEM,Kaylee Werner,99,43,0,56
Beaver,BRIGHTON TWP 1,DELEGATE TO THE DEMOCRATIC NATIONAL CONVENTION,17,DEM,Mary Jane Jones-Gilliam,96,41,0,55
Beaver,BRIGHTON TWP 1,DELEGATE TO THE DEMOCRATIC NATIONAL CONVENTION,17,DEM,Lisa M Baldis,95,41,0,54
Beaver,BRIGHTON TWP 1,DELEGATE TO THE DEMOCRATIC NATIONAL CONVENTION,17,DEM,Dwan B Walker,93,41,0,52
Beaver,BRIGHTON TWP 1,DELEGATE TO THE DEMOCRATIC NATIONAL CONVENTION,17,DEM,Kevin Kinross,89,38,0,51
Beaver,BRIGHTON TWP 1,DELEGATE TO THE DEMOCRATIC NATIONAL CONVENTION,17,DEM,Arvind Venkat,86,38,0,48
Beaver,BRIGHTON TWP 1,DELEGATE TO THE DEMOCRATIC NATIONAL CONVENTION,17,DEM,Write-In Totals,4,3,0,1
Beaver,BRIGHTON TWP 1,DELEGATE TO THE DEMOCRATIC NATIONAL CONVENTION,17,DEM,Not Assigned,4,3,0,1
Beaver,BRIGHTON TWP 1,President,,REP,Donald J Trump,145,119,0,26
Beaver,BRIGHTON TWP 1,President,,REP,Nikki R Haley,25,10,0,15
Beaver,BRIGHTON TWP 1,President,,REP,Write-In Totals,8,1,0,7
Beaver,BRIGHTON TWP 1,President,,REP,Not Assigned,8,1,0,7
Beaver,BRIGHTON TWP 1,U.S. Senate,,REP,Dave Mccormick,157,118,0,39
Beaver,BRIGHTON TWP 1,U.S. Senate,,REP,Joseph J Vodvarka,16,9,0,7
Beaver,BRIGHTON TWP 1,U.S. Senate,,REP,Write-In Totals,1,0,0,1
Beaver,BRIGHTON TWP 1,U.S. Senate,,REP,Not Assigned,1,0,0,1
Beaver,BRIGHTON TWP 1,U.S. House,17,REP,Rob Mercuri,164,120,0,44
Beaver,BRIGHTON TWP 1,U.S. House,17,REP,Write-In Totals,1,0,0,1
Beaver,BRIGHTON TWP 1,U.S. House,17,REP,Not Assigned,1,0,0,1
Beaver,BRIGHTON TWP 1,State Senate,47,REP,Elder Vogel Jr,177,128,0,49
Beaver,BRIGHTON TWP 1,State Senate,47,REP,Write-In Totals,0,0,0,0
Beaver,BRIGHTON TWP 1,State Senate,47,REP,Not Assigned,0,0,0,0
Beaver,BRIGHTON TWP 1,State House,15,REP,Joshua D Kail,169,124,0,45
Beaver,BRIGHTON TWP 1,State House,15,REP,Write-In Totals,0,0,0,0
Beaver,BRIGHTON TWP 1,State House,15,REP,Not Assigned,0,0,0,0
Beaver,BRIGHTON TWP 1,DELEGATE TO THE REPUBLICAN NATIONAL CONVENTION,17,REP,Abby Kail,105,76,0,29
Beaver,BRIGHTON TWP 1,DELEGATE TO THE REPUBLICAN NATIONAL CONVENTION,17,REP,Mike Mcmullen,77,62,0,15
Beaver,BRIGHTON TWP 1,DELEGATE TO THE REPUBLICAN NATIONAL CONVENTION,17,REP,John Fredericks,56,41,0,15
Beaver,BRIGHTON TWP 1,DELEGATE TO THE REPUBLICAN NATIONAL CONVENTION,17,REP,Jack Casey,47,31,0,16
Beaver,BRIGHTON TWP 1,DELEGATE TO THE REPUBLICAN NATIONAL CONVENTION,17,REP,Toni Shuppe,43,24,0,19
Beaver,BRIGHTON TWP 1,DELEGATE TO THE REPUBLICAN NATIONAL CONVENTION,17,REP,Veronica S Steinkirchner,41,28,0,13
Beaver,BRIGHTON TWP 1,DELEGATE TO THE REPUBLICAN NATIONAL CONVENTION,17,REP,Bob Howard,34,21,0,13
Beaver,BRIGHTON TWP 1,DELEGATE TO THE REPUBLICAN NATIONAL CONVENTION,17,REP,Vincent E Fusca,24,22,0,2
Beaver,BRIGHTON TWP 1,DELEGATE TO THE REPUBLICAN NATIONAL CONVENTION,17,REP,Write-In Totals,0,0,0,0
Beaver,BRIGHTON TWP 1,DELEGATE TO THE REPUBLICAN NATIONAL CONVENTION,17,REP,Not Assigned,0,0,0,0
Beaver,BRIGHTON TWP 1,ALTERNATE DELEGATE TO THE REPUBLICAN NATIONAL CONVENTION,17,REP,Mike Mcmullen,106,82,0,24
Beaver,BRIGHTON TWP 1,ALTERNATE DELEGATE TO THE REPUBLICAN NATIONAL CONVENTION,17,REP,Bob Hamilton,96,64,0,32
Beaver,BRIGHTON TWP 1,ALTERNATE DELEGATE TO THE REPUBLICAN NATIONAL CONVENTION,17,REP,Christine Mattarochia,82,59,0,23
Beaver,BRIGHTON TWP 1,ALTERNATE DELEGATE TO THE REPUBLICAN NATIONAL CONVENTION,17,REP,M J Costello,66,44,0,22
Beaver,BRIGHTON TWP 1,ALTERNATE DELEGATE TO THE REPUBLICAN NATIONAL CONVENTION,17,REP,Write-In Totals,2,2,0,0
Beaver,BRIGHTON TWP 1,ALTERNATE DELEGATE TO THE REPUBLICAN NATIONAL CONVENTION,17,REP,Not Assigned,2,2,0,0
Beaver,BRIGHTON TWP 2,President,,DEM,Joseph R Biden Jr,135,66,0,69
Beaver,BRIGHTON TWP 2,President,,DEM,Dean Phillips,14,10,0,4
Beaver,BRIGHTON TWP 2,President,,DEM,Write-In Totals,9,9,0,0
Beaver,BRIGHTON TWP 2,President,,DEM,Not Assigned,9,9,0,0
Beaver,BRIGHTON TWP 2,U.S. Senate,,DEM,Robert P Casey Jr,121,58,0,63
Beaver,BRIGHTON TWP 2,U.S. Senate,,DEM,William Parker,35,25,0,10
Beaver,BRIGHTON TWP 2,U.S. Senate,,DEM,Write-In Totals,4,3,0,1
Beaver,BRIGHTON TWP 2,U.S. Senate,,DEM,Not Assigned,4,3,0,1
Beaver,BRIGHTON TWP 2,U.S. House,17,DEM,Chris Deluzio,152,79,0,73
Beaver,BRIGHTON TWP 2,U.S. House,17,DEM,Write-In Totals,5,5,0,0
Beaver,BRIGHTON TWP 2,U.S. House,17,DEM,Not Assigned,5,5,0,0
Beaver,BRIGHTON TWP 2,State Senate,47,DEM,Write-In: Elder Vogel Jr.,18,14,0,4
Beaver,BRIGHTON TWP 2,State Senate,47,DEM,Write-In: Kate Lennen,12,2,0,10
Beaver,BRIGHTON TWP 2,State Senate,47,DEM,Write-In: Scattered,8,4,0,4
Beaver,BRIGHTON TWP 2,State Senate,47,DEM,Write-In Totals,38,20,0,18
Beaver,BRIGHTON TWP 2,State Senate,47,DEM,Not Assigned,0,0,0,0
Beaver,BRIGHTON TWP 2,State House,15,DEM,Ashlee Caul,151,80,0,71
Beaver,BRIGHTON TWP 2,State House,15,DEM,Write-In Totals,3,3,0,0
Beaver,BRIGHTON TWP 2,State House,15,DEM,Not Assigned,3,3,0,0
Beaver,BRIGHTON TWP 2,DELEGATE TO THE DEMOCRATIC NATIONAL CONVENTION,17,DEM,Nancy Werme,134,68,0,66
Beaver,BRIGHTON TWP 2,DELEGATE TO THE DEMOCRATIC NATIONAL CONVENTION,17,DEM,Kaylee Werner,125,64,0,61
Beaver,BRIGHTON TWP 2,DELEGATE TO THE DEMOCRATIC NATIONAL CONVENTION,17,DEM,Lisa M Baldis,120,59,0,61
Beaver,BRIGHTON TWP 2,DELEGATE TO THE DEMOCRATIC NATIONAL CONVENTION,17,DEM,Mary Jane Jones-Gilliam,119,55,0,64
Beaver,BRIGHTON TWP 2,DELEGATE TO THE DEMOCRATIC NATIONAL CONVENTION,17,DEM,Dwan B Walker,115,54,0,61
Beaver,BRIGHTON TWP 2,DELEGATE TO THE DEMOCRATIC NATIONAL CONVENTION,17,DEM,Arvind Venkat,112,51,0,61
Beaver,BRIGHTON TWP 2,DELEGATE TO THE DEMOCRATIC NATIONAL CONVENTION,17,DEM,Kevin Kinross,111,52,0,59
Beaver,BRIGHTON TWP 2,DELEGATE TO THE DEMOCRATIC NATIONAL CONVENTION,17,DEM,Write-In Totals,18,15,0,3
Beaver,BRIGHTON TWP 2,DELEGATE TO THE DEMOCRATIC NATIONAL CONVENTION,17,DEM,Not Assigned,18,15,0,3
Beaver,BRIGHTON TWP 2,President,,REP,Donald J Trump,128,118,0,10
Beaver,BRIGHTON TWP 2,President,,REP,Nikki R Haley,23,16,0,7
Beaver,BRIGHTON TWP 2,President,,REP,Write-In Totals,2,2,0,0
Beaver,BRIGHTON TWP 2,President,,REP,Not Assigned,2,2,0,0
Beaver,BRIGHTON TWP 2,U.S. Senate,,REP,Dave Mccormick,142,127,0,15
Beaver,BRIGHTON TWP 2,U.S. Senate,,REP,Joseph J Vodvarka,9,6,0,3
Beaver,BRIGHTON TWP 2,U.S. Senate,,REP,Write-In Totals,1,1,0,0
Beaver,BRIGHTON TWP 2,U.S. Senate,,REP,Not Assigned,1,1,0,0
Beaver,BRIGHTON TWP 2,U.S. House,17,REP,Rob Mercuri,139,123,0,16
Beaver,BRIGHTON TWP 2,U.S. House,17,REP,Write-In Totals,2,2,0,0
Beaver,BRIGHTON TWP 2,U.S. House,17,REP,Not Assigned,2,2,0,0
Beaver,BRIGHTON TWP 2,State Senate,47,REP,Elder Vogel Jr,150,132,0,18
Beaver,BRIGHTON TWP 2,State Senate,47,REP,Write-In Totals,0,0,0,0
Beaver,BRIGHTON TWP 2,State Senate,47,REP,Not Assigned,0,0,0,0
Beaver,BRIGHTON TWP 2,State House,15,REP,Joshua D Kail,149,133,0,16
Beaver,BRIGHTON TWP 2,State House,15,REP,Write-In Totals,3,2,0,1
Beaver,BRIGHTON TWP 2,State House,15,REP,Not Assigned,3,2,0,1
Beaver,BRIGHTON TWP 2,DELEGATE TO THE REPUBLICAN NATIONAL CONVENTION,17,REP,Abby Kail,90,82,0,8
Beaver,BRIGHTON TWP 2,DELEGATE TO THE REPUBLICAN NATIONAL CONVENTION,17,REP,Mike Mcmullen,57,52,0,5
Beaver,BRIGHTON TWP 2,DELEGATE TO THE REPUBLICAN NATIONAL CONVENTION,17,REP,John Fredericks,55,50,0,5
Beaver,BRIGHTON TWP 2,DELEGATE TO THE REPUBLICAN NATIONAL CONVENTION,17,REP,Jack Casey,46,43,0,3
Beaver,BRIGHTON TWP 2,DELEGATE TO THE REPUBLICAN NATIONAL CONVENTION,17,REP,Bob Howard,37,34,0,3
Beaver,BRIGHTON TWP 2,DELEGATE TO THE REPUBLICAN NATIONAL CONVENTION,17,REP,Toni Shuppe,31,25,0,6
Beaver,BRIGHTON TWP 2,DELEGATE TO THE REPUBLICAN NATIONAL CONVENTION,17,REP,Veronica S Steinkirchner,22,19,0,3
Beaver,BRIGHTON TWP 2,DELEGATE TO THE REPUBLICAN NATIONAL CONVENTION,17,REP,Vincent E Fusca,20,18,0,2
Beaver,BRIGHTON TWP 2,DELEGATE TO THE REPUBLICAN NATIONAL CONVENTION,17,REP,Write-In Totals,1,1,0,0
Beaver,BRIGHTON TWP 2,DELEGATE TO THE REPUBLICAN NATIONAL CONVENTION,17,REP,Not Assigned,1,1,0,0
Beaver,BRIGHTON TWP 2,ALTERNATE DELEGATE TO THE REPUBLICAN NATIONAL CONVENTION,17,REP,Bob Hamilton,76,64,0,12
Beaver,BRIGHTON TWP 2,ALTERNATE DELEGATE TO THE REPUBLICAN NATIONAL CONVENTION,17,REP,Mike Mcmullen,70,66,0,4
Beaver,BRIGHTON TWP 2,ALTERNATE DELEGATE TO THE REPUBLICAN NATIONAL CONVENTION,17,REP,Christine Mattarochia,67,58,0,9
Beaver,BRIGHTON TWP 2,ALTERNATE DELEGATE TO THE REPUBLICAN NATIONAL CONVENTION,17,REP,M J Costello,62,56,0,6
Beaver,BRIGHTON TWP 2,ALTERNATE DELEGATE TO THE REPUBLICAN NATIONAL CONVENTION,17,REP,Write-In Totals,1,1,0,0
Beaver,BRIGHTON TWP 2,ALTERNATE DELEGATE TO THE REPUBLICAN NATIONAL CONVENTION,17,REP,Not Assigned,1,1,0,0
Beaver,BRIGHTON TWP 3,President,,DEM,Joseph R Biden Jr,98,34,0,64
Beaver,BRIGHTON TWP 3,President,,DEM,Dean Phillips,12,8,0,4
Beaver,BRIGHTON TWP 3,President,,DEM,Write-In Totals,7,4,0,3
Beaver,BRIGHTON TWP 3,President,,DEM,Not Assigned,7,4,0,3
Beaver,BRIGHTON TWP 3,U.S. Senate,,DEM,Robert P Casey Jr,95,38,0,57
Beaver,BRIGHTON TWP 3,U.S. Senate,,DEM,William Parker,25,11,0,14
Beaver,BRIGHTON TWP 3,U.S. Senate,,DEM,Write-In Totals,1,0,0,1
Beaver,BRIGHTON TWP 3,U.S. Senate,,DEM,Not Assigned,1,0,0,1
Beaver,BRIGHTON TWP 3,U.S. House,17,DEM,Chris Deluzio,116,47,0,69
Beaver,BRIGHTON TWP 3,U.S. House,17,DEM,Write-In Totals,1,0,0,1
Beaver,BRIGHTON TWP 3,U.S. House,17,DEM,Not Assigned,1,0,0,1
Beaver,BRIGHTON TWP 3,State Senate,47,DEM,Write-In: Elder Vogel Jr.,13,5,0,8
Beaver,BRIGHTON TWP 3,State Senate,47,DEM,Write-In: Kate Lennen,5,3,0,2
Beaver,BRIGHTON TWP 3,State Senate,47,DEM,Write-In: Scattered,3,1,0,2
Beaver,BRIGHTON TWP 3,State Senate,47,DEM,Write-In Totals,21,9,0,12
Beaver,BRIGHTON TWP 3,State Senate,47,DEM,Not Assigned,0,0,0,0
Beaver,BRIGHTON TWP 3,State House,15,DEM,Ashlee Caul,117,45,0,72
Beaver,BRIGHTON TWP 3,State House,15,DEM,Write-In Totals,1,1,0,0
Beaver,BRIGHTON TWP 3,State House,15,DEM,Not Assigned,1,1,0,0
Beaver,BRIGHTON TWP 3,DELEGATE TO THE DEMOCRATIC NATIONAL CONVENTION,17,DEM,Nancy Werme,104,34,0,70
Beaver,BRIGHTON TWP 3,DELEGATE TO THE DEMOCRATIC NATIONAL CONVENTION,17,DEM,Kaylee Werner,97,36,0,61
Beaver,BRIGHTON TWP 3,DELEGATE TO THE DEMOCRATIC NATIONAL CONVENTION,17,DEM,Lisa M Baldis,95,33,0,62
Beaver,BRIGHTON TWP 3,DELEGATE TO THE DEMOCRATIC NATIONAL CONVENTION,17,DEM,Mary Jane Jones-Gilliam,95,34,0,61
Beaver,BRIGHTON TWP 3,DELEGATE TO THE DEMOCRATIC NATIONAL CONVENTION,17,DEM,Dwan B Walker,94,35,0,59
Beaver,BRIGHTON TWP 3,DELEGATE TO THE DEMOCRATIC NATIONAL CONVENTION,17,DEM,Arvind Venkat,88,33,0,55
Beaver,BRIGHTON TWP 3,DELEGATE TO THE DEMOCRATIC NATIONAL CONVENTION,17,DEM,Kevin Kinross,88,32,0,56
Beaver,BRIGHTON TWP 3,DELEGATE TO THE DEMOCRATIC NATIONAL CONVENTION,17,DEM,Write-In Totals,1,0,0,1
Beaver,BRIGHTON TWP 3,DELEGATE TO THE DEMOCRATIC NATIONAL CONVENTION,17,DEM,Not Assigned,1,0,0,1
Beaver,BRIGHTON TWP 3,President,,REP,Donald J Trump,119,101,1,17
Beaver,BRIGHTON TWP 3,President,,REP,Nikki R Haley,13,9,0,4
Beaver,BRIGHTON TWP 3,President,,REP,Write-In Totals,2,1,0,1
Beaver,BRIGHTON TWP 3,President,,REP,Not Assigned,2,1,0,1
Beaver,BRIGHTON TWP 3,U.S. Senate,,REP,Dave Mccormick,122,103,1,18
Beaver,BRIGHTON TWP 3,U.S. Senate,,REP,Joseph J Vodvarka,10,4,0,6
Beaver,BRIGHTON TWP 3,U.S. Senate,,REP,Write-In Totals,1,1,0,0
Beaver,BRIGHTON TWP 3,U.S. Senate,,REP,Not Assigned,1,1,0,0
Beaver,BRIGHTON TWP 3,U.S. House,17,REP,Rob Mercuri,122,99,1,22
Beaver,BRIGHTON TWP 3,U.S. House,17,REP,Write-In Totals,0,0,0,0
Beaver,BRIGHTON TWP 3,U.S. House,17,REP,Not Assigned,0,0,0,0
Beaver,BRIGHTON TWP 3,State Senate,47,REP,Elder Vogel Jr,131,106,1,24
Beaver,BRIGHTON TWP 3,State Senate,47,REP,Write-In Totals,1,1,0,0
Beaver,BRIGHTON TWP 3,State Senate,47,REP,Not Assigned,1,1,0,0
Beaver,BRIGHTON TWP 3,State House,15,REP,Joshua D Kail,132,107,1,24
Beaver,BRIGHTON TWP 3,State House,15,REP,Write-In Totals,0,0,0,0
Beaver,BRIGHTON TWP 3,State House,15,REP,Not Assigned,0,0,0,0
Beaver,BRIGHTON TWP 3,DELEGATE TO THE REPUBLICAN NATIONAL CONVENTION,17,REP,Abby Kail,85,72,0,13
Beaver,BRIGHTON TWP 3,DELEGATE TO THE REPUBLICAN NATIONAL CONVENTION,17,REP,Mike Mcmullen,56,44,1,11
Beaver,BRIGHTON TWP 3,DELEGATE TO THE REPUBLICAN NATIONAL CONVENTION,17,REP,John Fredericks,49,39,1,9
Beaver,BRIGHTON TWP 3,DELEGATE TO THE REPUBLICAN NATIONAL CONVENTION,17,REP,Jack Casey,33,29,0,4
Beaver,BRIGHTON TWP 3,DELEGATE TO THE REPUBLICAN NATIONAL CONVENTION,17,REP,Toni Shuppe,28,15,1,12
Beaver,BRIGHTON TWP 3,DELEGATE TO THE REPUBLICAN NATIONAL CONVENTION,17,REP,Bob Howard,27,23,0,4
Beaver,BRIGHTON TWP 3,DELEGATE TO THE REPUBLICAN NATIONAL CONVENTION,17,REP,Veronica S Steinkirchner,25,19,0,6
Beaver,BRIGHTON TWP 3,DELEGATE TO THE REPUBLICAN NATIONAL CONVENTION,17,REP,Vincent E Fusca,14,13,0,1
Beaver,BRIGHTON TWP 3,DELEGATE TO THE REPUBLICAN NATIONAL CONVENTION,17,REP,Write-In Totals,0,0,0,0
Beaver,BRIGHTON TWP 3,DELEGATE TO THE REPUBLICAN NATIONAL CONVENTION,17,REP,Not Assigned,0,0,0,0
Beaver,BRIGHTON TWP 3,ALTERNATE DELEGATE TO THE REPUBLICAN NATIONAL CONVENTION,17,REP,Mike Mcmullen,73,60,1,12
Beaver,BRIGHTON TWP 3,ALTERNATE DELEGATE TO THE REPUBLICAN NATIONAL CONVENTION,17,REP,Bob Hamilton,68,51,1,16
Beaver,BRIGHTON TWP 3,ALTERNATE DELEGATE TO THE REPUBLICAN NATIONAL CONVENTION,17,REP,Christine Mattarochia,67,51,0,16
Beaver,BRIGHTON TWP 3,ALTERNATE DELEGATE TO THE REPUBLICAN NATIONAL CONVENTION,17,REP,M J Costello,51,39,1,11
Beaver,BRIGHTON TWP 3,ALTERNATE DELEGATE TO THE REPUBLICAN NATIONAL CONVENTION,17,REP,Write-In Totals,0,0,0,0
Beaver,BRIGHTON TWP 3,ALTERNATE DELEGATE TO THE REPUBLICAN NATIONAL CONVENTION,17,REP,Not Assigned,0,0,0,0
Beaver,BRIGHTON TWP 4,President,,DEM,Joseph R Biden Jr,107,38,0,69
Beaver,BRIGHTON TWP 4,President,,DEM,Dean Phillips,9,8,0,1
Beaver,BRIGHTON TWP 4,President,,DEM,Write-In Totals,4,3,0,1
Beaver,BRIGHTON TWP 4,President,,DEM,Not Assigned,4,3,0,1
Beaver,BRIGHTON TWP 4,U.S. Senate,,DEM,Robert P Casey Jr,100,37,0,63
Beaver,BRIGHTON TWP 4,U.S. Senate,,DEM,William Parker,21,12,0,9
Beaver,BRIGHTON TWP 4,U.S. Senate,,DEM,Write-In Totals,1,1,0,0
Beaver,BRIGHTON TWP 4,U.S. Senate,,DEM,Not Assigned,1,1,0,0
Beaver,BRIGHTON TWP 4,U.S. House,17,DEM,Chris Deluzio,116,46,0,70
Beaver,BRIGHTON TWP 4,U.S. House,17,DEM,Write-In Totals,0,0,0,0
Beaver,BRIGHTON TWP 4,U.S. House,17,DEM,Not Assigned,0,0,0,0
Beaver,BRIGHTON TWP 4,State Senate,47,DEM,Write-In: Kate Lennen,16,7,0,9
Beaver,BRIGHTON TWP 4,State Senate,47,DEM,Write-In: Elder Vogel Jr.,7,3,0,4
Beaver,BRIGHTON TWP 4,State Senate,47,DEM,Write-In: Scattered,3,3,0,0
Beaver,BRIGHTON TWP 4,State Senate,47,DEM,Write-In Totals,26,13,0,13
Beaver,BRIGHTON TWP 4,State Senate,47,DEM,Not Assigned,0,0,0,0
Beaver,BRIGHTON TWP 4,State House,15,DEM,Ashlee Caul,111,45,0,66
Beaver,BRIGHTON TWP 4,State House,15,DEM,Write-In Totals,3,0,0,3
Beaver,BRIGHTON TWP 4,State House,15,DEM,Not Assigned,3,0,0,3
Beaver,BRIGHTON TWP 4,DELEGATE TO THE DEMOCRATIC NATIONAL CONVENTION,17,DEM,Nancy Werme,106,40,0,66
Beaver,BRIGHTON TWP 4,DELEGATE TO THE DEMOCRATIC NATIONAL CONVENTION,17,DEM,Kaylee Werner,98,37,0,61
Beaver,BRIGHTON TWP 4,DELEGATE TO THE DEMOCRATIC NATIONAL CONVENTION,17,DEM,Mary Jane Jones-Gilliam,97,36,0,61
Beaver,BRIGHTON TWP 4,DELEGATE TO THE DEMOCRATIC NATIONAL CONVENTION,17,DEM,Lisa M Baldis,92,33,0,59
Beaver,BRIGHTON TWP 4,DELEGATE TO THE DEMOCRATIC NATIONAL CONVENTION,17,DEM,Arvind Venkat,86,31,0,55
Beaver,BRIGHTON TWP 4,DELEGATE TO THE DEMOCRATIC NATIONAL CONVENTION,17,DEM,Dwan B Walker,86,31,0,55
Beaver,BRIGHTON TWP 4,DELEGATE TO THE DEMOCRATIC NATIONAL CONVENTION,17,DEM,Kevin Kinross,84,30,0,54
Beaver,BRIGHTON TWP 4,DELEGATE TO THE DEMOCRATIC NATIONAL CONVENTION,17,DEM,Write-In Totals,3,3,0,0
Beaver,BRIGHTON TWP 4,DELEGATE TO THE DEMOCRATIC NATIONAL CONVENTION,17,DEM,Not Assigned,3,3,0,0
Beaver,BRIGHTON TWP 4,President,,REP,Donald J Trump,116,98,0,18
Beaver,BRIGHTON TWP 4,President,,REP,Nikki R Haley,23,17,0,6
Beaver,BRIGHTON TWP 4,President,,REP,Write-In Totals,2,0,0,2
Beaver,BRIGHTON TWP 4,President,,REP,Not Assigned,2,0,0,2
Beaver,BRIGHTON TWP 4,U.S. Senate,,REP,Dave Mccormick,126,107,0,19
Beaver,BRIGHTON TWP 4,U.S. Senate,,REP,Joseph J Vodvarka,12,7,0,5
Beaver,BRIGHTON TWP 4,U.S. Senate,,REP,Write-In Totals,1,0,0,1
Beaver,BRIGHTON TWP 4,U.S. Senate,,REP,Not Assigned,1,0,0,1
Beaver,BRIGHTON TWP 4,U.S. House,17,REP,Rob Mercuri,125,105,0,20
Beaver,BRIGHTON TWP 4,U.S. House,17,REP,Write-In Totals,2,0,0,2
Beaver,BRIGHTON TWP 4,U.S. House,17,REP,Not Assigned,2,0,0,2
Beaver,BRIGHTON TWP 4,State Senate,47,REP,Elder Vogel Jr,138,112,0,26
Beaver,BRIGHTON TWP 4,State Senate,47,REP,Write-In Totals,0,0,0,0
Beaver,BRIGHTON TWP 4,State Senate,47,REP,Not Assigned,0,0,0,0
Beaver,BRIGHTON TWP 4,State House,15,REP,Joshua D Kail,136,112,0,24
Beaver,BRIGHTON TWP 4,State House,15,REP,Write-In Totals,0,0,0,0
Beaver,BRIGHTON TWP 4,State House,15,REP,Not Assigned,0,0,0,0
Beaver,BRIGHTON TWP 4,DELEGATE TO THE REPUBLICAN NATIONAL CONVENTION,17,REP,Abby Kail,100,86,0,14
Beaver,BRIGHTON TWP 4,DELEGATE TO THE REPUBLICAN NATIONAL CONVENTION,17,REP,Mike Mcmullen,63,55,0,8
Beaver,BRIGHTON TWP 4,DELEGATE TO THE REPUBLICAN NATIONAL CONVENTION,17,REP,Jack Casey,48,36,0,12
Beaver,BRIGHTON TWP 4,DELEGATE TO THE REPUBLICAN NATIONAL CONVENTION,17,REP,John Fredericks,46,35,0,11
Beaver,BRIGHTON TWP 4,DELEGATE TO THE REPUBLICAN NATIONAL CONVENTION,17,REP,Bob Howard,30,28,0,2
Beaver,BRIGHTON TWP 4,DELEGATE TO THE REPUBLICAN NATIONAL CONVENTION,17,REP,Veronica S Steinkirchner,29,22,0,7
Beaver,BRIGHTON TWP 4,DELEGATE TO THE REPUBLICAN NATIONAL CONVENTION,17,REP,Toni Shuppe,24,14,0,10
Beaver,BRIGHTON TWP 4,DELEGATE TO THE REPUBLICAN NATIONAL CONVENTION,17,REP,Vincent E Fusca,12,11,0,1
Beaver,BRIGHTON TWP 4,DELEGATE TO THE REPUBLICAN NATIONAL CONVENTION,17,REP,Write-In Totals,1,0,0,1
Beaver,BRIGHTON TWP 4,DELEGATE TO THE REPUBLICAN NATIONAL CONVENTION,17,REP,Not Assigned,1,0,0,1
Beaver,BRIGHTON TWP 4,ALTERNATE DELEGATE TO THE REPUBLICAN NATIONAL CONVENTION,17,REP,Mike Mcmullen,86,74,0,12
Beaver,BRIGHTON TWP 4,ALTERNATE DELEGATE TO THE REPUBLICAN NATIONAL CONVENTION,17,REP,Bob Hamilton,75,57,0,18
Beaver,BRIGHTON TWP 4,ALTERNATE DELEGATE TO THE REPUBLICAN NATIONAL CONVENTION,17,REP,Christine Mattarochia,68,51,0,17
Beaver,BRIGHTON TWP 4,ALTERNATE DELEGATE TO THE REPUBLICAN NATIONAL CONVENTION,17,REP,M J Costello,53,39,0,14
Beaver,BRIGHTON TWP 4,ALTERNATE DELEGATE TO THE REPUBLICAN NATIONAL CONVENTION,17,REP,Write-In Totals,0,0,0,0
Beaver,BRIGHTON TWP 4,ALTERNATE DELEGATE TO THE REPUBLICAN NATIONAL CONVENTION,17,REP,Not Assigned,0,0,0,0
Beaver,BRIGHTON TWP 5,President,,DEM,Joseph R Biden Jr,150,52,0,98
Beaver,BRIGHTON TWP 5,President,,DEM,Dean Phillips,20,14,0,6
Beaver,BRIGHTON TWP 5,President,,DEM,Write-In Totals,10,4,0,6
Beaver,BRIGHTON TWP 5,President,,DEM,Not Assigned,10,4,0,6
Beaver,BRIGHTON TWP 5,U.S. Senate,,DEM,Robert P Casey Jr,150,58,0,92
Beaver,BRIGHTON TWP 5,U.S. Senate,,DEM,William Parker,27,11,0,16
Beaver,BRIGHTON TWP 5,U.S. Senate,,DEM,Write-In Totals,4,2,0,2
Beaver,BRIGHTON TWP 5,U.S. Senate,,DEM,Not Assigned,4,2,0,2
Beaver,BRIGHTON TWP 5,U.S. House,17,DEM,Chris Deluzio,178,67,0,111
Beaver,BRIGHTON TWP 5,U.S. House,17,DEM,Write-In Totals,2,2,0,0
Beaver,BRIGHTON TWP 5,U.S. House,17,DEM,Not Assigned,2,2,0,0
Beaver,BRIGHTON TWP 5,State Senate,47,DEM,Write-In: Kate Lennen,16,4,0,12
Beaver,BRIGHTON TWP 5,State Senate,47,DEM,Write-In: Elder Vogel Jr.,16,8,0,8
Beaver,BRIGHTON TWP 5,State Senate,47,DEM,Write-In: Scattered,13,2,0,11
Beaver,BRIGHTON TWP 5,State Senate,47,DEM,Write-In Totals,45,14,0,31
Beaver,BRIGHTON TWP 5,State Senate,47,DEM,Not Assigned,0,0,0,0
Beaver,BRIGHTON TWP 5,State House,15,DEM,Ashlee Caul,177,70,0,107
Beaver,BRIGHTON TWP 5,State House,15,DEM,Write-In Totals,2,0,0,2
Beaver,BRIGHTON TWP 5,State House,15,DEM,Not Assigned,2,0,0,2
Beaver,BRIGHTON TWP 5,DELEGATE TO THE DEMOCRATIC NATIONAL CONVENTION,17,DEM,Nancy Werme,156,63,0,93
Beaver,BRIGHTON TWP 5,DELEGATE TO THE DEMOCRATIC NATIONAL CONVENTION,17,DEM,Mary Jane Jones-Gilliam,155,60,0,95
Beaver,BRIGHTON TWP 5,DELEGATE TO THE DEMOCRATIC NATIONAL CONVENTION,17,DEM,Kaylee Werner,153,58,0,95
Beaver,BRIGHTON TWP 5,DELEGATE TO THE DEMOCRATIC NATIONAL CONVENTION,17,DEM,Lisa M Baldis,151,59,0,92
Beaver,BRIGHTON TWP 5,DELEGATE TO THE DEMOCRATIC NATIONAL CONVENTION,17,DEM,Dwan B Walker,149,54,0,95
Beaver,BRIGHTON TWP 5,DELEGATE TO THE DEMOCRATIC NATIONAL CONVENTION,17,DEM,Arvind Venkat,148,55,0,93
Beaver,BRIGHTON TWP 5,DELEGATE TO THE DEMOCRATIC NATIONAL CONVENTION,17,DEM,Kevin Kinross,142,52,0,90
Beaver,BRIGHTON TWP 5,DELEGATE TO THE DEMOCRATIC NATIONAL CONVENTION,17,DEM,Write-In Totals,12,0,0,12
Beaver,BRIGHTON TWP 5,DELEGATE TO THE DEMOCRATIC NATIONAL CONVENTION,17,DEM,Not Assigned,12,0,0,12
Beaver,BRIGHTON TWP 5,President,,REP,Donald J Trump,151,130,1,20
Beaver,BRIGHTON TWP 5,President,,REP,Nikki R Haley,30,18,1,11
Beaver,BRIGHTON TWP 5,President,,REP,Write-In Totals,6,4,0,2
Beaver,BRIGHTON TWP 5,President,,REP,Not Assigned,6,4,0,2
Beaver,BRIGHTON TWP 5,U.S. Senate,,REP,Dave Mccormick,166,135,1,30
Beaver,BRIGHTON TWP 5,U.S. Senate,,REP,Joseph J Vodvarka,15,12,1,2
Beaver,BRIGHTON TWP 5,U.S. Senate,,REP,Write-In Totals,1,0,0,1
Beaver,BRIGHTON TWP 5,U.S. Senate,,REP,Not Assigned,1,0,0,1
Beaver,BRIGHTON TWP 5,U.S. House,17,REP,Rob Mercuri,168,136,1,31
Beaver,BRIGHTON TWP 5,U.S. House,17,REP,Write-In Totals,2,2,0,0
Beaver,BRIGHTON TWP 5,U.S. House,17,REP,Not Assigned,2,2,0,0
Beaver,BRIGHTON TWP 5,State Senate,47,REP,Elder Vogel Jr,187,151,2,34
Beaver,BRIGHTON TWP 5,State Senate,47,REP,Write-In Totals,1,1,0,0
Beaver,BRIGHTON TWP 5,State Senate,47,REP,Not Assigned,1,1,0,0
Beaver,BRIGHTON TWP 5,State House,15,REP,Joshua D Kail,181,146,2,33
Beaver,BRIGHTON TWP 5,State House,15,REP,Write-In Totals,5,5,0,0
Beaver,BRIGHTON TWP 5,State House,15,REP,Not Assigned,5,5,0,0
Beaver,BRIGHTON TWP 5,DELEGATE TO THE REPUBLICAN NATIONAL CONVENTION,17,REP,Abby Kail,133,103,2,28
Beaver,BRIGHTON TWP 5,DELEGATE TO THE REPUBLICAN NATIONAL CONVENTION,17,REP,John Fredericks,79,65,0,14
Beaver,BRIGHTON TWP 5,DELEGATE TO THE REPUBLICAN NATIONAL CONVENTION,17,REP,Mike Mcmullen,57,47,0,10
Beaver,BRIGHTON TWP 5,DELEGATE TO THE REPUBLICAN NATIONAL CONVENTION,17,REP,Toni Shuppe,51,39,0,12
Beaver,BRIGHTON TWP 5,DELEGATE TO THE REPUBLICAN NATIONAL CONVENTION,17,REP,Jack Casey,50,41,0,9
Beaver,BRIGHTON TWP 5,DELEGATE TO THE REPUBLICAN NATIONAL CONVENTION,17,REP,Bob Howard,38,33,0,5
Beaver,BRIGHTON TWP 5,DELEGATE TO THE REPUBLICAN NATIONAL CONVENTION,17,REP,Veronica S Steinkirchner,35,28,0,7
Beaver,BRIGHTON TWP 5,DELEGATE TO THE REPUBLICAN NATIONAL CONVENTION,17,REP,Vincent E Fusca,26,25,0,1
Beaver,BRIGHTON TWP 5,DELEGATE TO THE REPUBLICAN NATIONAL CONVENTION,17,REP,Write-In Totals,0,0,0,0
Beaver,BRIGHTON TWP 5,DELEGATE TO THE REPUBLICAN NATIONAL CONVENTION,17,REP,Not Assigned,0,0,0,0
Beaver,BRIGHTON TWP 5,ALTERNATE DELEGATE TO THE REPUBLICAN NATIONAL CONVENTION,17,REP,Bob Hamilton,106,86,0,20
Beaver,BRIGHTON TWP 5,ALTERNATE DELEGATE TO THE REPUBLICAN NATIONAL CONVENTION,17,REP,Christine Mattarochia,105,85,0,20
Beaver,BRIGHTON TWP 5,ALTERNATE DELEGATE TO THE REPUBLICAN NATIONAL CONVENTION,17,REP,Mike Mcmullen,91,73,1,17
Beaver,BRIGHTON TWP 5,ALTERNATE DELEGATE TO THE REPUBLICAN NATIONAL CONVENTION,17,REP,M J Costello,78,63,0,15
Beaver,BRIGHTON TWP 5,ALTERNATE DELEGATE TO THE REPUBLICAN NATIONAL CONVENTION,17,REP,Write-In Totals,1,1,0,0
Beaver,BRIGHTON TWP 5,ALTERNATE DELEGATE TO THE REPUBLICAN NATIONAL CONVENTION,17,REP,Not Assigned,1,1,0,0
Beaver,CENTER TWP 1,President,,DEM,Joseph R Biden Jr,111,46,0,65
Beaver,CENTER TWP 1,President,,DEM,Dean Phillips,16,7,0,9
Beaver,CENTER TWP 1,President,,DEM,Write-In Totals,9,7,0,2
Beaver,CENTER TWP 1,President,,DEM,Not Assigned,9,7,0,2
Beaver,CENTER TWP 1,U.S. Senate,,DEM,Robert P Casey Jr,102,40,0,62
Beaver,CENTER TWP 1,U.S. Senate,,DEM,William Parker,31,16,0,15
Beaver,CENTER TWP 1,U.S. Senate,,DEM,Write-In Totals,3,3,0,0
Beaver,CENTER TWP 1,U.S. Senate,,DEM,Not Assigned,3,3,0,0
Beaver,CENTER TWP 1,U.S. House,17,DEM,Chris Deluzio,127,53,0,74
Beaver,CENTER TWP 1,U.S. House,17,DEM,Write-In Totals,6,6,0,0
Beaver,CENTER TWP 1,U.S. House,17,DEM,Not Assigned,6,6,0,0
Beaver,CENTER TWP 1,State Senate,47,DEM,Write-In: Kate Lennen,35,25,0,10
Beaver,CENTER TWP 1,State Senate,47,DEM,Write-In: Scattered,12,6,0,6
Beaver,CENTER TWP 1,State Senate,47,DEM,Write-In: Elder Vogel Jr.,10,4,0,6
Beaver,CENTER TWP 1,State Senate,47,DEM,Write-In Totals,57,35,0,22
Beaver,CENTER TWP 1,State Senate,47,DEM,Not Assigned,0,0,0,0
Beaver,CENTER TWP 1,State House,16,DEM,Robert F Matzie,127,51,0,76
Beaver,CENTER TWP 1,State House,16,DEM,Write-In Totals,9,8,0,1
Beaver,CENTER TWP 1,State House,16,DEM,Not Assigned,9,8,0,1
Beaver,CENTER TWP 1,DELEGATE TO THE DEMOCRATIC NATIONAL CONVENTION,17,DEM,Nancy Werme,116,48,0,68
Beaver,CENTER TWP 1,DELEGATE TO THE DEMOCRATIC NATIONAL CONVENTION,17,DEM,Kaylee Werner,111,43,0,68
Beaver,CENTER TWP 1,DELEGATE TO THE DEMOCRATIC NATIONAL CONVENTION,17,DEM,Mary Jane Jones-Gilliam,107,42,0,65
Beaver,CENTER TWP 1,DELEGATE TO THE DEMOCRATIC NATIONAL CONVENTION,17,DEM,Dwan B Walker,104,44,0,60
Beaver,CENTER TWP 1,DELEGATE TO THE DEMOCRATIC NATIONAL CONVENTION,17,DEM,Lisa M Baldis,103,41,0,62
Beaver,CENTER TWP 1,DELEGATE TO THE DEMOCRATIC NATIONAL CONVENTION,17,DEM,Arvind Venkat,100,39,0,61
Beaver,CENTER TWP 1,DELEGATE TO THE DEMOCRATIC NATIONAL CONVENTION,17,DEM,Kevin Kinross,98,40,0,58
Beaver,CENTER TWP 1,DELEGATE TO THE DEMOCRATIC NATIONAL CONVENTION,17,DEM,Write-In Totals,3,3,0,0
Beaver,CENTER TWP 1,DELEGATE TO THE DEMOCRATIC NATIONAL CONVENTION,17,DEM,Not Assigned,3,3,0,0
Beaver,CENTER TWP 1,President,,REP,Donald J Trump,82,74,0,8
Beaver,CENTER TWP 1,President,,REP,Nikki R Haley,12,9,0,3
Beaver,CENTER TWP 1,President,,REP,Write-In Totals,1,1,0,0
Beaver,CENTER TWP 1,President,,REP,Not Assigned,1,1,0,0
Beaver,CENTER TWP 1,U.S. Senate,,REP,Dave Mccormick,84,73,0,11
Beaver,CENTER TWP 1,U.S. Senate,,REP,Joseph J Vodvarka,10,10,0,0
Beaver,CENTER TWP 1,U.S. Senate,,REP,Write-In Totals,0,0,0,0
Beaver,CENTER TWP 1,U.S. Senate,,REP,Not Assigned,0,0,0,0
Beaver,CENTER TWP 1,U.S. House,17,REP,Rob Mercuri,86,77,0,9
Beaver,CENTER TWP 1,U.S. House,17,REP,Write-In Totals,0,0,0,0
Beaver,CENTER TWP 1,U.S. House,17,REP,Not Assigned,0,0,0,0
Beaver,CENTER TWP 1,State Senate,47,REP,Elder Vogel Jr,93,84,0,9
Beaver,CENTER TWP 1,State Senate,47,REP,Write-In Totals,0,0,0,0
Beaver,CENTER TWP 1,State Senate,47,REP,Not Assigned,0,0,0,0
Beaver,CENTER TWP 1,State House,16,REP,Michael J Perich,89,80,0,9
Beaver,CENTER TWP 1,State House,16,REP,Write-In Totals,1,0,0,1
Beaver,CENTER TWP 1,State House,16,REP,Not Assigned,1,0,0,1
Beaver,CENTER TWP 1,DELEGATE TO THE REPUBLICAN NATIONAL CONVENTION,17,REP,Abby Kail,55,51,0,4
Beaver,CENTER TWP 1,DELEGATE TO THE REPUBLICAN NATIONAL CONVENTION,17,REP,Mike Mcmullen,46,43,0,3
Beaver,CENTER TWP 1,DELEGATE TO THE REPUBLICAN NATIONAL CONVENTION,17,REP,John Fredericks,31,26,0,5
Beaver,CENTER TWP 1,DELEGATE TO THE REPUBLICAN NATIONAL CONVENTION,17,REP,Jack Casey,25,24,0,1
Beaver,CENTER TWP 1,DELEGATE TO THE REPUBLICAN NATIONAL CONVENTION,17,REP,Veronica S Steinkirchner,25,21,0,4
Beaver,CENTER TWP 1,DELEGATE TO THE REPUBLICAN NATIONAL CONVENTION,17,REP,Toni Shuppe,21,16,0,5
Beaver,CENTER TWP 1,DELEGATE TO THE REPUBLICAN NATIONAL CONVENTION,17,REP,Bob Howard,17,16,0,1
Beaver,CENTER TWP 1,DELEGATE TO THE REPUBLICAN NATIONAL CONVENTION,17,REP,Vincent E Fusca,14,14,0,0
Beaver,CENTER TWP 1,DELEGATE TO THE REPUBLICAN NATIONAL CONVENTION,17,REP,Write-In Totals,1,0,0,1
Beaver,CENTER TWP 1,DELEGATE TO THE REPUBLICAN NATIONAL CONVENTION,17,REP,Not Assigned,1,0,0,1
Beaver,CENTER TWP 1,ALTERNATE DELEGATE TO THE REPUBLICAN NATIONAL CONVENTION,17,REP,Christine Mattarochia,55,46,0,9
Beaver,CENTER TWP 1,ALTERNATE DELEGATE TO THE REPUBLICAN NATIONAL CONVENTION,17,REP,Mike Mcmullen,50,48,0,2
Beaver,CENTER TWP 1,ALTERNATE DELEGATE TO THE REPUBLICAN NATIONAL CONVENTION,17,REP,Bob Hamilton,42,35,0,7
Beaver,CENTER TWP 1,ALTERNATE DELEGATE TO THE REPUBLICAN NATIONAL CONVENTION,17,REP,M J Costello,42,36,0,6
Beaver,CENTER TWP 1,ALTERNATE DELEGATE TO THE REPUBLICAN NATIONAL CONVENTION,17,REP,Write-In Totals,3,3,0,0
Beaver,CENTER TWP 1,ALTERNATE DELEGATE TO THE REPUBLICAN NATIONAL CONVENTION,17,REP,Not Assigned,3,3,0,0
Beaver,CENTER TWP 2,President,,DEM,Joseph R Biden Jr,79,55,0,24
Beaver,CENTER TWP 2,President,,DEM,Dean Phillips,21,20,0,1
Beaver,CENTER TWP 2,President,,DEM,Write-In Totals,9,8,0,1
Beaver,CENTER TWP 2,President,,DEM,Not Assigned,9,8,0,1
Beaver,CENTER TWP 2,U.S. Senate,,DEM,Robert P Casey Jr,75,57,0,18
Beaver,CENTER TWP 2,U.S. Senate,,DEM,William Parker,31,23,0,8
Beaver,CENTER TWP 2,U.S. Senate,,DEM,Write-In Totals,2,2,0,0
Beaver,CENTER TWP 2,U.S. Senate,,DEM,Not Assigned,2,2,0,0
Beaver,CENTER TWP 2,U.S. House,17,DEM,Chris Deluzio,104,79,0,25
Beaver,CENTER TWP 2,U.S. House,17,DEM,Write-In Totals,3,3,0,0
Beaver,CENTER TWP 2,U.S. House,17,DEM,Not Assigned,3,3,0,0
Beaver,CENTER TWP 2,State Senate,47,DEM,Write-In: Elder Vogel Jr.,8,6,0,2
Beaver,CENTER TWP 2,State Senate,47,DEM,Write-In: Kate Lennen,7,7,0,0
Beaver,CENTER TWP 2,State Senate,47,DEM,Write-In: Scattered,4,3,0,1
Beaver,CENTER TWP 2,State Senate,47,DEM,Write-In Totals,19,16,0,3
Beaver,CENTER TWP 2,State Senate,47,DEM,Not Assigned,0,0,0,0
Beaver,CENTER TWP 2,State House,16,DEM,Robert F Matzie,98,75,0,23
Beaver,CENTER TWP 2,State House,16,DEM,Write-In Totals,5,4,0,1
Beaver,CENTER TWP 2,State House,16,DEM,Not Assigned,5,4,0,1
Beaver,CENTER TWP 2,DELEGATE TO THE DEMOCRATIC NATIONAL CONVENTION,17,DEM,Nancy Werme,79,61,0,18
Beaver,CENTER TWP 2,DELEGATE TO THE DEMOCRATIC NATIONAL CONVENTION,17,DEM,Kaylee Werner,70,51,0,19
Beaver,CENTER TWP 2,DELEGATE TO THE DEMOCRATIC NATIONAL CONVENTION,17,DEM,Mary Jane Jones-Gilliam,66,47,0,19
Beaver,CENTER TWP 2,DELEGATE TO THE DEMOCRATIC NATIONAL CONVENTION,17,DEM,Lisa M Baldis,61,45,0,16
Beaver,CENTER TWP 2,DELEGATE TO THE DEMOCRATIC NATIONAL CONVENTION,17,DEM,Dwan B Walker,59,44,0,15
Beaver,CENTER TWP 2,DELEGATE TO THE DEMOCRATIC NATIONAL CONVENTION,17,DEM,Arvind Venkat,56,39,0,17
Beaver,CENTER TWP 2,DELEGATE TO THE DEMOCRATIC NATIONAL CONVENTION,17,DEM,Kevin Kinross,54,38,0,16
Beaver,CENTER TWP 2,DELEGATE TO THE DEMOCRATIC NATIONAL CONVENTION,17,DEM,Write-In Totals,2,2,0,0
Beaver,CENTER TWP 2,DELEGATE TO THE DEMOCRATIC NATIONAL CONVENTION,17,DEM,Not Assigned,2,2,0,0
Beaver,CENTER TWP 2,President,,REP,Donald J Trump,48,42,0,6
Beaver,CENTER TWP 2,President,,REP,Nikki R Haley,10,7,0,3
Beaver,CENTER TWP 2,President,,REP,Write-In Totals,0,0,0,0
Beaver,CENTER TWP 2,President,,REP,Not Assigned,0,0,0,0
Beaver,CENTER TWP 2,U.S. Senate,,REP,Dave Mccormick,52,46,0,6
Beaver,CENTER TWP 2,U.S. Senate,,REP,Joseph J Vodvarka,7,4,0,3
Beaver,CENTER TWP 2,U.S. Senate,,REP,Write-In Totals,0,0,0,0
Beaver,CENTER TWP 2,U.S. Senate,,REP,Not Assigned,0,0,0,0
Beaver,CENTER TWP 2,U.S. House,17,REP,Rob Mercuri,54,46,0,8
Beaver,CENTER TWP 2,U.S. House,17,REP,Write-In Totals,1,1,0,0
Beaver,CENTER TWP 2,U.S. House,17,REP,Not Assigned,1,1,0,0
Beaver,CENTER TWP 2,State Senate,47,REP,Elder Vogel Jr,59,49,0,10
Beaver,CENTER TWP 2,State Senate,47,REP,Write-In Totals,1,1,0,0
Beaver,CENTER TWP 2,State Senate,47,REP,Not Assigned,1,1,0,0
Beaver,CENTER TWP 2,State House,16,REP,Michael J Perich,59,49,0,10
Beaver,CENTER TWP 2,State House,16,REP,Write-In Totals,0,0,0,0
Beaver,CENTER TWP 2,State House,16,REP,Not Assigned,0,0,0,0
Beaver,CENTER TWP 2,DELEGATE TO THE REPUBLICAN NATIONAL CONVENTION,17,REP,Abby Kail,35,28,0,7
Beaver,CENTER TWP 2,DELEGATE TO THE REPUBLICAN NATIONAL CONVENTION,17,REP,Mike Mcmullen,29,25,0,4
Beaver,CENTER TWP 2,DELEGATE TO THE REPUBLICAN NATIONAL CONVENTION,17,REP,Jack Casey,19,15,0,4
Beaver,CENTER TWP 2,DELEGATE TO THE REPUBLICAN NATIONAL CONVENTION,17,REP,John Fredericks,17,16,0,1
Beaver,CENTER TWP 2,DELEGATE TO THE REPUBLICAN NATIONAL CONVENTION,17,REP,Bob Howard,14,11,0,3
Beaver,CENTER TWP 2,DELEGATE TO THE REPUBLICAN NATIONAL CONVENTION,17,REP,Veronica S Steinkirchner,12,10,0,2
Beaver,CENTER TWP 2,DELEGATE TO THE REPUBLICAN NATIONAL CONVENTION,17,REP,Toni Shuppe,10,9,0,1
Beaver,CENTER TWP 2,DELEGATE TO THE REPUBLICAN NATIONAL CONVENTION,17,REP,Vincent E Fusca,7,4,0,3
Beaver,CENTER TWP 2,DELEGATE TO THE REPUBLICAN NATIONAL CONVENTION,17,REP,Write-In Totals,0,0,0,0
Beaver,CENTER TWP 2,DELEGATE TO THE REPUBLICAN NATIONAL CONVENTION,17,REP,Not Assigned,0,0,0,0
Beaver,CENTER TWP 2,ALTERNATE DELEGATE TO THE REPUBLICAN NATIONAL CONVENTION,17,REP,Mike Mcmullen,38,33,0,5
Beaver,CENTER TWP 2,ALTERNATE DELEGATE TO THE REPUBLICAN NATIONAL CONVENTION,17,REP,Christine Mattarochia,26,21,0,5
Beaver,CENTER TWP 2,ALTERNATE DELEGATE TO THE REPUBLICAN NATIONAL CONVENTION,17,REP,Bob Hamilton,26,21,0,5
Beaver,CENTER TWP 2,ALTERNATE DELEGATE TO THE REPUBLICAN NATIONAL CONVENTION,17,REP,M J Costello,20,16,0,4
Beaver,CENTER TWP 2,ALTERNATE DELEGATE TO THE REPUBLICAN NATIONAL CONVENTION,17,REP,Write-In Totals,0,0,0,0
Beaver,CENTER TWP 2,ALTERNATE DELEGATE TO THE REPUBLICAN NATIONAL CONVENTION,17,REP,Not Assigned,0,0,0,0
Beaver,CENTER TWP 3,President,,DEM,Joseph R Biden Jr,58,27,0,31
Beaver,CENTER TWP 3,President,,DEM,Dean Phillips,14,8,0,6
Beaver,CENTER TWP 3,President,,DEM,Write-In Totals,8,7,0,1
Beaver,CENTER TWP 3,President,,DEM,Not Assigned,8,7,0,1
Beaver,CENTER TWP 3,U.S. Senate,,DEM,Robert P Casey Jr,59,31,0,28
Beaver,CENTER TWP 3,U.S. Senate,,DEM,William Parker,18,9,0,9
Beaver,CENTER TWP 3,U.S. Senate,,DEM,Write-In Totals,1,1,0,0
Beaver,CENTER TWP 3,U.S. Senate,,DEM,Not Assigned,1,1,0,0
Beaver,CENTER TWP 3,U.S. House,17,DEM,Chris Deluzio,72,37,0,35
Beaver,CENTER TWP 3,U.S. House,17,DEM,Write-In Totals,0,0,0,0
Beaver,CENTER TWP 3,U.S. House,17,DEM,Not Assigned,0,0,0,0
Beaver,CENTER TWP 3,State Senate,47,DEM,Write-In: Scattered,8,5,0,3
Beaver,CENTER TWP 3,State Senate,47,DEM,Write-In: Elder Vogel Jr.,8,4,0,4
Beaver,CENTER TWP 3,State Senate,47,DEM,Write-In: Kate Lennen,0,0,0,0
Beaver,CENTER TWP 3,State Senate,47,DEM,Write-In Totals,16,9,0,7
Beaver,CENTER TWP 3,State Senate,47,DEM,Not Assigned,0,0,0,0
Beaver,CENTER TWP 3,State House,16,DEM,Robert F Matzie,71,36,0,35
Beaver,CENTER TWP 3,State House,16,DEM,Write-In Totals,2,2,0,0
Beaver,CENTER TWP 3,State House,16,DEM,Not Assigned,2,2,0,0
Beaver,CENTER TWP 3,DELEGATE TO THE DEMOCRATIC NATIONAL CONVENTION,17,DEM,Kaylee Werner,62,31,0,31
Beaver,CENTER TWP 3,DELEGATE TO THE DEMOCRATIC NATIONAL CONVENTION,17,DEM,Nancy Werme,56,29,0,27
Beaver,CENTER TWP 3,DELEGATE TO THE DEMOCRATIC NATIONAL CONVENTION,17,DEM,Lisa M Baldis,54,29,0,25
Beaver,CENTER TWP 3,DELEGATE TO THE DEMOCRATIC NATIONAL CONVENTION,17,DEM,Mary Jane Jones-Gilliam,54,28,0,26
Beaver,CENTER TWP 3,DELEGATE TO THE DEMOCRATIC NATIONAL CONVENTION,17,DEM,Dwan B Walker,53,25,0,28
Beaver,CENTER TWP 3,DELEGATE TO THE DEMOCRATIC NATIONAL CONVENTION,17,DEM,Kevin Kinross,48,25,0,23
Beaver,CENTER TWP 3,DELEGATE TO THE DEMOCRATIC NATIONAL CONVENTION,17,DEM,Arvind Venkat,46,23,0,23
Beaver,CENTER TWP 3,DELEGATE TO THE DEMOCRATIC NATIONAL CONVENTION,17,DEM,Write-In Totals,5,5,0,0
Beaver,CENTER TWP 3,DELEGATE TO THE DEMOCRATIC NATIONAL CONVENTION,17,DEM,Not Assigned,5,5,0,0
Beaver,CENTER TWP 3,President,,REP,Donald J Trump,41,38,0,3
Beaver,CENTER TWP 3,President,,REP,Nikki R Haley,8,6,0,2
Beaver,CENTER TWP 3,President,,REP,Write-In Totals,4,1,0,3
Beaver,CENTER TWP 3,President,,REP,Not Assigned,4,1,0,3
Beaver,CENTER TWP 3,U.S. Senate,,REP,Dave Mccormick,40,35,0,5
Beaver,CENTER TWP 3,U.S. Senate,,REP,Joseph J Vodvarka,7,5,0,2
Beaver,CENTER TWP 3,U.S. Senate,,REP,Write-In Totals,0,0,0,0
Beaver,CENTER TWP 3,U.S. Senate,,REP,Not Assigned,0,0,0,0
Beaver,CENTER TWP 3,U.S. House,17,REP,Rob Mercuri,38,34,0,4
Beaver,CENTER TWP 3,U.S. House,17,REP,Write-In Totals,1,1,0,0
Beaver,CENTER TWP 3,U.S. House,17,REP,Not Assigned,1,1,0,0
Beaver,CENTER TWP 3,State Senate,47,REP,Elder Vogel Jr,45,39,0,6
Beaver,CENTER TWP 3,State Senate,47,REP,Write-In Totals,1,1,0,0
Beaver,CENTER TWP 3,State Senate,47,REP,Not Assigned,1,1,0,0
Beaver,CENTER TWP 3,State House,16,REP,Michael J Perich,38,34,0,4
Beaver,CENTER TWP 3,State House,16,REP,Write-In Totals,1,1,0,0
Beaver,CENTER TWP 3,State House,16,REP,Not Assigned,1,1,0,0
Beaver,CENTER TWP 3,DELEGATE TO THE REPUBLICAN NATIONAL CONVENTION,17,REP,Mike Mcmullen,21,19,0,2
Beaver,CENTER TWP 3,DELEGATE TO THE REPUBLICAN NATIONAL CONVENTION,17,REP,Abby Kail,16,14,0,2
Beaver,CENTER TWP 3,DELEGATE TO THE REPUBLICAN NATIONAL CONVENTION,17,REP,Jack Casey,14,14,0,0
Beaver,CENTER TWP 3,DELEGATE TO THE REPUBLICAN NATIONAL CONVENTION,17,REP,Bob Howard,13,12,0,1
Beaver,CENTER TWP 3,DELEGATE TO THE REPUBLICAN NATIONAL CONVENTION,17,REP,John Fredericks,13,12,0,1
Beaver,CENTER TWP 3,DELEGATE TO THE REPUBLICAN NATIONAL CONVENTION,17,REP,Veronica S Steinkirchner,11,7,0,4
Beaver,CENTER TWP 3,DELEGATE TO THE REPUBLICAN NATIONAL CONVENTION,17,REP,Vincent E Fusca,8,8,0,0
Beaver,CENTER TWP 3,DELEGATE TO THE REPUBLICAN NATIONAL CONVENTION,17,REP,Toni Shuppe,6,4,0,2
Beaver,CENTER TWP 3,DELEGATE TO THE REPUBLICAN NATIONAL CONVENTION,17,REP,Write-In Totals,1,1,0,0
Beaver,CENTER TWP 3,DELEGATE TO THE REPUBLICAN NATIONAL CONVENTION,17,REP,Not Assigned,1,1,0,0
Beaver,CENTER TWP 3,ALTERNATE DELEGATE TO THE REPUBLICAN NATIONAL CONVENTION,17,REP,Mike Mcmullen,26,21,0,5
Beaver,CENTER TWP 3,ALTERNATE DELEGATE TO THE REPUBLICAN NATIONAL CONVENTION,17,REP,Bob Hamilton,23,19,0,4
Beaver,CENTER TWP 3,ALTERNATE DELEGATE TO THE REPUBLICAN NATIONAL CONVENTION,17,REP,Christine Mattarochia,15,11,0,4
Beaver,CENTER TWP 3,ALTERNATE DELEGATE TO THE REPUBLICAN NATIONAL CONVENTION,17,REP,M J Costello,13,12,0,1
Beaver,CENTER TWP 3,ALTERNATE DELEGATE TO THE REPUBLICAN NATIONAL CONVENTION,17,REP,Write-In Totals,3,3,0,0
Beaver,CENTER TWP 3,ALTERNATE DELEGATE TO THE REPUBLICAN NATIONAL CONVENTION,17,REP,Not Assigned,3,3,0,0
Beaver,CENTER TWP 4,President,,DEM,Joseph R Biden Jr,196,68,0,128
Beaver,CENTER TWP 4,President,,DEM,Dean Phillips,34,25,0,9
Beaver,CENTER TWP 4,President,,DEM,Write-In Totals,21,14,0,7
Beaver,CENTER TWP 4,President,,DEM,Not Assigned,21,14,0,7
Beaver,CENTER TWP 4,U.S. Senate,,DEM,Robert P Casey Jr,184,65,0,119
Beaver,CENTER TWP 4,U.S. Senate,,DEM,William Parker,59,31,0,28
Beaver,CENTER TWP 4,U.S. Senate,,DEM,Write-In Totals,9,9,0,0
Beaver,CENTER TWP 4,U.S. Senate,,DEM,Not Assigned,9,9,0,0
Beaver,CENTER TWP 4,U.S. House,17,DEM,Chris Deluzio,239,97,0,142
Beaver,CENTER TWP 4,U.S. House,17,DEM,Write-In Totals,4,3,0,1
Beaver,CENTER TWP 4,U.S. House,17,DEM,Not Assigned,4,3,0,1
Beaver,CENTER TWP 4,State Senate,47,DEM,Write-In: Kate Lennen,56,50,0,6
Beaver,CENTER TWP 4,State Senate,47,DEM,Write-In: Elder Vogel Jr.,26,20,0,6
Beaver,CENTER TWP 4,State Senate,47,DEM,Write-In: Scattered,13,4,0,9
Beaver,CENTER TWP 4,State Senate,47,DEM,Write-In Totals,95,74,0,21
Beaver,CENTER TWP 4,State Senate,47,DEM,Not Assigned,0,0,0,0
Beaver,CENTER TWP 4,State House,16,DEM,Robert F Matzie,233,90,0,143
Beaver,CENTER TWP 4,State House,16,DEM,Write-In Totals,7,5,0,2
Beaver,CENTER TWP 4,State House,16,DEM,Not Assigned,7,5,0,2
Beaver,CENTER TWP 4,DELEGATE TO THE DEMOCRATIC NATIONAL CONVENTION,17,DEM,Nancy Werme,202,81,0,121
Beaver,CENTER TWP 4,DELEGATE TO THE DEMOCRATIC NATIONAL CONVENTION,17,DEM,Kaylee Werner,180,73,0,107
Beaver,CENTER TWP 4,DELEGATE TO THE DEMOCRATIC NATIONAL CONVENTION,17,DEM,Dwan B Walker,178,68,0,110
Beaver,CENTER TWP 4,DELEGATE TO THE DEMOCRATIC NATIONAL CONVENTION,17,DEM,Mary Jane Jones-Gilliam,178,66,0,112
Beaver,CENTER TWP 4,DELEGATE TO THE DEMOCRATIC NATIONAL CONVENTION,17,DEM,Lisa M Baldis,175,68,0,107
Beaver,CENTER TWP 4,DELEGATE TO THE DEMOCRATIC NATIONAL CONVENTION,17,DEM,Arvind Venkat,165,62,0,103
Beaver,CENTER TWP 4,DELEGATE TO THE DEMOCRATIC NATIONAL CONVENTION,17,DEM,Kevin Kinross,164,61,0,103
Beaver,CENTER TWP 4,DELEGATE TO THE DEMOCRATIC NATIONAL CONVENTION,17,DEM,Write-In Totals,35,19,0,16
Beaver,CENTER TWP 4,DELEGATE TO THE DEMOCRATIC NATIONAL CONVENTION,17,DEM,Not Assigned,35,19,0,16
Beaver,CENTER TWP 4,President,,REP,Donald J Trump,141,116,0,25
Beaver,CENTER TWP 4,President,,REP,Nikki R Haley,23,15,0,8
Beaver,CENTER TWP 4,President,,REP,Write-In Totals,2,2,0,0
Beaver,CENTER TWP 4,President,,REP,Not Assigned,2,2,0,0
Beaver,CENTER TWP 4,U.S. Senate,,REP,Dave Mccormick,148,120,0,28
Beaver,CENTER TWP 4,U.S. Senate,,REP,Joseph J Vodvarka,9,7,0,2
Beaver,CENTER TWP 4,U.S. Senate,,REP,Write-In Totals,4,3,0,1
Beaver,CENTER TWP 4,U.S. Senate,,REP,Not Assigned,4,3,0,1
Beaver,CENTER TWP 4,U.S. House,17,REP,Rob Mercuri,146,119,0,27
Beaver,CENTER TWP 4,U.S. House,17,REP,Write-In Totals,2,2,0,0
Beaver,CENTER TWP 4,U.S. House,17,REP,Not Assigned,2,2,0,0
Beaver,CENTER TWP 4,State Senate,47,REP,Elder Vogel Jr,159,128,0,31
Beaver,CENTER TWP 4,State Senate,47,REP,Write-In Totals,2,2,0,0
Beaver,CENTER TWP 4,State Senate,47,REP,Not Assigned,2,2,0,0
Beaver,CENTER TWP 4,State House,16,REP,Michael J Perich,155,126,0,29
Beaver,CENTER TWP 4,State House,16,REP,Write-In Totals,0,0,0,0
Beaver,CENTER TWP 4,State House,16,REP,Not Assigned,0,0,0,0
Beaver,CENTER TWP 4,DELEGATE TO THE REPUBLICAN NATIONAL CONVENTION,17,REP,Abby Kail,83,69,0,14
Beaver,CENTER TWP 4,DELEGATE TO THE REPUBLICAN NATIONAL CONVENTION,17,REP,Mike Mcmullen,79,70,0,9
Beaver,CENTER TWP 4,DELEGATE TO THE REPUBLICAN NATIONAL CONVENTION,17,REP,John Fredericks,59,48,0,11
Beaver,CENTER TWP 4,DELEGATE TO THE REPUBLICAN NATIONAL CONVENTION,17,REP,Jack Casey,45,38,0,7
Beaver,CENTER TWP 4,DELEGATE TO THE REPUBLICAN NATIONAL CONVENTION,17,REP,Toni Shuppe,32,22,0,10
Beaver,CENTER TWP 4,DELEGATE TO THE REPUBLICAN NATIONAL CONVENTION,17,REP,Veronica S Steinkirchner,31,25,0,6
Beaver,CENTER TWP 4,DELEGATE TO THE REPUBLICAN NATIONAL CONVENTION,17,REP,Bob Howard,30,27,0,3
Beaver,CENTER TWP 4,DELEGATE TO THE REPUBLICAN NATIONAL CONVENTION,17,REP,Vincent E Fusca,17,17,0,0
Beaver,CENTER TWP 4,DELEGATE TO THE REPUBLICAN NATIONAL CONVENTION,17,REP,Write-In Totals,2,2,0,0
Beaver,CENTER TWP 4,DELEGATE TO THE REPUBLICAN NATIONAL CONVENTION,17,REP,Not Assigned,2,2,0,0
Beaver,CENTER TWP 4,ALTERNATE DELEGATE TO THE REPUBLICAN NATIONAL CONVENTION,17,REP,Mike Mcmullen,102,90,0,12
Beaver,CENTER TWP 4,ALTERNATE DELEGATE TO THE REPUBLICAN NATIONAL CONVENTION,17,REP,Christine Mattarochia,80,66,0,14
Beaver,CENTER TWP 4,ALTERNATE DELEGATE TO THE REPUBLICAN NATIONAL CONVENTION,17,REP,Bob Hamilton,74,57,0,17
Beaver,CENTER TWP 4,ALTERNATE DELEGATE TO THE REPUBLICAN NATIONAL CONVENTION,17,REP,M J Costello,69,55,0,14
Beaver,CENTER TWP 4,ALTERNATE DELEGATE TO THE REPUBLICAN NATIONAL CONVENTION,17,REP,Write-In Totals,1,1,0,0
Beaver,CENTER TWP 4,ALTERNATE DELEGATE TO THE REPUBLICAN NATIONAL CONVENTION,17,REP,Not Assigned,1,1,0,0
Beaver,CENTER TWP 5,President,,DEM,Joseph R Biden Jr,165,64,0,101
Beaver,CENTER TWP 5,President,,DEM,Dean Phillips,35,23,0,12
Beaver,CENTER TWP 5,President,,DEM,Write-In Totals,12,11,0,1
Beaver,CENTER TWP 5,President,,DEM,Not Assigned,12,11,0,1
Beaver,CENTER TWP 5,U.S. Senate,,DEM,Robert P Casey Jr,160,63,0,97
Beaver,CENTER TWP 5,U.S. Senate,,DEM,William Parker,47,31,0,16
Beaver,CENTER TWP 5,U.S. Senate,,DEM,Write-In Totals,6,5,0,1
Beaver,CENTER TWP 5,U.S. Senate,,DEM,Not Assigned,6,5,0,1
Beaver,CENTER TWP 5,U.S. House,17,DEM,Chris Deluzio,201,92,0,109
Beaver,CENTER TWP 5,U.S. House,17,DEM,Write-In Totals,3,3,0,0
Beaver,CENTER TWP 5,U.S. House,17,DEM,Not Assigned,3,3,0,0
Beaver,CENTER TWP 5,State Senate,47,DEM,Write-In: Elder Vogel Jr.,33,25,0,8
Beaver,CENTER TWP 5,State Senate,47,DEM,Write-In: Kate Lennen,14,4,0,10
Beaver,CENTER TWP 5,State Senate,47,DEM,Write-In: Scattered,8,3,0,5
Beaver,CENTER TWP 5,State Senate,47,DEM,Write-In Totals,55,32,0,23
Beaver,CENTER TWP 5,State Senate,47,DEM,Not Assigned,0,0,0,0
Beaver,CENTER TWP 5,State House,16,DEM,Robert F Matzie,198,92,0,106
Beaver,CENTER TWP 5,State House,16,DEM,Write-In Totals,7,5,0,2
Beaver,CENTER TWP 5,State House,16,DEM,Not Assigned,7,5,0,2
Beaver,CENTER TWP 5,DELEGATE TO THE DEMOCRATIC NATIONAL CONVENTION,17,DEM,Nancy Werme,178,75,0,103
Beaver,CENTER TWP 5,DELEGATE TO THE DEMOCRATIC NATIONAL CONVENTION,17,DEM,Kaylee Werner,163,69,0,94
Beaver,CENTER TWP 5,DELEGATE TO THE DEMOCRATIC NATIONAL CONVENTION,17,DEM,Mary Jane Jones-Gilliam,160,65,0,95
Beaver,CENTER TWP 5,DELEGATE TO THE DEMOCRATIC NATIONAL CONVENTION,17,DEM,Lisa M Baldis,154,61,0,93
Beaver,CENTER TWP 5,DELEGATE TO THE DEMOCRATIC NATIONAL CONVENTION,17,DEM,Dwan B Walker,147,63,0,84
Beaver,CENTER TWP 5,DELEGATE TO THE DEMOCRATIC NATIONAL CONVENTION,17,DEM,Arvind Venkat,146,58,0,88
Beaver,CENTER TWP 5,DELEGATE TO THE DEMOCRATIC NATIONAL CONVENTION,17,DEM,Kevin Kinross,143,61,0,82
Beaver,CENTER TWP 5,DELEGATE TO THE DEMOCRATIC NATIONAL CONVENTION,17,DEM,Write-In Totals,17,16,0,1
Beaver,CENTER TWP 5,DELEGATE TO THE DEMOCRATIC NATIONAL CONVENTION,17,DEM,Not Assigned,17,16,0,1
Beaver,CENTER TWP 5,President,,REP,Donald J Trump,120,106,0,14
Beaver,CENTER TWP 5,President,,REP,Nikki R Haley,16,7,0,9
Beaver,CENTER TWP 5,President,,REP,Write-In Totals,2,1,0,1
Beaver,CENTER TWP 5,President,,REP,Not Assigned,2,1,0,1
Beaver,CENTER TWP 5,U.S. Senate,,REP,Dave Mccormick,114,97,0,17
Beaver,CENTER TWP 5,U.S. Senate,,REP,Joseph J Vodvarka,16,11,0,5
Beaver,CENTER TWP 5,U.S. Senate,,REP,Write-In Totals,1,1,0,0
Beaver,CENTER TWP 5,U.S. Senate,,REP,Not Assigned,1,1,0,0
Beaver,CENTER TWP 5,U.S. House,17,REP,Rob Mercuri,122,100,0,22
Beaver,CENTER TWP 5,U.S. House,17,REP,Write-In Totals,2,2,0,0
Beaver,CENTER TWP 5,U.S. House,17,REP,Not Assigned,2,2,0,0
Beaver,CENTER TWP 5,State Senate,47,REP,Elder Vogel Jr,132,108,0,24
Beaver,CENTER TWP 5,State Senate,47,REP,Write-In Totals,0,0,0,0
Beaver,CENTER TWP 5,State Senate,47,REP,Not Assigned,0,0,0,0
Beaver,CENTER TWP 5,State House,16,REP,Michael J Perich,131,106,0,25
Beaver,CENTER TWP 5,State House,16,REP,Write-In Totals,0,0,0,0
Beaver,CENTER TWP 5,State House,16,REP,Not Assigned,0,0,0,0
Beaver,CENTER TWP 5,DELEGATE TO THE REPUBLICAN NATIONAL CONVENTION,17,REP,Abby Kail,68,51,0,17
Beaver,CENTER TWP 5,DELEGATE TO THE REPUBLICAN NATIONAL CONVENTION,17,REP,Mike Mcmullen,55,49,0,6
Beaver,CENTER TWP 5,DELEGATE TO THE REPUBLICAN NATIONAL CONVENTION,17,REP,John Fredericks,51,45,0,6
Beaver,CENTER TWP 5,DELEGATE TO THE REPUBLICAN NATIONAL CONVENTION,17,REP,Jack Casey,38,25,0,13
Beaver,CENTER TWP 5,DELEGATE TO THE REPUBLICAN NATIONAL CONVENTION,17,REP,Veronica S Steinkirchner,32,23,0,9
Beaver,CENTER TWP 5,DELEGATE TO THE REPUBLICAN NATIONAL CONVENTION,17,REP,Toni Shuppe,28,20,0,8
Beaver,CENTER TWP 5,DELEGATE TO THE REPUBLICAN NATIONAL CONVENTION,17,REP,Bob Howard,23,20,0,3
Beaver,CENTER TWP 5,DELEGATE TO THE REPUBLICAN NATIONAL CONVENTION,17,REP,Vincent E Fusca,20,18,0,2
Beaver,CENTER TWP 5,DELEGATE TO THE REPUBLICAN NATIONAL CONVENTION,17,REP,Write-In Totals,4,4,0,0
Beaver,CENTER TWP 5,DELEGATE TO THE REPUBLICAN NATIONAL CONVENTION,17,REP,Not Assigned,4,4,0,0
Beaver,CENTER TWP 5,ALTERNATE DELEGATE TO THE REPUBLICAN NATIONAL CONVENTION,17,REP,Mike Mcmullen,73,62,0,11
Beaver,CENTER TWP 5,ALTERNATE DELEGATE TO THE REPUBLICAN NATIONAL CONVENTION,17,REP,Bob Hamilton,68,54,0,14
Beaver,CENTER TWP 5,ALTERNATE DELEGATE TO THE REPUBLICAN NATIONAL CONVENTION,17,REP,Christine Mattarochia,60,47,0,13
Beaver,CENTER TWP 5,ALTERNATE DELEGATE TO THE REPUBLICAN NATIONAL CONVENTION,17,REP,M J Costello,52,40,0,12
Beaver,CENTER TWP 5,ALTERNATE DELEGATE TO THE REPUBLICAN NATIONAL CONVENTION,17,REP,Write-In Totals,3,3,0,0
Beaver,CENTER TWP 5,ALTERNATE DELEGATE TO THE REPUBLICAN NATIONAL CONVENTION,17,REP,Not Assigned,3,3,0,0
Beaver,CENTER TWP 6,President,,DEM,Joseph R Biden Jr,152,57,0,95
Beaver,CENTER TWP 6,President,,DEM,Dean Phillips,15,15,0,0
Beaver,CENTER TWP 6,President,,DEM,Write-In Totals,7,6,0,1
Beaver,CENTER TWP 6,President,,DEM,Not Assigned,7,6,0,1
Beaver,CENTER TWP 6,U.S. Senate,,DEM,Robert P Casey Jr,132,49,0,83
Beaver,CENTER TWP 6,U.S. Senate,,DEM,William Parker,40,27,0,13
Beaver,CENTER TWP 6,U.S. Senate,,DEM,Write-In Totals,4,4,0,0
Beaver,CENTER TWP 6,U.S. Senate,,DEM,Not Assigned,4,4,0,0
Beaver,CENTER TWP 6,U.S. House,17,DEM,Chris Deluzio,167,72,0,95
Beaver,CENTER TWP 6,U.S. House,17,DEM,Write-In Totals,1,1,0,0
Beaver,CENTER TWP 6,U.S. House,17,DEM,Not Assigned,1,1,0,0
Beaver,CENTER TWP 6,State Senate,47,DEM,Write-In: Scattered,10,5,0,5
Beaver,CENTER TWP 6,State Senate,47,DEM,Write-In: Elder Vogel Jr.,10,7,0,3
Beaver,CENTER TWP 6,State Senate,47,DEM,Write-In: Kate Lennen,8,3,0,5
Beaver,CENTER TWP 6,State Senate,47,DEM,Write-In Totals,28,15,0,13
Beaver,CENTER TWP 6,State Senate,47,DEM,Not Assigned,0,0,0,0
Beaver,CENTER TWP 6,State House,16,DEM,Robert F Matzie,165,72,0,93
Beaver,CENTER TWP 6,State House,16,DEM,Write-In Totals,1,1,0,0
Beaver,CENTER TWP 6,State House,16,DEM,Not Assigned,1,1,0,0
Beaver,CENTER TWP 6,DELEGATE TO THE DEMOCRATIC NATIONAL CONVENTION,17,DEM,Nancy Werme,143,61,0,82
Beaver,CENTER TWP 6,DELEGATE TO THE DEMOCRATIC NATIONAL CONVENTION,17,DEM,Mary Jane Jones-Gilliam,133,53,0,80
Beaver,CENTER TWP 6,DELEGATE TO THE DEMOCRATIC NATIONAL CONVENTION,17,DEM,Kaylee Werner,131,51,0,80
Beaver,CENTER TWP 6,DELEGATE TO THE DEMOCRATIC NATIONAL CONVENTION,17,DEM,Dwan B Walker,123,49,0,74
Beaver,CENTER TWP 6,DELEGATE TO THE DEMOCRATIC NATIONAL CONVENTION,17,DEM,Lisa M Baldis,122,49,0,73
Beaver,CENTER TWP 6,DELEGATE TO THE DEMOCRATIC NATIONAL CONVENTION,17,DEM,Kevin Kinross,115,46,0,69
Beaver,CENTER TWP 6,DELEGATE TO THE DEMOCRATIC NATIONAL CONVENTION,17,DEM,Arvind Venkat,112,45,0,67
Beaver,CENTER TWP 6,DELEGATE TO THE DEMOCRATIC NATIONAL CONVENTION,17,DEM,Write-In Totals,2,2,0,0
Beaver,CENTER TWP 6,DELEGATE TO THE DEMOCRATIC NATIONAL CONVENTION,17,DEM,Not Assigned,2,2,0,0
Beaver,CENTER TWP 6,President,,REP,Donald J Trump,96,84,0,12
Beaver,CENTER TWP 6,President,,REP,Nikki R Haley,8,6,0,2
Beaver,CENTER TWP 6,President,,REP,Write-In Totals,1,1,0,0
Beaver,CENTER TWP 6,President,,REP,Not Assigned,1,1,0,0
Beaver,CENTER TWP 6,U.S. Senate,,REP,Dave Mccormick,91,79,0,12
Beaver,CENTER TWP 6,U.S. Senate,,REP,Joseph J Vodvarka,8,6,0,2
Beaver,CENTER TWP 6,U.S. Senate,,REP,Write-In Totals,0,0,0,0
Beaver,CENTER TWP 6,U.S. Senate,,REP,Not Assigned,0,0,0,0
Beaver,CENTER TWP 6,U.S. House,17,REP,Rob Mercuri,92,78,0,14
Beaver,CENTER TWP 6,U.S. House,17,REP,Write-In Totals,3,3,0,0
Beaver,CENTER TWP 6,U.S. House,17,REP,Not Assigned,3,3,0,0
Beaver,CENTER TWP 6,State Senate,47,REP,Elder Vogel Jr,98,83,0,15
Beaver,CENTER TWP 6,State Senate,47,REP,Write-In Totals,2,2,0,0
Beaver,CENTER TWP 6,State Senate,47,REP,Not Assigned,2,2,0,0
Beaver,CENTER TWP 6,State House,16,REP,Michael J Perich,94,81,0,13
Beaver,CENTER TWP 6,State House,16,REP,Write-In Totals,1,1,0,0
Beaver,CENTER TWP 6,State House,16,REP,Not Assigned,1,1,0,0
Beaver,CENTER TWP 6,DELEGATE TO THE REPUBLICAN NATIONAL CONVENTION,17,REP,Abby Kail,50,44,0,6
Beaver,CENTER TWP 6,DELEGATE TO THE REPUBLICAN NATIONAL CONVENTION,17,REP,Mike Mcmullen,45,40,0,5
Beaver,CENTER TWP 6,DELEGATE TO THE REPUBLICAN NATIONAL CONVENTION,17,REP,John Fredericks,38,31,0,7
Beaver,CENTER TWP 6,DELEGATE TO THE REPUBLICAN NATIONAL CONVENTION,17,REP,Jack Casey,25,22,0,3
Beaver,CENTER TWP 6,DELEGATE TO THE REPUBLICAN NATIONAL CONVENTION,17,REP,Toni Shuppe,21,14,0,7
Beaver,CENTER TWP 6,DELEGATE TO THE REPUBLICAN NATIONAL CONVENTION,17,REP,Veronica S Steinkirchner,19,18,0,1
Beaver,CENTER TWP 6,DELEGATE TO THE REPUBLICAN NATIONAL CONVENTION,17,REP,Bob Howard,15,15,0,0
Beaver,CENTER TWP 6,DELEGATE TO THE REPUBLICAN NATIONAL CONVENTION,17,REP,Vincent E Fusca,11,9,0,2
Beaver,CENTER TWP 6,DELEGATE TO THE REPUBLICAN NATIONAL CONVENTION,17,REP,Write-In Totals,1,1,0,0
Beaver,CENTER TWP 6,DELEGATE TO THE REPUBLICAN NATIONAL CONVENTION,17,REP,Not Assigned,1,1,0,0
Beaver,CENTER TWP 6,ALTERNATE DELEGATE TO THE REPUBLICAN NATIONAL CONVENTION,17,REP,Christine Mattarochia,53,44,0,9
Beaver,CENTER TWP 6,ALTERNATE DELEGATE TO THE REPUBLICAN NATIONAL CONVENTION,17,REP,Mike Mcmullen,52,46,0,6
Beaver,CENTER TWP 6,ALTERNATE DELEGATE TO THE REPUBLICAN NATIONAL CONVENTION,17,REP,Bob Hamilton,42,33,0,9
Beaver,CENTER TWP 6,ALTERNATE DELEGATE TO THE REPUBLICAN NATIONAL CONVENTION,17,REP,M J Costello,39,27,0,12
Beaver,CENTER TWP 6,ALTERNATE DELEGATE TO THE REPUBLICAN NATIONAL CONVENTION,17,REP,Write-In Totals,1,1,0,0
Beaver,CENTER TWP 6,ALTERNATE DELEGATE TO THE REPUBLICAN NATIONAL CONVENTION,17,REP,Not Assigned,1,1,0,0
Beaver,CENTER TWP 7,President,,DEM,Joseph R Biden Jr,119,59,0,60
Beaver,CENTER TWP 7,President,,DEM,Dean Phillips,9,6,0,3
Beaver,CENTER TWP 7,President,,DEM,Write-In Totals,12,10,0,2
Beaver,CENTER TWP 7,President,,DEM,Not Assigned,12,10,0,2
Beaver,CENTER TWP 7,U.S. Senate,,DEM,Robert P Casey Jr,114,56,0,58
Beaver,CENTER TWP 7,U.S. Senate,,DEM,William Parker,12,4,0,8
Beaver,CENTER TWP 7,U.S. Senate,,DEM,Write-In Totals,8,8,0,0
Beaver,CENTER TWP 7,U.S. Senate,,DEM,Not Assigned,8,8,0,0
Beaver,CENTER TWP 7,U.S. House,17,DEM,Chris Deluzio,130,68,0,62
Beaver,CENTER TWP 7,U.S. House,17,DEM,Write-In Totals,2,1,0,1
Beaver,CENTER TWP 7,U.S. House,17,DEM,Not Assigned,2,1,0,1
Beaver,CENTER TWP 7,State Senate,47,DEM,Write-In: Elder Vogel Jr.,12,12,0,0
Beaver,CENTER TWP 7,State Senate,47,DEM,Write-In: Kate Lennen,5,1,0,4
Beaver,CENTER TWP 7,State Senate,47,DEM,Write-In: Scattered,4,4,0,0
Beaver,CENTER TWP 7,State Senate,47,DEM,Write-In Totals,21,17,0,4
Beaver,CENTER TWP 7,State Senate,47,DEM,Not Assigned,0,0,0,0
Beaver,CENTER TWP 7,State House,16,DEM,Robert F Matzie,122,64,0,58
Beaver,CENTER TWP 7,State House,16,DEM,Write-In Totals,5,3,0,2
Beaver,CENTER TWP 7,State House,16,DEM,Not Assigned,5,3,0,2
Beaver,CENTER TWP 7,DELEGATE TO THE DEMOCRATIC NATIONAL CONVENTION,17,DEM,Nancy Werme,112,58,0,54
Beaver,CENTER TWP 7,DELEGATE TO THE DEMOCRATIC NATIONAL CONVENTION,17,DEM,Dwan B Walker,100,47,0,53
Beaver,CENTER TWP 7,DELEGATE TO THE DEMOCRATIC NATIONAL CONVENTION,17,DEM,Kaylee Werner,97,45,0,52
Beaver,CENTER TWP 7,DELEGATE TO THE DEMOCRATIC NATIONAL CONVENTION,17,DEM,Lisa M Baldis,96,44,0,52
Beaver,CENTER TWP 7,DELEGATE TO THE DEMOCRATIC NATIONAL CONVENTION,17,DEM,Mary Jane Jones-Gilliam,94,43,0,51
Beaver,CENTER TWP 7,DELEGATE TO THE DEMOCRATIC NATIONAL CONVENTION,17,DEM,Arvind Venkat,91,40,0,51
Beaver,CENTER TWP 7,DELEGATE TO THE DEMOCRATIC NATIONAL CONVENTION,17,DEM,Kevin Kinross,89,40,0,49
Beaver,CENTER TWP 7,DELEGATE TO THE DEMOCRATIC NATIONAL CONVENTION,17,DEM,Write-In Totals,2,1,0,1
Beaver,CENTER TWP 7,DELEGATE TO THE DEMOCRATIC NATIONAL CONVENTION,17,DEM,Not Assigned,2,1,0,1
Beaver,CENTER TWP 7,President,,REP,Donald J Trump,87,74,0,13
Beaver,CENTER TWP 7,President,,REP,Nikki R Haley,7,4,0,3
Beaver,CENTER TWP 7,President,,REP,Write-In Totals,0,0,0,0
Beaver,CENTER TWP 7,President,,REP,Not Assigned,0,0,0,0
Beaver,CENTER TWP 7,U.S. Senate,,REP,Dave Mccormick,79,65,0,14
Beaver,CENTER TWP 7,U.S. Senate,,REP,Joseph J Vodvarka,4,3,0,1
Beaver,CENTER TWP 7,U.S. Senate,,REP,Write-In Totals,3,3,0,0
Beaver,CENTER TWP 7,U.S. Senate,,REP,Not Assigned,3,3,0,0
Beaver,CENTER TWP 7,U.S. House,17,REP,Rob Mercuri,76,64,0,12
Beaver,CENTER TWP 7,U.S. House,17,REP,Write-In Totals,0,0,0,0
Beaver,CENTER TWP 7,U.S. House,17,REP,Not Assigned,0,0,0,0
Beaver,CENTER TWP 7,State Senate,47,REP,Elder Vogel Jr,81,68,0,13
Beaver,CENTER TWP 7,State Senate,47,REP,Write-In Totals,0,0,0,0
Beaver,CENTER TWP 7,State Senate,47,REP,Not Assigned,0,0,0,0
Beaver,CENTER TWP 7,State House,16,REP,Michael J Perich,77,65,0,12
Beaver,CENTER TWP 7,State House,16,REP,Write-In Totals,0,0,0,0
Beaver,CENTER TWP 7,State House,16,REP,Not Assigned,0,0,0,0
Beaver,CENTER TWP 7,DELEGATE TO THE REPUBLICAN NATIONAL CONVENTION,17,REP,Abby Kail,44,38,0,6
Beaver,CENTER TWP 7,DELEGATE TO THE REPUBLICAN NATIONAL CONVENTION,17,REP,Mike Mcmullen,40,34,0,6
Beaver,CENTER TWP 7,DELEGATE TO THE REPUBLICAN NATIONAL CONVENTION,17,REP,John Fredericks,28,22,0,6
Beaver,CENTER TWP 7,DELEGATE TO THE REPUBLICAN NATIONAL CONVENTION,17,REP,Jack Casey,27,26,0,1
Beaver,CENTER TWP 7,DELEGATE TO THE REPUBLICAN NATIONAL CONVENTION,17,REP,Bob Howard,19,14,0,5
Beaver,CENTER TWP 7,DELEGATE TO THE REPUBLICAN NATIONAL CONVENTION,17,REP,Veronica S Steinkirchner,18,17,0,1
Beaver,CENTER TWP 7,DELEGATE TO THE REPUBLICAN NATIONAL CONVENTION,17,REP,Toni Shuppe,17,11,0,6
Beaver,CENTER TWP 7,DELEGATE TO THE REPUBLICAN NATIONAL CONVENTION,17,REP,Vincent E Fusca,9,7,0,2
Beaver,CENTER TWP 7,DELEGATE TO THE REPUBLICAN NATIONAL CONVENTION,17,REP,Write-In Totals,0,0,0,0
Beaver,CENTER TWP 7,DELEGATE TO THE REPUBLICAN NATIONAL CONVENTION,17,REP,Not Assigned,0,0,0,0
Beaver,CENTER TWP 7,ALTERNATE DELEGATE TO THE REPUBLICAN NATIONAL CONVENTION,17,REP,Mike Mcmullen,51,44,0,7
Beaver,CENTER TWP 7,ALTERNATE DELEGATE TO THE REPUBLICAN NATIONAL CONVENTION,17,REP,Bob Hamilton,43,33,0,10
Beaver,CENTER TWP 7,ALTERNATE DELEGATE TO THE REPUBLICAN NATIONAL CONVENTION,17,REP,M J Costello,35,27,0,8
Beaver,CENTER TWP 7,ALTERNATE DELEGATE TO THE REPUBLICAN NATIONAL CONVENTION,17,REP,Christine Mattarochia,33,29,0,4
Beaver,CENTER TWP 7,ALTERNATE DELEGATE TO THE REPUBLICAN NATIONAL CONVENTION,17,REP,Write-In Totals,0,0,0,0
Beaver,CENTER TWP 7,ALTERNATE DELEGATE TO THE REPUBLICAN NATIONAL CONVENTION,17,REP,Not Assigned,0,0,0,0
Beaver,CENTER TWP 8,President,,DEM,Joseph R Biden Jr,101,51,0,50
Beaver,CENTER TWP 8,President,,DEM,Dean Phillips,17,11,0,6
Beaver,CENTER TWP 8,President,,DEM,Write-In Totals,8,7,0,1
Beaver,CENTER TWP 8,President,,DEM,Not Assigned,8,7,0,1
Beaver,CENTER TWP 8,U.S. Senate,,DEM,Robert P Casey Jr,93,50,0,43
Beaver,CENTER TWP 8,U.S. Senate,,DEM,William Parker,29,17,0,12
Beaver,CENTER TWP 8,U.S. Senate,,DEM,Write-In Totals,4,3,0,1
Beaver,CENTER TWP 8,U.S. Senate,,DEM,Not Assigned,4,3,0,1
Beaver,CENTER TWP 8,U.S. House,17,DEM,Chris Deluzio,123,65,0,58
Beaver,CENTER TWP 8,U.S. House,17,DEM,Write-In Totals,1,1,0,0
Beaver,CENTER TWP 8,U.S. House,17,DEM,Not Assigned,1,1,0,0
Beaver,CENTER TWP 8,State Senate,47,DEM,Write-In: Elder Vogel Jr.,13,10,0,3
Beaver,CENTER TWP 8,State Senate,47,DEM,Write-In: Kate Lennen,8,3,0,5
Beaver,CENTER TWP 8,State Senate,47,DEM,Write-In: Scattered,6,4,0,2
Beaver,CENTER TWP 8,State Senate,47,DEM,Write-In Totals,27,17,0,10
Beaver,CENTER TWP 8,State Senate,47,DEM,Not Assigned,0,0,0,0
Beaver,CENTER TWP 8,State House,16,DEM,Robert F Matzie,115,62,0,53
Beaver,CENTER TWP 8,State House,16,DEM,Write-In Totals,2,2,0,0
Beaver,CENTER TWP 8,State House,16,DEM,Not Assigned,2,2,0,0
Beaver,CENTER TWP 8,DELEGATE TO THE DEMOCRATIC NATIONAL CONVENTION,17,DEM,Nancy Werme,92,50,0,42
Beaver,CENTER TWP 8,DELEGATE TO THE DEMOCRATIC NATIONAL CONVENTION,17,DEM,Kaylee Werner,87,44,0,43
Beaver,CENTER TWP 8,DELEGATE TO THE DEMOCRATIC NATIONAL CONVENTION,17,DEM,Dwan B Walker,85,45,0,40
Beaver,CENTER TWP 8,DELEGATE TO THE DEMOCRATIC NATIONAL CONVENTION,17,DEM,Arvind Venkat,79,39,0,40
Beaver,CENTER TWP 8,DELEGATE TO THE DEMOCRATIC NATIONAL CONVENTION,17,DEM,Lisa M Baldis,78,39,0,39
Beaver,CENTER TWP 8,DELEGATE TO THE DEMOCRATIC NATIONAL CONVENTION,17,DEM,Mary Jane Jones-Gilliam,77,40,0,37
Beaver,CENTER TWP 8,DELEGATE TO THE DEMOCRATIC NATIONAL CONVENTION,17,DEM,Kevin Kinross,77,41,0,36
Beaver,CENTER TWP 8,DELEGATE TO THE DEMOCRATIC NATIONAL CONVENTION,17,DEM,Write-In Totals,2,2,0,0
Beaver,CENTER TWP 8,DELEGATE TO THE DEMOCRATIC NATIONAL CONVENTION,17,DEM,Not Assigned,2,2,0,0
Beaver,CENTER TWP 8,President,,REP,Donald J Trump,78,70,0,8
Beaver,CENTER TWP 8,President,,REP,Nikki R Haley,19,13,0,6
Beaver,CENTER TWP 8,President,,REP,Write-In Totals,4,3,0,1
Beaver,CENTER TWP 8,President,,REP,Not Assigned,4,3,0,1
Beaver,CENTER TWP 8,U.S. Senate,,REP,Dave Mccormick,89,76,0,13
Beaver,CENTER TWP 8,U.S. Senate,,REP,Joseph J Vodvarka,6,5,0,1
Beaver,CENTER TWP 8,U.S. Senate,,REP,Write-In Totals,3,3,0,0
Beaver,CENTER TWP 8,U.S. Senate,,REP,Not Assigned,3,3,0,0
Beaver,CENTER TWP 8,U.S. House,17,REP,Rob Mercuri,77,66,0,11
Beaver,CENTER TWP 8,U.S. House,17,REP,Write-In Totals,3,3,0,0
Beaver,CENTER TWP 8,U.S. House,17,REP,Not Assigned,3,3,0,0
Beaver,CENTER TWP 8,State Senate,47,REP,Elder Vogel Jr,92,79,0,13
Beaver,CENTER TWP 8,State Senate,47,REP,Write-In Totals,0,0,0,0
Beaver,CENTER TWP 8,State Senate,47,REP,Not Assigned,0,0,0,0
Beaver,CENTER TWP 8,State House,16,REP,Michael J Perich,91,78,0,13
Beaver,CENTER TWP 8,State House,16,REP,Write-In Totals,1,1,0,0
Beaver,CENTER TWP 8,State House,16,REP,Not Assigned,1,1,0,0
Beaver,CENTER TWP 8,DELEGATE TO THE REPUBLICAN NATIONAL CONVENTION,17,REP,Mike Mcmullen,43,39,0,4
Beaver,CENTER TWP 8,DELEGATE TO THE REPUBLICAN NATIONAL CONVENTION,17,REP,Abby Kail,43,36,0,7
Beaver,CENTER TWP 8,DELEGATE TO THE REPUBLICAN NATIONAL CONVENTION,17,REP,John Fredericks,34,32,0,2
Beaver,CENTER TWP 8,DELEGATE TO THE REPUBLICAN NATIONAL CONVENTION,17,REP,Veronica S Steinkirchner,25,19,0,6
Beaver,CENTER TWP 8,DELEGATE TO THE REPUBLICAN NATIONAL CONVENTION,17,REP,Jack Casey,21,18,0,3
Beaver,CENTER TWP 8,DELEGATE TO THE REPUBLICAN NATIONAL CONVENTION,17,REP,Toni Shuppe,21,17,0,4
Beaver,CENTER TWP 8,DELEGATE TO THE REPUBLICAN NATIONAL CONVENTION,17,REP,Bob Howard,19,17,0,2
Beaver,CENTER TWP 8,DELEGATE TO THE REPUBLICAN NATIONAL CONVENTION,17,REP,Vincent E Fusca,18,15,0,3
Beaver,CENTER TWP 8,DELEGATE TO THE REPUBLICAN NATIONAL CONVENTION,17,REP,Write-In Totals,1,1,0,0
Beaver,CENTER TWP 8,DELEGATE TO THE REPUBLICAN NATIONAL CONVENTION,17,REP,Not Assigned,1,1,0,0
Beaver,CENTER TWP 8,ALTERNATE DELEGATE TO THE REPUBLICAN NATIONAL CONVENTION,17,REP,Mike Mcmullen,53,46,0,7
Beaver,CENTER TWP 8,ALTERNATE DELEGATE TO THE REPUBLICAN NATIONAL CONVENTION,17,REP,Christine Mattarochia,49,40,0,9
Beaver,CENTER TWP 8,ALTERNATE DELEGATE TO THE REPUBLICAN NATIONAL CONVENTION,17,REP,Bob Hamilton,36,30,0,6
Beaver,CENTER TWP 8,ALTERNATE DELEGATE TO THE REPUBLICAN NATIONAL CONVENTION,17,REP,M J Costello,35,29,0,6
Beaver,CENTER TWP 8,ALTERNATE DELEGATE TO THE REPUBLICAN NATIONAL CONVENTION,17,REP,Write-In Totals,2,2,0,0
Beaver,CENTER TWP 8,ALTERNATE DELEGATE TO THE REPUBLICAN NATIONAL CONVENTION,17,REP,Not Assigned,2,2,0,0
Beaver,CHIPPEWA TWP 1,President,,DEM,Joseph R Biden Jr,166,62,1,103
Beaver,CHIPPEWA TWP 1,President,,DEM,Dean Phillips,19,11,0,8
Beaver,CHIPPEWA TWP 1,President,,DEM,Write-In Totals,8,6,0,2
Beaver,CHIPPEWA TWP 1,President,,DEM,Not Assigned,8,6,0,2
Beaver,CHIPPEWA TWP 1,U.S. Senate,,DEM,Robert P Casey Jr,157,60,1,96
Beaver,CHIPPEWA TWP 1,U.S. Senate,,DEM,William Parker,40,23,0,17
Beaver,CHIPPEWA TWP 1,U.S. Senate,,DEM,Write-In Totals,3,3,0,0
Beaver,CHIPPEWA TWP 1,U.S. Senate,,DEM,Not Assigned,3,3,0,0
Beaver,CHIPPEWA TWP 1,U.S. House,17,DEM,Chris Deluzio,186,79,1,106
Beaver,CHIPPEWA TWP 1,U.S. House,17,DEM,Write-In Totals,5,3,0,2
Beaver,CHIPPEWA TWP 1,U.S. House,17,DEM,Not Assigned,5,3,0,2
Beaver,CHIPPEWA TWP 1,State Senate,47,DEM,Write-In: Kate Lennen,21,11,0,10
Beaver,CHIPPEWA TWP 1,State Senate,47,DEM,Write-In: Elder Vogel Jr.,14,10,0,4
Beaver,CHIPPEWA TWP 1,State Senate,47,DEM,Write-In: Scattered,8,1,1,6
Beaver,CHIPPEWA TWP 1,State Senate,47,DEM,Write-In Totals,43,22,1,20
Beaver,CHIPPEWA TWP 1,State Senate,47,DEM,Not Assigned,0,0,0,0
Beaver,CHIPPEWA TWP 1,State House,14,DEM,Kenya Johns,177,74,0,103
Beaver,CHIPPEWA TWP 1,State House,14,DEM,Write-In Totals,3,3,0,0
Beaver,CHIPPEWA TWP 1,State House,14,DEM,Not Assigned,3,3,0,0
Beaver,CHIPPEWA TWP 1,DELEGATE TO THE DEMOCRATIC NATIONAL CONVENTION,17,DEM,Nancy Werme,152,60,1,91
Beaver,CHIPPEWA TWP 1,DELEGATE TO THE DEMOCRATIC NATIONAL CONVENTION,17,DEM,Kaylee Werner,150,57,1,92
Beaver,CHIPPEWA TWP 1,DELEGATE TO THE DEMOCRATIC NATIONAL CONVENTION,17,DEM,Mary Jane Jones-Gilliam,142,52,1,89
Beaver,CHIPPEWA TWP 1,DELEGATE TO THE DEMOCRATIC NATIONAL CONVENTION,17,DEM,Lisa M Baldis,141,53,1,87
Beaver,CHIPPEWA TWP 1,DELEGATE TO THE DEMOCRATIC NATIONAL CONVENTION,17,DEM,Dwan B Walker,137,52,1,84
Beaver,CHIPPEWA TWP 1,DELEGATE TO THE DEMOCRATIC NATIONAL CONVENTION,17,DEM,Arvind Venkat,134,47,1,86
Beaver,CHIPPEWA TWP 1,DELEGATE TO THE DEMOCRATIC NATIONAL CONVENTION,17,DEM,Kevin Kinross,132,47,1,84
Beaver,CHIPPEWA TWP 1,DELEGATE TO THE DEMOCRATIC NATIONAL CONVENTION,17,DEM,Write-In Totals,16,15,0,1
Beaver,CHIPPEWA TWP 1,DELEGATE TO THE DEMOCRATIC NATIONAL CONVENTION,17,DEM,Not Assigned,16,15,0,1
Beaver,CHIPPEWA TWP 1,President,,REP,Donald J Trump,234,200,0,34
Beaver,CHIPPEWA TWP 1,President,,REP,Nikki R Haley,60,39,0,21
Beaver,CHIPPEWA TWP 1,President,,REP,Write-In Totals,7,6,0,1
Beaver,CHIPPEWA TWP 1,President,,REP,Not Assigned,7,6,0,1
Beaver,CHIPPEWA TWP 1,U.S. Senate,,REP,Dave Mccormick,265,217,0,48
Beaver,CHIPPEWA TWP 1,U.S. Senate,,REP,Joseph J Vodvarka,29,23,0,6
Beaver,CHIPPEWA TWP 1,U.S. Senate,,REP,Write-In Totals,3,2,0,1
Beaver,CHIPPEWA TWP 1,U.S. Senate,,REP,Not Assigned,3,2,0,1
Beaver,CHIPPEWA TWP 1,U.S. House,17,REP,Rob Mercuri,276,226,0,50
Beaver,CHIPPEWA TWP 1,U.S. House,17,REP,Write-In Totals,2,2,0,0
Beaver,CHIPPEWA TWP 1,U.S. House,17,REP,Not Assigned,2,2,0,0
Beaver,CHIPPEWA TWP 1,State Senate,47,REP,Elder Vogel Jr,293,237,0,56
Beaver,CHIPPEWA TWP 1,State Senate,47,REP,Write-In Totals,1,1,0,0
Beaver,CHIPPEWA TWP 1,State Senate,47,REP,Not Assigned,1,1,0,0
Beaver,CHIPPEWA TWP 1,State House,14,REP,Roman Kozak,291,238,0,53
Beaver,CHIPPEWA TWP 1,State House,14,REP,Write-In Totals,0,0,0,0
Beaver,CHIPPEWA TWP 1,State House,14,REP,Not Assigned,0,0,0,0
Beaver,CHIPPEWA TWP 1,DELEGATE TO THE REPUBLICAN NATIONAL CONVENTION,17,REP,Mike Mcmullen,131,112,0,19
Beaver,CHIPPEWA TWP 1,DELEGATE TO THE REPUBLICAN NATIONAL CONVENTION,17,REP,Abby Kail,108,87,0,21
Beaver,CHIPPEWA TWP 1,DELEGATE TO THE REPUBLICAN NATIONAL CONVENTION,17,REP,John Fredericks,98,81,0,17
Beaver,CHIPPEWA TWP 1,DELEGATE TO THE REPUBLICAN NATIONAL CONVENTION,17,REP,Jack Casey,89,69,0,20
Beaver,CHIPPEWA TWP 1,DELEGATE TO THE REPUBLICAN NATIONAL CONVENTION,17,REP,Toni Shuppe,88,72,0,16
Beaver,CHIPPEWA TWP 1,DELEGATE TO THE REPUBLICAN NATIONAL CONVENTION,17,REP,Bob Howard,72,53,0,19
Beaver,CHIPPEWA TWP 1,DELEGATE TO THE REPUBLICAN NATIONAL CONVENTION,17,REP,Veronica S Steinkirchner,48,32,0,16
Beaver,CHIPPEWA TWP 1,DELEGATE TO THE REPUBLICAN NATIONAL CONVENTION,17,REP,Vincent E Fusca,41,31,0,10
Beaver,CHIPPEWA TWP 1,DELEGATE TO THE REPUBLICAN NATIONAL CONVENTION,17,REP,Write-In Totals,0,0,0,0
Beaver,CHIPPEWA TWP 1,DELEGATE TO THE REPUBLICAN NATIONAL CONVENTION,17,REP,Not Assigned,0,0,0,0
Beaver,CHIPPEWA TWP 1,ALTERNATE DELEGATE TO THE REPUBLICAN NATIONAL CONVENTION,17,REP,Mike Mcmullen,150,123,0,27
Beaver,CHIPPEWA TWP 1,ALTERNATE DELEGATE TO THE REPUBLICAN NATIONAL CONVENTION,17,REP,Christine Mattarochia,150,114,0,36
Beaver,CHIPPEWA TWP 1,ALTERNATE DELEGATE TO THE REPUBLICAN NATIONAL CONVENTION,17,REP,Bob Hamilton,143,111,0,32
Beaver,CHIPPEWA TWP 1,ALTERNATE DELEGATE TO THE REPUBLICAN NATIONAL CONVENTION,17,REP,M J Costello,110,86,0,24
Beaver,CHIPPEWA TWP 1,ALTERNATE DELEGATE TO THE REPUBLICAN NATIONAL CONVENTION,17,REP,Write-In Totals,2,0,0,2
Beaver,CHIPPEWA TWP 1,ALTERNATE DELEGATE TO THE REPUBLICAN NATIONAL CONVENTION,17,REP,Not Assigned,2,0,0,2
Beaver,CHIPPEWA TWP 2,President,,DEM,Joseph R Biden Jr,115,42,2,71
Beaver,CHIPPEWA TWP 2,President,,DEM,Dean Phillips,21,19,0,2
Beaver,CHIPPEWA TWP 2,President,,DEM,Write-In Totals,5,3,0,2
Beaver,CHIPPEWA TWP 2,President,,DEM,Not Assigned,5,3,0,2
Beaver,CHIPPEWA TWP 2,U.S. Senate,,DEM,Robert P Casey Jr,117,45,1,71
Beaver,CHIPPEWA TWP 2,U.S. Senate,,DEM,William Parker,30,20,1,9
Beaver,CHIPPEWA TWP 2,U.S. Senate,,DEM,Write-In Totals,2,1,0,1
Beaver,CHIPPEWA TWP 2,U.S. Senate,,DEM,Not Assigned,2,1,0,1
Beaver,CHIPPEWA TWP 2,U.S. House,17,DEM,Chris Deluzio,146,67,2,77
Beaver,CHIPPEWA TWP 2,U.S. House,17,DEM,Write-In Totals,1,0,0,1
Beaver,CHIPPEWA TWP 2,U.S. House,17,DEM,Not Assigned,1,0,0,1
Beaver,CHIPPEWA TWP 2,State Senate,47,DEM,Write-In: Kate Lennen,21,13,0,8
Beaver,CHIPPEWA TWP 2,State Senate,47,DEM,Write-In: Elder Vogel Jr.,12,3,0,9
Beaver,CHIPPEWA TWP 2,State Senate,47,DEM,Write-In: Scattered,3,2,0,1
Beaver,CHIPPEWA TWP 2,State Senate,47,DEM,Write-In Totals,36,18,0,18
Beaver,CHIPPEWA TWP 2,State Senate,47,DEM,Not Assigned,0,0,0,0
Beaver,CHIPPEWA TWP 2,State House,14,DEM,Kenya Johns,136,60,2,74
Beaver,CHIPPEWA TWP 2,State House,14,DEM,Write-In Totals,2,1,0,1
Beaver,CHIPPEWA TWP 2,State House,14,DEM,Not Assigned,2,1,0,1
Beaver,CHIPPEWA TWP 2,DELEGATE TO THE DEMOCRATIC NATIONAL CONVENTION,17,DEM,Nancy Werme,120,47,1,72
Beaver,CHIPPEWA TWP 2,DELEGATE TO THE DEMOCRATIC NATIONAL CONVENTION,17,DEM,Kaylee Werner,113,44,1,68
Beaver,CHIPPEWA TWP 2,DELEGATE TO THE DEMOCRATIC NATIONAL CONVENTION,17,DEM,Mary Jane Jones-Gilliam,109,45,0,64
Beaver,CHIPPEWA TWP 2,DELEGATE TO THE DEMOCRATIC NATIONAL CONVENTION,17,DEM,Kevin Kinross,107,44,0,63
Beaver,CHIPPEWA TWP 2,DELEGATE TO THE DEMOCRATIC NATIONAL CONVENTION,17,DEM,Lisa M Baldis,104,40,0,64
Beaver,CHIPPEWA TWP 2,DELEGATE TO THE DEMOCRATIC NATIONAL CONVENTION,17,DEM,Arvind Venkat,102,40,0,62
Beaver,CHIPPEWA TWP 2,DELEGATE TO THE DEMOCRATIC NATIONAL CONVENTION,17,DEM,Dwan B Walker,101,40,0,61
Beaver,CHIPPEWA TWP 2,DELEGATE TO THE DEMOCRATIC NATIONAL CONVENTION,17,DEM,Write-In Totals,1,0,0,1
Beaver,CHIPPEWA TWP 2,DELEGATE TO THE DEMOCRATIC NATIONAL CONVENTION,17,DEM,Not Assigned,1,0,0,1
Beaver,CHIPPEWA TWP 2,President,,REP,Donald J Trump,129,113,1,15
Beaver,CHIPPEWA TWP 2,President,,REP,Nikki R Haley,27,17,0,10
Beaver,CHIPPEWA TWP 2,President,,REP,Write-In Totals,9,5,0,4
Beaver,CHIPPEWA TWP 2,President,,REP,Not Assigned,9,5,0,4
Beaver,CHIPPEWA TWP 2,U.S. Senate,,REP,Dave Mccormick,135,113,1,21
Beaver,CHIPPEWA TWP 2,U.S. Senate,,REP,Joseph J Vodvarka,19,16,0,3
Beaver,CHIPPEWA TWP 2,U.S. Senate,,REP,Write-In Totals,1,0,0,1
Beaver,CHIPPEWA TWP 2,U.S. Senate,,REP,Not Assigned,1,0,0,1
Beaver,CHIPPEWA TWP 2,U.S. House,17,REP,Rob Mercuri,148,125,0,23
Beaver,CHIPPEWA TWP 2,U.S. House,17,REP,Write-In Totals,2,1,0,1
Beaver,CHIPPEWA TWP 2,U.S. House,17,REP,Not Assigned,2,1,0,1
Beaver,CHIPPEWA TWP 2,State Senate,47,REP,Elder Vogel Jr,164,136,0,28
Beaver,CHIPPEWA TWP 2,State Senate,47,REP,Write-In Totals,0,0,0,0
Beaver,CHIPPEWA TWP 2,State Senate,47,REP,Not Assigned,0,0,0,0
Beaver,CHIPPEWA TWP 2,State House,14,REP,Roman Kozak,156,131,0,25
Beaver,CHIPPEWA TWP 2,State House,14,REP,Write-In Totals,0,0,0,0
Beaver,CHIPPEWA TWP 2,State House,14,REP,Not Assigned,0,0,0,0
Beaver,CHIPPEWA TWP 2,DELEGATE TO THE REPUBLICAN NATIONAL CONVENTION,17,REP,Mike Mcmullen,70,61,1,8
Beaver,CHIPPEWA TWP 2,DELEGATE TO THE REPUBLICAN NATIONAL CONVENTION,17,REP,John Fredericks,67,55,0,12
Beaver,CHIPPEWA TWP 2,DELEGATE TO THE REPUBLICAN NATIONAL CONVENTION,17,REP,Abby Kail,63,52,0,11
Beaver,CHIPPEWA TWP 2,DELEGATE TO THE REPUBLICAN NATIONAL CONVENTION,17,REP,Jack Casey,50,45,1,4
Beaver,CHIPPEWA TWP 2,DELEGATE TO THE REPUBLICAN NATIONAL CONVENTION,17,REP,Veronica S Steinkirchner,36,27,0,9
Beaver,CHIPPEWA TWP 2,DELEGATE TO THE REPUBLICAN NATIONAL CONVENTION,17,REP,Bob Howard,34,29,0,5
Beaver,CHIPPEWA TWP 2,DELEGATE TO THE REPUBLICAN NATIONAL CONVENTION,17,REP,Toni Shuppe,32,29,0,3
Beaver,CHIPPEWA TWP 2,DELEGATE TO THE REPUBLICAN NATIONAL CONVENTION,17,REP,Vincent E Fusca,16,15,0,1
Beaver,CHIPPEWA TWP 2,DELEGATE TO THE REPUBLICAN NATIONAL CONVENTION,17,REP,Write-In Totals,1,0,0,1
Beaver,CHIPPEWA TWP 2,DELEGATE TO THE REPUBLICAN NATIONAL CONVENTION,17,REP,Not Assigned,1,0,0,1
Beaver,CHIPPEWA TWP 2,ALTERNATE DELEGATE TO THE REPUBLICAN NATIONAL CONVENTION,17,REP,Mike Mcmullen,87,72,0,15
Beaver,CHIPPEWA TWP 2,ALTERNATE DELEGATE TO THE REPUBLICAN NATIONAL CONVENTION,17,REP,Christine Mattarochia,75,64,0,11
Beaver,CHIPPEWA TWP 2,ALTERNATE DELEGATE TO THE REPUBLICAN NATIONAL CONVENTION,17,REP,Bob Hamilton,75,65,1,9
Beaver,CHIPPEWA TWP 2,ALTERNATE DELEGATE TO THE REPUBLICAN NATIONAL CONVENTION,17,REP,M J Costello,60,53,0,7
Beaver,CHIPPEWA TWP 2,ALTERNATE DELEGATE TO THE REPUBLICAN NATIONAL CONVENTION,17,REP,Write-In Totals,2,1,0,1
Beaver,CHIPPEWA TWP 2,ALTERNATE DELEGATE TO THE REPUBLICAN NATIONAL CONVENTION,17,REP,Not Assigned,2,1,0,1
Beaver,CHIPPEWA TWP 3,President,,DEM,Joseph R Biden Jr,162,77,0,85
Beaver,CHIPPEWA TWP 3,President,,DEM,Dean Phillips,26,22,0,4
Beaver,CHIPPEWA TWP 3,President,,DEM,Write-In Totals,10,8,0,2
Beaver,CHIPPEWA TWP 3,President,,DEM,Not Assigned,10,8,0,2
Beaver,CHIPPEWA TWP 3,U.S. Senate,,DEM,Robert P Casey Jr,178,96,0,82
Beaver,CHIPPEWA TWP 3,U.S. Senate,,DEM,William Parker,20,9,0,11
Beaver,CHIPPEWA TWP 3,U.S. Senate,,DEM,Write-In Totals,1,1,0,0
Beaver,CHIPPEWA TWP 3,U.S. Senate,,DEM,Not Assigned,1,1,0,0
Beaver,CHIPPEWA TWP 3,U.S. House,17,DEM,Chris Deluzio,195,103,0,92
Beaver,CHIPPEWA TWP 3,U.S. House,17,DEM,Write-In Totals,4,4,0,0
Beaver,CHIPPEWA TWP 3,U.S. House,17,DEM,Not Assigned,4,4,0,0
Beaver,CHIPPEWA TWP 3,State Senate,47,DEM,Write-In: Kate Lennen,23,11,0,12
Beaver,CHIPPEWA TWP 3,State Senate,47,DEM,Write-In: Scattered,16,12,0,4
Beaver,CHIPPEWA TWP 3,State Senate,47,DEM,Write-In: Elder Vogel Jr.,11,9,0,2
Beaver,CHIPPEWA TWP 3,State Senate,47,DEM,Write-In Totals,50,32,0,18
Beaver,CHIPPEWA TWP 3,State Senate,47,DEM,Not Assigned,0,0,0,0
Beaver,CHIPPEWA TWP 3,State House,14,DEM,Kenya Johns,194,103,0,91
Beaver,CHIPPEWA TWP 3,State House,14,DEM,Write-In Totals,4,3,0,1
Beaver,CHIPPEWA TWP 3,State House,14,DEM,Not Assigned,4,3,0,1
Beaver,CHIPPEWA TWP 3,DELEGATE TO THE DEMOCRATIC NATIONAL CONVENTION,17,DEM,Nancy Werme,171,85,0,86
Beaver,CHIPPEWA TWP 3,DELEGATE TO THE DEMOCRATIC NATIONAL CONVENTION,17,DEM,Kaylee Werner,162,81,0,81
Beaver,CHIPPEWA TWP 3,DELEGATE TO THE DEMOCRATIC NATIONAL CONVENTION,17,DEM,Lisa M Baldis,154,77,0,77
Beaver,CHIPPEWA TWP 3,DELEGATE TO THE DEMOCRATIC NATIONAL CONVENTION,17,DEM,Mary Jane Jones-Gilliam,151,76,0,75
Beaver,CHIPPEWA TWP 3,DELEGATE TO THE DEMOCRATIC NATIONAL CONVENTION,17,DEM,Dwan B Walker,150,74,0,76
Beaver,CHIPPEWA TWP 3,DELEGATE TO THE DEMOCRATIC NATIONAL CONVENTION,17,DEM,Kevin Kinross,146,73,0,73
Beaver,CHIPPEWA TWP 3,DELEGATE TO THE DEMOCRATIC NATIONAL CONVENTION,17,DEM,Arvind Venkat,144,68,0,76
Beaver,CHIPPEWA TWP 3,DELEGATE TO THE DEMOCRATIC NATIONAL CONVENTION,17,DEM,Write-In Totals,5,5,0,0
Beaver,CHIPPEWA TWP 3,DELEGATE TO THE DEMOCRATIC NATIONAL CONVENTION,17,DEM,Not Assigned,5,5,0,0
Beaver,CHIPPEWA TWP 3,President,,REP,Donald J Trump,201,173,0,28
Beaver,CHIPPEWA TWP 3,President,,REP,Nikki R Haley,45,36,0,9
Beaver,CHIPPEWA TWP 3,President,,REP,Write-In Totals,9,7,0,2
Beaver,CHIPPEWA TWP 3,President,,REP,Not Assigned,9,7,0,2
Beaver,CHIPPEWA TWP 3,U.S. Senate,,REP,Dave Mccormick,232,200,0,32
Beaver,CHIPPEWA TWP 3,U.S. Senate,,REP,Joseph J Vodvarka,12,7,0,5
Beaver,CHIPPEWA TWP 3,U.S. Senate,,REP,Write-In Totals,9,5,0,4
Beaver,CHIPPEWA TWP 3,U.S. Senate,,REP,Not Assigned,9,5,0,4
Beaver,CHIPPEWA TWP 3,U.S. House,17,REP,Rob Mercuri,225,190,0,35
Beaver,CHIPPEWA TWP 3,U.S. House,17,REP,Write-In Totals,1,1,0,0
Beaver,CHIPPEWA TWP 3,U.S. House,17,REP,Not Assigned,1,1,0,0
Beaver,CHIPPEWA TWP 3,State Senate,47,REP,Elder Vogel Jr,251,213,0,38
Beaver,CHIPPEWA TWP 3,State Senate,47,REP,Write-In Totals,0,0,0,0
Beaver,CHIPPEWA TWP 3,State Senate,47,REP,Not Assigned,0,0,0,0
Beaver,CHIPPEWA TWP 3,State House,14,REP,Roman Kozak,247,211,0,36
Beaver,CHIPPEWA TWP 3,State House,14,REP,Write-In Totals,0,0,0,0
Beaver,CHIPPEWA TWP 3,State House,14,REP,Not Assigned,0,0,0,0
Beaver,CHIPPEWA TWP 3,DELEGATE TO THE REPUBLICAN NATIONAL CONVENTION,17,REP,Abby Kail,112,97,0,15
Beaver,CHIPPEWA TWP 3,DELEGATE TO THE REPUBLICAN NATIONAL CONVENTION,17,REP,Mike Mcmullen,103,87,0,16
Beaver,CHIPPEWA TWP 3,DELEGATE TO THE REPUBLICAN NATIONAL CONVENTION,17,REP,John Fredericks,103,83,0,20
Beaver,CHIPPEWA TWP 3,DELEGATE TO THE REPUBLICAN NATIONAL CONVENTION,17,REP,Toni Shuppe,68,54,0,14
Beaver,CHIPPEWA TWP 3,DELEGATE TO THE REPUBLICAN NATIONAL CONVENTION,17,REP,Jack Casey,66,55,0,11
Beaver,CHIPPEWA TWP 3,DELEGATE TO THE REPUBLICAN NATIONAL CONVENTION,17,REP,Bob Howard,66,56,0,10
Beaver,CHIPPEWA TWP 3,DELEGATE TO THE REPUBLICAN NATIONAL CONVENTION,17,REP,Veronica S Steinkirchner,58,49,0,9
Beaver,CHIPPEWA TWP 3,DELEGATE TO THE REPUBLICAN NATIONAL CONVENTION,17,REP,Vincent E Fusca,31,26,0,5
Beaver,CHIPPEWA TWP 3,DELEGATE TO THE REPUBLICAN NATIONAL CONVENTION,17,REP,Write-In Totals,2,2,0,0
Beaver,CHIPPEWA TWP 3,DELEGATE TO THE REPUBLICAN NATIONAL CONVENTION,17,REP,Not Assigned,2,2,0,0
Beaver,CHIPPEWA TWP 3,ALTERNATE DELEGATE TO THE REPUBLICAN NATIONAL CONVENTION,17,REP,Bob Hamilton,143,122,0,21
Beaver,CHIPPEWA TWP 3,ALTERNATE DELEGATE TO THE REPUBLICAN NATIONAL CONVENTION,17,REP,Mike Mcmullen,132,109,0,23
Beaver,CHIPPEWA TWP 3,ALTERNATE DELEGATE TO THE REPUBLICAN NATIONAL CONVENTION,17,REP,Christine Mattarochia,116,98,0,18
Beaver,CHIPPEWA TWP 3,ALTERNATE DELEGATE TO THE REPUBLICAN NATIONAL CONVENTION,17,REP,M J Costello,102,86,0,16
Beaver,CHIPPEWA TWP 3,ALTERNATE DELEGATE TO THE REPUBLICAN NATIONAL CONVENTION,17,REP,Write-In Totals,1,1,0,0
Beaver,CHIPPEWA TWP 3,ALTERNATE DELEGATE TO THE REPUBLICAN NATIONAL CONVENTION,17,REP,Not Assigned,1,1,0,0
Beaver,CHIPPEWA TWP 4,President,,DEM,Joseph R Biden Jr,83,41,0,42
Beaver,CHIPPEWA TWP 4,President,,DEM,Dean Phillips,9,8,0,1
Beaver,CHIPPEWA TWP 4,President,,DEM,Write-In Totals,4,4,0,0
Beaver,CHIPPEWA TWP 4,President,,DEM,Not Assigned,4,4,0,0
Beaver,CHIPPEWA TWP 4,U.S. Senate,,DEM,Robert P Casey Jr,77,42,0,35
Beaver,CHIPPEWA TWP 4,U.S. Senate,,DEM,William Parker,18,9,0,9
Beaver,CHIPPEWA TWP 4,U.S. Senate,,DEM,Write-In Totals,1,1,0,0
Beaver,CHIPPEWA TWP 4,U.S. Senate,,DEM,Not Assigned,1,1,0,0
Beaver,CHIPPEWA TWP 4,U.S. House,17,DEM,Chris Deluzio,93,50,0,43
Beaver,CHIPPEWA TWP 4,U.S. House,17,DEM,Write-In Totals,2,2,0,0
Beaver,CHIPPEWA TWP 4,U.S. House,17,DEM,Not Assigned,2,2,0,0
Beaver,CHIPPEWA TWP 4,State Senate,47,DEM,Write-In: Kate Lennen,14,6,0,8
Beaver,CHIPPEWA TWP 4,State Senate,47,DEM,Write-In: Scattered,8,4,0,4
Beaver,CHIPPEWA TWP 4,State Senate,47,DEM,Write-In: Elder Vogel Jr.,4,3,0,1
Beaver,CHIPPEWA TWP 4,State Senate,47,DEM,Write-In Totals,26,13,0,13
Beaver,CHIPPEWA TWP 4,State Senate,47,DEM,Not Assigned,0,0,0,0
Beaver,CHIPPEWA TWP 4,State House,14,DEM,Kenya Johns,95,51,0,44
Beaver,CHIPPEWA TWP 4,State House,14,DEM,Write-In Totals,1,1,0,0
Beaver,CHIPPEWA TWP 4,State House,14,DEM,Not Assigned,1,1,0,0
Beaver,CHIPPEWA TWP 4,DELEGATE TO THE DEMOCRATIC NATIONAL CONVENTION,17,DEM,Nancy Werme,82,44,0,38
Beaver,CHIPPEWA TWP 4,DELEGATE TO THE DEMOCRATIC NATIONAL CONVENTION,17,DEM,Kaylee Werner,77,40,0,37
Beaver,CHIPPEWA TWP 4,DELEGATE TO THE DEMOCRATIC NATIONAL CONVENTION,17,DEM,Lisa M Baldis,73,39,0,34
Beaver,CHIPPEWA TWP 4,DELEGATE TO THE DEMOCRATIC NATIONAL CONVENTION,17,DEM,Mary Jane Jones-Gilliam,72,36,0,36
Beaver,CHIPPEWA TWP 4,DELEGATE TO THE DEMOCRATIC NATIONAL CONVENTION,17,DEM,Dwan B Walker,71,37,0,34
Beaver,CHIPPEWA TWP 4,DELEGATE TO THE DEMOCRATIC NATIONAL CONVENTION,17,DEM,Kevin Kinross,70,37,0,33
Beaver,CHIPPEWA TWP 4,DELEGATE TO THE DEMOCRATIC NATIONAL CONVENTION,17,DEM,Arvind Venkat,68,35,0,33
Beaver,CHIPPEWA TWP 4,DELEGATE TO THE DEMOCRATIC NATIONAL CONVENTION,17,DEM,Write-In Totals,6,6,0,0
Beaver,CHIPPEWA TWP 4,DELEGATE TO THE DEMOCRATIC NATIONAL CONVENTION,17,DEM,Not Assigned,6,6,0,0
Beaver,CHIPPEWA TWP 4,President,,REP,Donald J Trump,125,116,0,9
Beaver,CHIPPEWA TWP 4,President,,REP,Nikki R Haley,11,9,0,2
Beaver,CHIPPEWA TWP 4,President,,REP,Write-In Totals,5,3,0,2
Beaver,CHIPPEWA TWP 4,President,,REP,Not Assigned,5,3,0,2
Beaver,CHIPPEWA TWP 4,U.S. Senate,,REP,Dave Mccormick,127,117,0,10
Beaver,CHIPPEWA TWP 4,U.S. Senate,,REP,Joseph J Vodvarka,9,7,0,2
Beaver,CHIPPEWA TWP 4,U.S. Senate,,REP,Write-In Totals,2,2,0,0
Beaver,CHIPPEWA TWP 4,U.S. Senate,,REP,Not Assigned,2,2,0,0
Beaver,CHIPPEWA TWP 4,U.S. House,17,REP,Rob Mercuri,129,117,0,12
Beaver,CHIPPEWA TWP 4,U.S. House,17,REP,Write-In Totals,1,1,0,0
Beaver,CHIPPEWA TWP 4,U.S. House,17,REP,Not Assigned,1,1,0,0
Beaver,CHIPPEWA TWP 4,State Senate,47,REP,Elder Vogel Jr,139,125,0,14
Beaver,CHIPPEWA TWP 4,State Senate,47,REP,Write-In Totals,1,0,0,1
Beaver,CHIPPEWA TWP 4,State Senate,47,REP,Not Assigned,1,0,0,1
Beaver,CHIPPEWA TWP 4,State House,14,REP,Roman Kozak,133,121,0,12
Beaver,CHIPPEWA TWP 4,State House,14,REP,Write-In Totals,2,2,0,0
Beaver,CHIPPEWA TWP 4,State House,14,REP,Not Assigned,2,2,0,0
Beaver,CHIPPEWA TWP 4,DELEGATE TO THE REPUBLICAN NATIONAL CONVENTION,17,REP,Mike Mcmullen,63,60,0,3
Beaver,CHIPPEWA TWP 4,DELEGATE TO THE REPUBLICAN NATIONAL CONVENTION,17,REP,Abby Kail,61,56,0,5
Beaver,CHIPPEWA TWP 4,DELEGATE TO THE REPUBLICAN NATIONAL CONVENTION,17,REP,John Fredericks,43,38,0,5
Beaver,CHIPPEWA TWP 4,DELEGATE TO THE REPUBLICAN NATIONAL CONVENTION,17,REP,Jack Casey,36,33,0,3
Beaver,CHIPPEWA TWP 4,DELEGATE TO THE REPUBLICAN NATIONAL CONVENTION,17,REP,Toni Shuppe,33,28,0,5
Beaver,CHIPPEWA TWP 4,DELEGATE TO THE REPUBLICAN NATIONAL CONVENTION,17,REP,Veronica S Steinkirchner,32,26,0,6
Beaver,CHIPPEWA TWP 4,DELEGATE TO THE REPUBLICAN NATIONAL CONVENTION,17,REP,Bob Howard,30,27,0,3
Beaver,CHIPPEWA TWP 4,DELEGATE TO THE REPUBLICAN NATIONAL CONVENTION,17,REP,Vincent E Fusca,20,20,0,0
Beaver,CHIPPEWA TWP 4,DELEGATE TO THE REPUBLICAN NATIONAL CONVENTION,17,REP,Write-In Totals,0,0,0,0
Beaver,CHIPPEWA TWP 4,DELEGATE TO THE REPUBLICAN NATIONAL CONVENTION,17,REP,Not Assigned,0,0,0,0
Beaver,CHIPPEWA TWP 4,ALTERNATE DELEGATE TO THE REPUBLICAN NATIONAL CONVENTION,17,REP,Mike Mcmullen,78,73,0,5
Beaver,CHIPPEWA TWP 4,ALTERNATE DELEGATE TO THE REPUBLICAN NATIONAL CONVENTION,17,REP,Bob Hamilton,70,60,0,10
Beaver,CHIPPEWA TWP 4,ALTERNATE DELEGATE TO THE REPUBLICAN NATIONAL CONVENTION,17,REP,Christine Mattarochia,68,60,0,8
Beaver,CHIPPEWA TWP 4,ALTERNATE DELEGATE TO THE REPUBLICAN NATIONAL CONVENTION,17,REP,M J Costello,51,42,0,9
Beaver,CHIPPEWA TWP 4,ALTERNATE DELEGATE TO THE REPUBLICAN NATIONAL CONVENTION,17,REP,Write-In Totals,0,0,0,0
Beaver,CHIPPEWA TWP 4,ALTERNATE DELEGATE TO THE REPUBLICAN NATIONAL CONVENTION,17,REP,Not Assigned,0,0,0,0
Beaver,CONWAY BORO 1,President,,DEM,Joseph R Biden Jr,61,29,0,32
Beaver,CONWAY BORO 1,President,,DEM,Dean Phillips,12,9,0,3
Beaver,CONWAY BORO 1,President,,DEM,Write-In Totals,6,5,0,1
Beaver,CONWAY BORO 1,President,,DEM,Not Assigned,6,5,0,1
Beaver,CONWAY BORO 1,U.S. Senate,,DEM,Robert P Casey Jr,58,29,0,29
Beaver,CONWAY BORO 1,U.S. Senate,,DEM,William Parker,18,12,0,6
Beaver,CONWAY BORO 1,U.S. Senate,,DEM,Write-In Totals,3,2,0,1
Beaver,CONWAY BORO 1,U.S. Senate,,DEM,Not Assigned,3,2,0,1
Beaver,CONWAY BORO 1,U.S. House,17,DEM,Chris Deluzio,73,39,0,34
Beaver,CONWAY BORO 1,U.S. House,17,DEM,Write-In Totals,2,2,0,0
Beaver,CONWAY BORO 1,U.S. House,17,DEM,Not Assigned,2,2,0,0
Beaver,CONWAY BORO 1,State Senate,47,DEM,Write-In: Elder Vogel Jr.,6,4,0,2
Beaver,CONWAY BORO 1,State Senate,47,DEM,Write-In: Kate Lennen,2,1,0,1
Beaver,CONWAY BORO 1,State Senate,47,DEM,Write-In: Scattered,1,1,0,0
Beaver,CONWAY BORO 1,State Senate,47,DEM,Write-In Totals,9,6,0,3
Beaver,CONWAY BORO 1,State Senate,47,DEM,Not Assigned,0,0,0,0
Beaver,CONWAY BORO 1,State House,16,DEM,Robert F Matzie,72,38,0,34
Beaver,CONWAY BORO 1,State House,16,DEM,Write-In Totals,2,1,0,1
Beaver,CONWAY BORO 1,State House,16,DEM,Not Assigned,2,1,0,1
Beaver,CONWAY BORO 1,DELEGATE TO THE DEMOCRATIC NATIONAL CONVENTION,17,DEM,Kaylee Werner,54,25,0,29
Beaver,CONWAY BORO 1,DELEGATE TO THE DEMOCRATIC NATIONAL CONVENTION,17,DEM,Nancy Werme,54,29,0,25
Beaver,CONWAY BORO 1,DELEGATE TO THE DEMOCRATIC NATIONAL CONVENTION,17,DEM,Mary Jane Jones-Gilliam,53,24,0,29
Beaver,CONWAY BORO 1,DELEGATE TO THE DEMOCRATIC NATIONAL CONVENTION,17,DEM,Lisa M Baldis,51,25,0,26
Beaver,CONWAY BORO 1,DELEGATE TO THE DEMOCRATIC NATIONAL CONVENTION,17,DEM,Dwan B Walker,51,24,0,27
Beaver,CONWAY BORO 1,DELEGATE TO THE DEMOCRATIC NATIONAL CONVENTION,17,DEM,Arvind Venkat,47,21,0,26
Beaver,CONWAY BORO 1,DELEGATE TO THE DEMOCRATIC NATIONAL CONVENTION,17,DEM,Kevin Kinross,45,20,0,25
Beaver,CONWAY BORO 1,DELEGATE TO THE DEMOCRATIC NATIONAL CONVENTION,17,DEM,Write-In Totals,3,2,0,1
Beaver,CONWAY BORO 1,DELEGATE TO THE DEMOCRATIC NATIONAL CONVENTION,17,DEM,Not Assigned,3,2,0,1
Beaver,CONWAY BORO 1,President,,REP,Donald J Trump,53,51,0,2
Beaver,CONWAY BORO 1,President,,REP,Nikki R Haley,9,6,0,3
Beaver,CONWAY BORO 1,President,,REP,Write-In Totals,0,0,0,0
Beaver,CONWAY BORO 1,President,,REP,Not Assigned,0,0,0,0
Beaver,CONWAY BORO 1,U.S. Senate,,REP,Dave Mccormick,53,49,0,4
Beaver,CONWAY BORO 1,U.S. Senate,,REP,Joseph J Vodvarka,6,6,0,0
Beaver,CONWAY BORO 1,U.S. Senate,,REP,Write-In Totals,2,1,0,1
Beaver,CONWAY BORO 1,U.S. Senate,,REP,Not Assigned,2,1,0,1
Beaver,CONWAY BORO 1,U.S. House,17,REP,Rob Mercuri,57,52,0,5
Beaver,CONWAY BORO 1,U.S. House,17,REP,Write-In Totals,0,0,0,0
Beaver,CONWAY BORO 1,U.S. House,17,REP,Not Assigned,0,0,0,0
Beaver,CONWAY BORO 1,State Senate,47,REP,Elder Vogel Jr,60,55,0,5
Beaver,CONWAY BORO 1,State Senate,47,REP,Write-In Totals,1,1,0,0
Beaver,CONWAY BORO 1,State Senate,47,REP,Not Assigned,1,1,0,0
Beaver,CONWAY BORO 1,State House,16,REP,Michael J Perich,57,52,0,5
Beaver,CONWAY BORO 1,State House,16,REP,Write-In Totals,0,0,0,0
Beaver,CONWAY BORO 1,State House,16,REP,Not Assigned,0,0,0,0
Beaver,CONWAY BORO 1,DELEGATE TO THE REPUBLICAN NATIONAL CONVENTION,17,REP,Mike Mcmullen,33,29,0,4
Beaver,CONWAY BORO 1,DELEGATE TO THE REPUBLICAN NATIONAL CONVENTION,17,REP,Jack Casey,22,22,0,0
Beaver,CONWAY BORO 1,DELEGATE TO THE REPUBLICAN NATIONAL CONVENTION,17,REP,Abby Kail,22,19,0,3
Beaver,CONWAY BORO 1,DELEGATE TO THE REPUBLICAN NATIONAL CONVENTION,17,REP,Veronica S Steinkirchner,18,15,0,3
Beaver,CONWAY BORO 1,DELEGATE TO THE REPUBLICAN NATIONAL CONVENTION,17,REP,John Fredericks,17,15,0,2
Beaver,CONWAY BORO 1,DELEGATE TO THE REPUBLICAN NATIONAL CONVENTION,17,REP,Bob Howard,16,16,0,0
Beaver,CONWAY BORO 1,DELEGATE TO THE REPUBLICAN NATIONAL CONVENTION,17,REP,Toni Shuppe,11,10,0,1
Beaver,CONWAY BORO 1,DELEGATE TO THE REPUBLICAN NATIONAL CONVENTION,17,REP,Vincent E Fusca,8,8,0,0
Beaver,CONWAY BORO 1,DELEGATE TO THE REPUBLICAN NATIONAL CONVENTION,17,REP,Write-In Totals,0,0,0,0
Beaver,CONWAY BORO 1,DELEGATE TO THE REPUBLICAN NATIONAL CONVENTION,17,REP,Not Assigned,0,0,0,0
Beaver,CONWAY BORO 1,ALTERNATE DELEGATE TO THE REPUBLICAN NATIONAL CONVENTION,17,REP,Mike Mcmullen,39,37,0,2
Beaver,CONWAY BORO 1,ALTERNATE DELEGATE TO THE REPUBLICAN NATIONAL CONVENTION,17,REP,Bob Hamilton,36,33,0,3
Beaver,CONWAY BORO 1,ALTERNATE DELEGATE TO THE REPUBLICAN NATIONAL CONVENTION,17,REP,Christine Mattarochia,28,24,0,4
Beaver,CONWAY BORO 1,ALTERNATE DELEGATE TO THE REPUBLICAN NATIONAL CONVENTION,17,REP,M J Costello,25,22,0,3
Beaver,CONWAY BORO 1,ALTERNATE DELEGATE TO THE REPUBLICAN NATIONAL CONVENTION,17,REP,Write-In Totals,0,0,0,0
Beaver,CONWAY BORO 1,ALTERNATE DELEGATE TO THE REPUBLICAN NATIONAL CONVENTION,17,REP,Not Assigned,0,0,0,0
Beaver,CONWAY BORO 2,President,,DEM,Joseph R Biden Jr,114,47,0,67
Beaver,CONWAY BORO 2,President,,DEM,Dean Phillips,11,11,0,0
Beaver,CONWAY BORO 2,President,,DEM,Write-In Totals,14,12,0,2
Beaver,CONWAY BORO 2,President,,DEM,Not Assigned,14,12,0,2
Beaver,CONWAY BORO 2,U.S. Senate,,DEM,Robert P Casey Jr,116,54,0,62
Beaver,CONWAY BORO 2,U.S. Senate,,DEM,William Parker,17,8,0,9
Beaver,CONWAY BORO 2,U.S. Senate,,DEM,Write-In Totals,4,4,0,0
Beaver,CONWAY BORO 2,U.S. Senate,,DEM,Not Assigned,4,4,0,0
Beaver,CONWAY BORO 2,U.S. House,17,DEM,Chris Deluzio,134,65,0,69
Beaver,CONWAY BORO 2,U.S. House,17,DEM,Write-In Totals,3,3,0,0
Beaver,CONWAY BORO 2,U.S. House,17,DEM,Not Assigned,3,3,0,0
Beaver,CONWAY BORO 2,State Senate,47,DEM,Write-In: Elder Vogel Jr.,19,9,0,10
Beaver,CONWAY BORO 2,State Senate,47,DEM,Write-In: Scattered,6,4,0,2
Beaver,CONWAY BORO 2,State Senate,47,DEM,Write-In: Kate Lennen,1,1,0,0
Beaver,CONWAY BORO 2,State Senate,47,DEM,Write-In Totals,26,14,0,12
Beaver,CONWAY BORO 2,State Senate,47,DEM,Not Assigned,0,0,0,0
Beaver,CONWAY BORO 2,State House,16,DEM,Robert F Matzie,135,65,0,70
Beaver,CONWAY BORO 2,State House,16,DEM,Write-In Totals,4,4,0,0
Beaver,CONWAY BORO 2,State House,16,DEM,Not Assigned,4,4,0,0
Beaver,CONWAY BORO 2,DELEGATE TO THE DEMOCRATIC NATIONAL CONVENTION,17,DEM,Nancy Werme,108,45,0,63
Beaver,CONWAY BORO 2,DELEGATE TO THE DEMOCRATIC NATIONAL CONVENTION,17,DEM,Lisa M Baldis,102,43,0,59
Beaver,CONWAY BORO 2,DELEGATE TO THE DEMOCRATIC NATIONAL CONVENTION,17,DEM,Mary Jane Jones-Gilliam,99,41,0,58
Beaver,CONWAY BORO 2,DELEGATE TO THE DEMOCRATIC NATIONAL CONVENTION,17,DEM,Kaylee Werner,95,37,0,58
Beaver,CONWAY BORO 2,DELEGATE TO THE DEMOCRATIC NATIONAL CONVENTION,17,DEM,Kevin Kinross,95,38,0,57
Beaver,CONWAY BORO 2,DELEGATE TO THE DEMOCRATIC NATIONAL CONVENTION,17,DEM,Arvind Venkat,93,39,0,54
Beaver,CONWAY BORO 2,DELEGATE TO THE DEMOCRATIC NATIONAL CONVENTION,17,DEM,Dwan B Walker,93,37,0,56
Beaver,CONWAY BORO 2,DELEGATE TO THE DEMOCRATIC NATIONAL CONVENTION,17,DEM,Write-In Totals,7,7,0,0
Beaver,CONWAY BORO 2,DELEGATE TO THE DEMOCRATIC NATIONAL CONVENTION,17,DEM,Not Assigned,7,7,0,0
Beaver,CONWAY BORO 2,President,,REP,Donald J Trump,85,80,0,5
Beaver,CONWAY BORO 2,President,,REP,Nikki R Haley,14,11,0,3
Beaver,CONWAY BORO 2,President,,REP,Write-In Totals,1,0,0,1
Beaver,CONWAY BORO 2,President,,REP,Not Assigned,1,0,0,1
Beaver,CONWAY BORO 2,U.S. Senate,,REP,Dave Mccormick,84,78,0,6
Beaver,CONWAY BORO 2,U.S. Senate,,REP,Joseph J Vodvarka,5,4,0,1
Beaver,CONWAY BORO 2,U.S. Senate,,REP,Write-In Totals,3,3,0,0
Beaver,CONWAY BORO 2,U.S. Senate,,REP,Not Assigned,3,3,0,0
Beaver,CONWAY BORO 2,U.S. House,17,REP,Rob Mercuri,87,80,0,7
Beaver,CONWAY BORO 2,U.S. House,17,REP,Write-In Totals,0,0,0,0
Beaver,CONWAY BORO 2,U.S. House,17,REP,Not Assigned,0,0,0,0
Beaver,CONWAY BORO 2,State Senate,47,REP,Elder Vogel Jr,95,86,0,9
Beaver,CONWAY BORO 2,State Senate,47,REP,Write-In Totals,0,0,0,0
Beaver,CONWAY BORO 2,State Senate,47,REP,Not Assigned,0,0,0,0
Beaver,CONWAY BORO 2,State House,16,REP,Michael J Perich,88,81,0,7
Beaver,CONWAY BORO 2,State House,16,REP,Write-In Totals,0,0,0,0
Beaver,CONWAY BORO 2,State House,16,REP,Not Assigned,0,0,0,0
Beaver,CONWAY BORO 2,DELEGATE TO THE REPUBLICAN NATIONAL CONVENTION,17,REP,Mike Mcmullen,44,42,0,2
Beaver,CONWAY BORO 2,DELEGATE TO THE REPUBLICAN NATIONAL CONVENTION,17,REP,Abby Kail,41,38,0,3
Beaver,CONWAY BORO 2,DELEGATE TO THE REPUBLICAN NATIONAL CONVENTION,17,REP,John Fredericks,31,29,0,2
Beaver,CONWAY BORO 2,DELEGATE TO THE REPUBLICAN NATIONAL CONVENTION,17,REP,Bob Howard,30,30,0,0
Beaver,CONWAY BORO 2,DELEGATE TO THE REPUBLICAN NATIONAL CONVENTION,17,REP,Veronica S Steinkirchner,28,25,0,3
Beaver,CONWAY BORO 2,DELEGATE TO THE REPUBLICAN NATIONAL CONVENTION,17,REP,Jack Casey,26,25,0,1
Beaver,CONWAY BORO 2,DELEGATE TO THE REPUBLICAN NATIONAL CONVENTION,17,REP,Toni Shuppe,18,14,0,4
Beaver,CONWAY BORO 2,DELEGATE TO THE REPUBLICAN NATIONAL CONVENTION,17,REP,Vincent E Fusca,16,15,0,1
Beaver,CONWAY BORO 2,DELEGATE TO THE REPUBLICAN NATIONAL CONVENTION,17,REP,Write-In Totals,0,0,0,0
Beaver,CONWAY BORO 2,DELEGATE TO THE REPUBLICAN NATIONAL CONVENTION,17,REP,Not Assigned,0,0,0,0
Beaver,CONWAY BORO 2,ALTERNATE DELEGATE TO THE REPUBLICAN NATIONAL CONVENTION,17,REP,Mike Mcmullen,53,50,0,3
Beaver,CONWAY BORO 2,ALTERNATE DELEGATE TO THE REPUBLICAN NATIONAL CONVENTION,17,REP,Bob Hamilton,53,48,0,5
Beaver,CONWAY BORO 2,ALTERNATE DELEGATE TO THE REPUBLICAN NATIONAL CONVENTION,17,REP,Christine Mattarochia,44,40,0,4
Beaver,CONWAY BORO 2,ALTERNATE DELEGATE TO THE REPUBLICAN NATIONAL CONVENTION,17,REP,M J Costello,39,35,0,4
Beaver,CONWAY BORO 2,ALTERNATE DELEGATE TO THE REPUBLICAN NATIONAL CONVENTION,17,REP,Write-In Totals,0,0,0,0
Beaver,CONWAY BORO 2,ALTERNATE DELEGATE TO THE REPUBLICAN NATIONAL CONVENTION,17,REP,Not Assigned,0,0,0,0
Beaver,DARLINGTON BORO,President,,DEM,Joseph R Biden Jr,8,8,0,0
Beaver,DARLINGTON BORO,President,,DEM,Dean Phillips,2,2,0,0
Beaver,DARLINGTON BORO,President,,DEM,Write-In Totals,0,0,0,0
Beaver,DARLINGTON BORO,President,,DEM,Not Assigned,0,0,0,0
Beaver,DARLINGTON BORO,U.S. Senate,,DEM,Robert P Casey Jr,7,7,0,0
Beaver,DARLINGTON BORO,U.S. Senate,,DEM,William Parker,3,3,0,0
Beaver,DARLINGTON BORO,U.S. Senate,,DEM,Write-In Totals,0,0,0,0
Beaver,DARLINGTON BORO,U.S. Senate,,DEM,Not Assigned,0,0,0,0
Beaver,DARLINGTON BORO,U.S. House,17,DEM,Chris Deluzio,10,10,0,0
Beaver,DARLINGTON BORO,U.S. House,17,DEM,Write-In Totals,0,0,0,0
Beaver,DARLINGTON BORO,U.S. House,17,DEM,Not Assigned,0,0,0,0
Beaver,DARLINGTON BORO,State Senate,47,DEM,Write-In: Elder Vogel Jr.,2,2,0,0
Beaver,DARLINGTON BORO,State Senate,47,DEM,Write-In: Scattered,0,0,0,0
Beaver,DARLINGTON BORO,State Senate,47,DEM,Write-In: Kate Lennen,0,0,0,0
Beaver,DARLINGTON BORO,State Senate,47,DEM,Write-In Totals,2,2,0,0
Beaver,DARLINGTON BORO,State Senate,47,DEM,Not Assigned,0,0,0,0
Beaver,DARLINGTON BORO,State House,14,DEM,Kenya Johns,8,8,0,0
Beaver,DARLINGTON BORO,State House,14,DEM,Write-In Totals,0,0,0,0
Beaver,DARLINGTON BORO,State House,14,DEM,Not Assigned,0,0,0,0
Beaver,DARLINGTON BORO,DELEGATE TO THE DEMOCRATIC NATIONAL CONVENTION,17,DEM,Kaylee Werner,8,8,0,0
Beaver,DARLINGTON BORO,DELEGATE TO THE DEMOCRATIC NATIONAL CONVENTION,17,DEM,Lisa M Baldis,8,8,0,0
Beaver,DARLINGTON BORO,DELEGATE TO THE DEMOCRATIC NATIONAL CONVENTION,17,DEM,Dwan B Walker,8,8,0,0
Beaver,DARLINGTON BORO,DELEGATE TO THE DEMOCRATIC NATIONAL CONVENTION,17,DEM,Mary Jane Jones-Gilliam,8,8,0,0
Beaver,DARLINGTON BORO,DELEGATE TO THE DEMOCRATIC NATIONAL CONVENTION,17,DEM,Nancy Werme,8,8,0,0
Beaver,DARLINGTON BORO,DELEGATE TO THE DEMOCRATIC NATIONAL CONVENTION,17,DEM,Arvind Venkat,7,7,0,0
Beaver,DARLINGTON BORO,DELEGATE TO THE DEMOCRATIC NATIONAL CONVENTION,17,DEM,Kevin Kinross,7,7,0,0
Beaver,DARLINGTON BORO,DELEGATE TO THE DEMOCRATIC NATIONAL CONVENTION,17,DEM,Write-In Totals,0,0,0,0
Beaver,DARLINGTON BORO,DELEGATE TO THE DEMOCRATIC NATIONAL CONVENTION,17,DEM,Not Assigned,0,0,0,0
Beaver,DARLINGTON BORO,President,,REP,Donald J Trump,18,18,0,0
Beaver,DARLINGTON BORO,President,,REP,Nikki R Haley,3,2,0,1
Beaver,DARLINGTON BORO,President,,REP,Write-In Totals,2,2,0,0
Beaver,DARLINGTON BORO,President,,REP,Not Assigned,2,2,0,0
Beaver,DARLINGTON BORO,U.S. Senate,,REP,Dave Mccormick,17,16,0,1
Beaver,DARLINGTON BORO,U.S. Senate,,REP,Joseph J Vodvarka,5,4,0,1
Beaver,DARLINGTON BORO,U.S. Senate,,REP,Write-In Totals,1,1,0,0
Beaver,DARLINGTON BORO,U.S. Senate,,REP,Not Assigned,1,1,0,0
Beaver,DARLINGTON BORO,U.S. House,17,REP,Rob Mercuri,19,18,0,1
Beaver,DARLINGTON BORO,U.S. House,17,REP,Write-In Totals,2,1,0,1
Beaver,DARLINGTON BORO,U.S. House,17,REP,Not Assigned,2,1,0,1
Beaver,DARLINGTON BORO,State Senate,47,REP,Elder Vogel Jr,23,21,0,2
Beaver,DARLINGTON BORO,State Senate,47,REP,Write-In Totals,0,0,0,0
Beaver,DARLINGTON BORO,State Senate,47,REP,Not Assigned,0,0,0,0
Beaver,DARLINGTON BORO,State House,14,REP,Roman Kozak,20,19,0,1
Beaver,DARLINGTON BORO,State House,14,REP,Write-In Totals,0,0,0,0
Beaver,DARLINGTON BORO,State House,14,REP,Not Assigned,0,0,0,0
Beaver,DARLINGTON BORO,DELEGATE TO THE REPUBLICAN NATIONAL CONVENTION,17,REP,Abby Kail,11,10,0,1
Beaver,DARLINGTON BORO,DELEGATE TO THE REPUBLICAN NATIONAL CONVENTION,17,REP,Veronica S Steinkirchner,11,9,0,2
Beaver,DARLINGTON BORO,DELEGATE TO THE REPUBLICAN NATIONAL CONVENTION,17,REP,Mike Mcmullen,10,10,0,0
Beaver,DARLINGTON BORO,DELEGATE TO THE REPUBLICAN NATIONAL CONVENTION,17,REP,Toni Shuppe,6,6,0,0
Beaver,DARLINGTON BORO,DELEGATE TO THE REPUBLICAN NATIONAL CONVENTION,17,REP,Bob Howard,4,4,0,0
Beaver,DARLINGTON BORO,DELEGATE TO THE REPUBLICAN NATIONAL CONVENTION,17,REP,John Fredericks,4,4,0,0
Beaver,DARLINGTON BORO,DELEGATE TO THE REPUBLICAN NATIONAL CONVENTION,17,REP,Jack Casey,3,3,0,0
Beaver,DARLINGTON BORO,DELEGATE TO THE REPUBLICAN NATIONAL CONVENTION,17,REP,Vincent E Fusca,2,1,0,1
Beaver,DARLINGTON BORO,DELEGATE TO THE REPUBLICAN NATIONAL CONVENTION,17,REP,Write-In Totals,0,0,0,0
Beaver,DARLINGTON BORO,DELEGATE TO THE REPUBLICAN NATIONAL CONVENTION,17,REP,Not Assigned,0,0,0,0
Beaver,DARLINGTON BORO,ALTERNATE DELEGATE TO THE REPUBLICAN NATIONAL CONVENTION,17,REP,Mike Mcmullen,11,11,0,0
Beaver,DARLINGTON BORO,ALTERNATE DELEGATE TO THE REPUBLICAN NATIONAL CONVENTION,17,REP,Bob Hamilton,11,11,0,0
Beaver,DARLINGTON BORO,ALTERNATE DELEGATE TO THE REPUBLICAN NATIONAL CONVENTION,17,REP,Christine Mattarochia,10,8,0,2
Beaver,DARLINGTON BORO,ALTERNATE DELEGATE TO THE REPUBLICAN NATIONAL CONVENTION,17,REP,M J Costello,3,2,0,1
Beaver,DARLINGTON BORO,ALTERNATE DELEGATE TO THE REPUBLICAN NATIONAL CONVENTION,17,REP,Write-In Totals,0,0,0,0
Beaver,DARLINGTON BORO,ALTERNATE DELEGATE TO THE REPUBLICAN NATIONAL CONVENTION,17,REP,Not Assigned,0,0,0,0
Beaver,DARLINGTON TWP,President,,DEM,Joseph R Biden Jr,70,45,0,25
Beaver,DARLINGTON TWP,President,,DEM,Dean Phillips,12,8,0,4
Beaver,DARLINGTON TWP,President,,DEM,Write-In Totals,8,7,0,1
Beaver,DARLINGTON TWP,President,,DEM,Not Assigned,8,7,0,1
Beaver,DARLINGTON TWP,U.S. Senate,,DEM,Robert P Casey Jr,63,38,0,25
Beaver,DARLINGTON TWP,U.S. Senate,,DEM,William Parker,22,17,0,5
Beaver,DARLINGTON TWP,U.S. Senate,,DEM,Write-In Totals,2,2,0,0
Beaver,DARLINGTON TWP,U.S. Senate,,DEM,Not Assigned,2,2,0,0
Beaver,DARLINGTON TWP,U.S. House,17,DEM,Chris Deluzio,79,53,0,26
Beaver,DARLINGTON TWP,U.S. House,17,DEM,Write-In Totals,1,1,0,0
Beaver,DARLINGTON TWP,U.S. House,17,DEM,Not Assigned,1,1,0,0
Beaver,DARLINGTON TWP,State Senate,47,DEM,Write-In: Elder Vogel Jr.,10,7,0,3
Beaver,DARLINGTON TWP,State Senate,47,DEM,Write-In: Scattered,6,5,0,1
Beaver,DARLINGTON TWP,State Senate,47,DEM,Write-In: Kate Lennen,2,0,0,2
Beaver,DARLINGTON TWP,State Senate,47,DEM,Write-In Totals,18,12,0,6
Beaver,DARLINGTON TWP,State Senate,47,DEM,Not Assigned,0,0,0,0
Beaver,DARLINGTON TWP,State House,14,DEM,Kenya Johns,77,49,0,28
Beaver,DARLINGTON TWP,State House,14,DEM,Write-In Totals,7,5,0,2
Beaver,DARLINGTON TWP,State House,14,DEM,Not Assigned,7,5,0,2
Beaver,DARLINGTON TWP,DELEGATE TO THE DEMOCRATIC NATIONAL CONVENTION,17,DEM,Nancy Werme,63,39,0,24
Beaver,DARLINGTON TWP,DELEGATE TO THE DEMOCRATIC NATIONAL CONVENTION,17,DEM,Kaylee Werner,62,38,0,24
Beaver,DARLINGTON TWP,DELEGATE TO THE DEMOCRATIC NATIONAL CONVENTION,17,DEM,Lisa M Baldis,56,34,0,22
Beaver,DARLINGTON TWP,DELEGATE TO THE DEMOCRATIC NATIONAL CONVENTION,17,DEM,Mary Jane Jones-Gilliam,56,32,0,24
Beaver,DARLINGTON TWP,DELEGATE TO THE DEMOCRATIC NATIONAL CONVENTION,17,DEM,Dwan B Walker,55,33,0,22
Beaver,DARLINGTON TWP,DELEGATE TO THE DEMOCRATIC NATIONAL CONVENTION,17,DEM,Kevin Kinross,55,33,0,22
Beaver,DARLINGTON TWP,DELEGATE TO THE DEMOCRATIC NATIONAL CONVENTION,17,DEM,Arvind Venkat,50,29,0,21
Beaver,DARLINGTON TWP,DELEGATE TO THE DEMOCRATIC NATIONAL CONVENTION,17,DEM,Write-In Totals,0,0,0,0
Beaver,DARLINGTON TWP,DELEGATE TO THE DEMOCRATIC NATIONAL CONVENTION,17,DEM,Not Assigned,0,0,0,0
Beaver,DARLINGTON TWP,President,,REP,Donald J Trump,153,144,1,8
Beaver,DARLINGTON TWP,President,,REP,Nikki R Haley,19,18,0,1
Beaver,DARLINGTON TWP,President,,REP,Write-In Totals,2,0,0,2
Beaver,DARLINGTON TWP,President,,REP,Not Assigned,2,0,0,2
Beaver,DARLINGTON TWP,U.S. Senate,,REP,Dave Mccormick,161,150,1,10
Beaver,DARLINGTON TWP,U.S. Senate,,REP,Joseph J Vodvarka,9,8,0,1
Beaver,DARLINGTON TWP,U.S. Senate,,REP,Write-In Totals,1,0,0,1
Beaver,DARLINGTON TWP,U.S. Senate,,REP,Not Assigned,1,0,0,1
Beaver,DARLINGTON TWP,U.S. House,17,REP,Rob Mercuri,159,147,1,11
Beaver,DARLINGTON TWP,U.S. House,17,REP,Write-In Totals,0,0,0,0
Beaver,DARLINGTON TWP,U.S. House,17,REP,Not Assigned,0,0,0,0
Beaver,DARLINGTON TWP,State Senate,47,REP,Elder Vogel Jr,171,158,1,12
Beaver,DARLINGTON TWP,State Senate,47,REP,Write-In Totals,1,1,0,0
Beaver,DARLINGTON TWP,State Senate,47,REP,Not Assigned,1,1,0,0
Beaver,DARLINGTON TWP,State House,14,REP,Roman Kozak,171,158,1,12
Beaver,DARLINGTON TWP,State House,14,REP,Write-In Totals,0,0,0,0
Beaver,DARLINGTON TWP,State House,14,REP,Not Assigned,0,0,0,0
Beaver,DARLINGTON TWP,DELEGATE TO THE REPUBLICAN NATIONAL CONVENTION,17,REP,John Fredericks,76,72,0,4
Beaver,DARLINGTON TWP,DELEGATE TO THE REPUBLICAN NATIONAL CONVENTION,17,REP,Mike Mcmullen,75,70,0,5
Beaver,DARLINGTON TWP,DELEGATE TO THE REPUBLICAN NATIONAL CONVENTION,17,REP,Abby Kail,67,61,0,6
Beaver,DARLINGTON TWP,DELEGATE TO THE REPUBLICAN NATIONAL CONVENTION,17,REP,Bob Howard,53,49,1,3
Beaver,DARLINGTON TWP,DELEGATE TO THE REPUBLICAN NATIONAL CONVENTION,17,REP,Jack Casey,43,42,0,1
Beaver,DARLINGTON TWP,DELEGATE TO THE REPUBLICAN NATIONAL CONVENTION,17,REP,Toni Shuppe,40,34,0,6
Beaver,DARLINGTON TWP,DELEGATE TO THE REPUBLICAN NATIONAL CONVENTION,17,REP,Veronica S Steinkirchner,32,28,0,4
Beaver,DARLINGTON TWP,DELEGATE TO THE REPUBLICAN NATIONAL CONVENTION,17,REP,Vincent E Fusca,19,19,0,0
Beaver,DARLINGTON TWP,DELEGATE TO THE REPUBLICAN NATIONAL CONVENTION,17,REP,Write-In Totals,0,0,0,0
Beaver,DARLINGTON TWP,DELEGATE TO THE REPUBLICAN NATIONAL CONVENTION,17,REP,Not Assigned,0,0,0,0
Beaver,DARLINGTON TWP,ALTERNATE DELEGATE TO THE REPUBLICAN NATIONAL CONVENTION,17,REP,Mike Mcmullen,96,94,0,2
Beaver,DARLINGTON TWP,ALTERNATE DELEGATE TO THE REPUBLICAN NATIONAL CONVENTION,17,REP,Bob Hamilton,82,74,1,7
Beaver,DARLINGTON TWP,ALTERNATE DELEGATE TO THE REPUBLICAN NATIONAL CONVENTION,17,REP,Christine Mattarochia,69,61,0,8
Beaver,DARLINGTON TWP,ALTERNATE DELEGATE TO THE REPUBLICAN NATIONAL CONVENTION,17,REP,M J Costello,61,55,0,6
Beaver,DARLINGTON TWP,ALTERNATE DELEGATE TO THE REPUBLICAN NATIONAL CONVENTION,17,REP,Write-In Totals,6,6,0,0
Beaver,DARLINGTON TWP,ALTERNATE DELEGATE TO THE REPUBLICAN NATIONAL CONVENTION,17,REP,Not Assigned,6,6,0,0
Beaver,DAUGHERTY TWP 1,President,,DEM,Joseph R Biden Jr,86,40,0,46
Beaver,DAUGHERTY TWP 1,President,,DEM,Dean Phillips,20,16,0,4
Beaver,DAUGHERTY TWP 1,President,,DEM,Write-In Totals,9,9,0,0
Beaver,DAUGHERTY TWP 1,President,,DEM,Not Assigned,9,9,0,0
Beaver,DAUGHERTY TWP 1,U.S. Senate,,DEM,Robert P Casey Jr,88,43,0,45
Beaver,DAUGHERTY TWP 1,U.S. Senate,,DEM,William Parker,10,3,0,7
Beaver,DAUGHERTY TWP 1,U.S. Senate,,DEM,Write-In Totals,17,17,0,0
Beaver,DAUGHERTY TWP 1,U.S. Senate,,DEM,Not Assigned,17,17,0,0
Beaver,DAUGHERTY TWP 1,U.S. House,17,DEM,Chris Deluzio,111,59,0,52
Beaver,DAUGHERTY TWP 1,U.S. House,17,DEM,Write-In Totals,0,0,0,0
Beaver,DAUGHERTY TWP 1,U.S. House,17,DEM,Not Assigned,0,0,0,0
Beaver,DAUGHERTY TWP 1,State Senate,47,DEM,Write-In: Elder Vogel Jr.,17,9,0,8
Beaver,DAUGHERTY TWP 1,State Senate,47,DEM,Write-In: Kate Lennen,8,6,0,2
Beaver,DAUGHERTY TWP 1,State Senate,47,DEM,Write-In: Scattered,6,5,0,1
Beaver,DAUGHERTY TWP 1,State Senate,47,DEM,Write-In Totals,31,20,0,11
Beaver,DAUGHERTY TWP 1,State Senate,47,DEM,Not Assigned,0,0,0,0
Beaver,DAUGHERTY TWP 1,State House,14,DEM,Kenya Johns,113,62,0,51
Beaver,DAUGHERTY TWP 1,State House,14,DEM,Write-In Totals,0,0,0,0
Beaver,DAUGHERTY TWP 1,State House,14,DEM,Not Assigned,0,0,0,0
Beaver,DAUGHERTY TWP 1,DELEGATE TO THE DEMOCRATIC NATIONAL CONVENTION,17,DEM,Nancy Werme,97,51,0,46
Beaver,DAUGHERTY TWP 1,DELEGATE TO THE DEMOCRATIC NATIONAL CONVENTION,17,DEM,Kaylee Werner,85,44,0,41
Beaver,DAUGHERTY TWP 1,DELEGATE TO THE DEMOCRATIC NATIONAL CONVENTION,17,DEM,Dwan B Walker,82,41,0,41
Beaver,DAUGHERTY TWP 1,DELEGATE TO THE DEMOCRATIC NATIONAL CONVENTION,17,DEM,Lisa M Baldis,81,42,0,39
Beaver,DAUGHERTY TWP 1,DELEGATE TO THE DEMOCRATIC NATIONAL CONVENTION,17,DEM,Mary Jane Jones-Gilliam,80,40,0,40
Beaver,DAUGHERTY TWP 1,DELEGATE TO THE DEMOCRATIC NATIONAL CONVENTION,17,DEM,Kevin Kinross,80,39,0,41
Beaver,DAUGHERTY TWP 1,DELEGATE TO THE DEMOCRATIC NATIONAL CONVENTION,17,DEM,Arvind Venkat,73,35,0,38
Beaver,DAUGHERTY TWP 1,DELEGATE TO THE DEMOCRATIC NATIONAL CONVENTION,17,DEM,Write-In Totals,2,2,0,0
Beaver,DAUGHERTY TWP 1,DELEGATE TO THE DEMOCRATIC NATIONAL CONVENTION,17,DEM,Not Assigned,2,2,0,0
Beaver,DAUGHERTY TWP 1,President,,REP,Donald J Trump,130,116,0,14
Beaver,DAUGHERTY TWP 1,President,,REP,Nikki R Haley,13,9,0,4
Beaver,DAUGHERTY TWP 1,President,,REP,Write-In Totals,2,1,0,1
Beaver,DAUGHERTY TWP 1,President,,REP,Not Assigned,2,1,0,1
Beaver,DAUGHERTY TWP 1,U.S. Senate,,REP,Dave Mccormick,126,109,0,17
Beaver,DAUGHERTY TWP 1,U.S. Senate,,REP,Joseph J Vodvarka,6,5,0,1
Beaver,DAUGHERTY TWP 1,U.S. Senate,,REP,Write-In Totals,7,6,0,1
Beaver,DAUGHERTY TWP 1,U.S. Senate,,REP,Not Assigned,7,6,0,1
Beaver,DAUGHERTY TWP 1,U.S. House,17,REP,Rob Mercuri,131,114,0,17
Beaver,DAUGHERTY TWP 1,U.S. House,17,REP,Write-In Totals,0,0,0,0
Beaver,DAUGHERTY TWP 1,U.S. House,17,REP,Not Assigned,0,0,0,0
Beaver,DAUGHERTY TWP 1,State Senate,47,REP,Elder Vogel Jr,139,120,0,19
Beaver,DAUGHERTY TWP 1,State Senate,47,REP,Write-In Totals,0,0,0,0
Beaver,DAUGHERTY TWP 1,State Senate,47,REP,Not Assigned,0,0,0,0
Beaver,DAUGHERTY TWP 1,State House,14,REP,Roman Kozak,133,115,0,18
Beaver,DAUGHERTY TWP 1,State House,14,REP,Write-In Totals,1,0,0,1
Beaver,DAUGHERTY TWP 1,State House,14,REP,Not Assigned,1,0,0,1
Beaver,DAUGHERTY TWP 1,DELEGATE TO THE REPUBLICAN NATIONAL CONVENTION,17,REP,Mike Mcmullen,63,54,0,9
Beaver,DAUGHERTY TWP 1,DELEGATE TO THE REPUBLICAN NATIONAL CONVENTION,17,REP,John Fredericks,62,55,0,7
Beaver,DAUGHERTY TWP 1,DELEGATE TO THE REPUBLICAN NATIONAL CONVENTION,17,REP,Jack Casey,53,46,0,7
Beaver,DAUGHERTY TWP 1,DELEGATE TO THE REPUBLICAN NATIONAL CONVENTION,17,REP,Abby Kail,52,49,0,3
Beaver,DAUGHERTY TWP 1,DELEGATE TO THE REPUBLICAN NATIONAL CONVENTION,17,REP,Bob Howard,39,33,0,6
Beaver,DAUGHERTY TWP 1,DELEGATE TO THE REPUBLICAN NATIONAL CONVENTION,17,REP,Toni Shuppe,34,25,0,9
Beaver,DAUGHERTY TWP 1,DELEGATE TO THE REPUBLICAN NATIONAL CONVENTION,17,REP,Vincent E Fusca,22,18,0,4
Beaver,DAUGHERTY TWP 1,DELEGATE TO THE REPUBLICAN NATIONAL CONVENTION,17,REP,Veronica S Steinkirchner,19,17,0,2
Beaver,DAUGHERTY TWP 1,DELEGATE TO THE REPUBLICAN NATIONAL CONVENTION,17,REP,Write-In Totals,1,1,0,0
Beaver,DAUGHERTY TWP 1,DELEGATE TO THE REPUBLICAN NATIONAL CONVENTION,17,REP,Not Assigned,1,1,0,0
Beaver,DAUGHERTY TWP 1,ALTERNATE DELEGATE TO THE REPUBLICAN NATIONAL CONVENTION,17,REP,Mike Mcmullen,87,77,0,10
Beaver,DAUGHERTY TWP 1,ALTERNATE DELEGATE TO THE REPUBLICAN NATIONAL CONVENTION,17,REP,Bob Hamilton,77,61,0,16
Beaver,DAUGHERTY TWP 1,ALTERNATE DELEGATE TO THE REPUBLICAN NATIONAL CONVENTION,17,REP,Christine Mattarochia,64,56,0,8
Beaver,DAUGHERTY TWP 1,ALTERNATE DELEGATE TO THE REPUBLICAN NATIONAL CONVENTION,17,REP,M J Costello,62,50,0,12
Beaver,DAUGHERTY TWP 1,ALTERNATE DELEGATE TO THE REPUBLICAN NATIONAL CONVENTION,17,REP,Write-In Totals,2,2,0,0
Beaver,DAUGHERTY TWP 1,ALTERNATE DELEGATE TO THE REPUBLICAN NATIONAL CONVENTION,17,REP,Not Assigned,2,2,0,0
Beaver,DAUGHERTY TWP 2,President,,DEM,Joseph R Biden Jr,117,55,0,62
Beaver,DAUGHERTY TWP 2,President,,DEM,Dean Phillips,16,12,0,4
Beaver,DAUGHERTY TWP 2,President,,DEM,Write-In Totals,8,7,0,1
Beaver,DAUGHERTY TWP 2,President,,DEM,Not Assigned,8,7,0,1
Beaver,DAUGHERTY TWP 2,U.S. Senate,,DEM,Robert P Casey Jr,113,58,0,55
Beaver,DAUGHERTY TWP 2,U.S. Senate,,DEM,William Parker,24,13,0,11
Beaver,DAUGHERTY TWP 2,U.S. Senate,,DEM,Write-In Totals,6,4,0,2
Beaver,DAUGHERTY TWP 2,U.S. Senate,,DEM,Not Assigned,6,4,0,2
Beaver,DAUGHERTY TWP 2,U.S. House,17,DEM,Chris Deluzio,135,68,0,67
Beaver,DAUGHERTY TWP 2,U.S. House,17,DEM,Write-In Totals,4,4,0,0
Beaver,DAUGHERTY TWP 2,U.S. House,17,DEM,Not Assigned,4,4,0,0
Beaver,DAUGHERTY TWP 2,State Senate,47,DEM,Write-In: Kate Lennen,13,6,0,7
Beaver,DAUGHERTY TWP 2,State Senate,47,DEM,Write-In: Elder Vogel Jr.,12,7,0,5
Beaver,DAUGHERTY TWP 2,State Senate,47,DEM,Write-In: Scattered,4,4,0,0
Beaver,DAUGHERTY TWP 2,State Senate,47,DEM,Write-In Totals,29,17,0,12
Beaver,DAUGHERTY TWP 2,State Senate,47,DEM,Not Assigned,0,0,0,0
Beaver,DAUGHERTY TWP 2,State House,14,DEM,Kenya Johns,126,61,0,65
Beaver,DAUGHERTY TWP 2,State House,14,DEM,Write-In Totals,4,4,0,0
Beaver,DAUGHERTY TWP 2,State House,14,DEM,Not Assigned,4,4,0,0
Beaver,DAUGHERTY TWP 2,DELEGATE TO THE DEMOCRATIC NATIONAL CONVENTION,17,DEM,Nancy Werme,115,55,0,60
Beaver,DAUGHERTY TWP 2,DELEGATE TO THE DEMOCRATIC NATIONAL CONVENTION,17,DEM,Kaylee Werner,108,49,0,59
Beaver,DAUGHERTY TWP 2,DELEGATE TO THE DEMOCRATIC NATIONAL CONVENTION,17,DEM,Lisa M Baldis,103,46,0,57
Beaver,DAUGHERTY TWP 2,DELEGATE TO THE DEMOCRATIC NATIONAL CONVENTION,17,DEM,Dwan B Walker,99,46,0,53
Beaver,DAUGHERTY TWP 2,DELEGATE TO THE DEMOCRATIC NATIONAL CONVENTION,17,DEM,Kevin Kinross,99,44,0,55
Beaver,DAUGHERTY TWP 2,DELEGATE TO THE DEMOCRATIC NATIONAL CONVENTION,17,DEM,Mary Jane Jones-Gilliam,98,42,0,56
Beaver,DAUGHERTY TWP 2,DELEGATE TO THE DEMOCRATIC NATIONAL CONVENTION,17,DEM,Arvind Venkat,96,44,0,52
Beaver,DAUGHERTY TWP 2,DELEGATE TO THE DEMOCRATIC NATIONAL CONVENTION,17,DEM,Write-In Totals,10,10,0,0
Beaver,DAUGHERTY TWP 2,DELEGATE TO THE DEMOCRATIC NATIONAL CONVENTION,17,DEM,Not Assigned,10,10,0,0
Beaver,DAUGHERTY TWP 2,President,,REP,Donald J Trump,109,100,0,9
Beaver,DAUGHERTY TWP 2,President,,REP,Nikki R Haley,22,15,0,7
Beaver,DAUGHERTY TWP 2,President,,REP,Write-In Totals,4,2,0,2
Beaver,DAUGHERTY TWP 2,President,,REP,Not Assigned,4,2,0,2
Beaver,DAUGHERTY TWP 2,U.S. Senate,,REP,Dave Mccormick,116,101,0,15
Beaver,DAUGHERTY TWP 2,U.S. Senate,,REP,Joseph J Vodvarka,14,11,0,3
Beaver,DAUGHERTY TWP 2,U.S. Senate,,REP,Write-In Totals,2,0,0,2
Beaver,DAUGHERTY TWP 2,U.S. Senate,,REP,Not Assigned,2,0,0,2
Beaver,DAUGHERTY TWP 2,U.S. House,17,REP,Rob Mercuri,127,107,0,20
Beaver,DAUGHERTY TWP 2,U.S. House,17,REP,Write-In Totals,1,0,0,1
Beaver,DAUGHERTY TWP 2,U.S. House,17,REP,Not Assigned,1,0,0,1
Beaver,DAUGHERTY TWP 2,State Senate,47,REP,Elder Vogel Jr,139,118,0,21
Beaver,DAUGHERTY TWP 2,State Senate,47,REP,Write-In Totals,2,2,0,0
Beaver,DAUGHERTY TWP 2,State Senate,47,REP,Not Assigned,2,2,0,0
Beaver,DAUGHERTY TWP 2,State House,14,REP,Roman Kozak,130,111,0,19
Beaver,DAUGHERTY TWP 2,State House,14,REP,Write-In Totals,1,0,0,1
Beaver,DAUGHERTY TWP 2,State House,14,REP,Not Assigned,1,0,0,1
Beaver,DAUGHERTY TWP 2,DELEGATE TO THE REPUBLICAN NATIONAL CONVENTION,17,REP,Abby Kail,67,55,0,12
Beaver,DAUGHERTY TWP 2,DELEGATE TO THE REPUBLICAN NATIONAL CONVENTION,17,REP,Mike Mcmullen,47,41,0,6
Beaver,DAUGHERTY TWP 2,DELEGATE TO THE REPUBLICAN NATIONAL CONVENTION,17,REP,Jack Casey,42,38,0,4
Beaver,DAUGHERTY TWP 2,DELEGATE TO THE REPUBLICAN NATIONAL CONVENTION,17,REP,John Fredericks,41,33,0,8
Beaver,DAUGHERTY TWP 2,DELEGATE TO THE REPUBLICAN NATIONAL CONVENTION,17,REP,Toni Shuppe,35,27,0,8
Beaver,DAUGHERTY TWP 2,DELEGATE TO THE REPUBLICAN NATIONAL CONVENTION,17,REP,Bob Howard,33,27,0,6
Beaver,DAUGHERTY TWP 2,DELEGATE TO THE REPUBLICAN NATIONAL CONVENTION,17,REP,Veronica S Steinkirchner,33,24,0,9
Beaver,DAUGHERTY TWP 2,DELEGATE TO THE REPUBLICAN NATIONAL CONVENTION,17,REP,Vincent E Fusca,24,19,0,5
Beaver,DAUGHERTY TWP 2,DELEGATE TO THE REPUBLICAN NATIONAL CONVENTION,17,REP,Write-In Totals,0,0,0,0
Beaver,DAUGHERTY TWP 2,DELEGATE TO THE REPUBLICAN NATIONAL CONVENTION,17,REP,Not Assigned,0,0,0,0
Beaver,DAUGHERTY TWP 2,ALTERNATE DELEGATE TO THE REPUBLICAN NATIONAL CONVENTION,17,REP,Mike Mcmullen,76,61,0,15
Beaver,DAUGHERTY TWP 2,ALTERNATE DELEGATE TO THE REPUBLICAN NATIONAL CONVENTION,17,REP,Christine Mattarochia,74,58,0,16
Beaver,DAUGHERTY TWP 2,ALTERNATE DELEGATE TO THE REPUBLICAN NATIONAL CONVENTION,17,REP,Bob Hamilton,63,49,0,14
Beaver,DAUGHERTY TWP 2,ALTERNATE DELEGATE TO THE REPUBLICAN NATIONAL CONVENTION,17,REP,M J Costello,46,36,0,10
Beaver,DAUGHERTY TWP 2,ALTERNATE DELEGATE TO THE REPUBLICAN NATIONAL CONVENTION,17,REP,Write-In Totals,10,8,0,2
Beaver,DAUGHERTY TWP 2,ALTERNATE DELEGATE TO THE REPUBLICAN NATIONAL CONVENTION,17,REP,Not Assigned,10,8,0,2
Beaver,EAST ROCHESTER BORO,President,,DEM,Joseph R Biden Jr,41,19,0,22
Beaver,EAST ROCHESTER BORO,President,,DEM,Dean Phillips,5,2,0,3
Beaver,EAST ROCHESTER BORO,President,,DEM,Write-In Totals,2,2,0,0
Beaver,EAST ROCHESTER BORO,President,,DEM,Not Assigned,2,2,0,0
Beaver,EAST ROCHESTER BORO,U.S. Senate,,DEM,Robert P Casey Jr,44,20,0,24
Beaver,EAST ROCHESTER BORO,U.S. Senate,,DEM,William Parker,6,3,0,3
Beaver,EAST ROCHESTER BORO,U.S. Senate,,DEM,Write-In Totals,3,3,0,0
Beaver,EAST ROCHESTER BORO,U.S. Senate,,DEM,Not Assigned,3,3,0,0
Beaver,EAST ROCHESTER BORO,U.S. House,17,DEM,Chris Deluzio,51,26,0,25
Beaver,EAST ROCHESTER BORO,U.S. House,17,DEM,Write-In Totals,0,0,0,0
Beaver,EAST ROCHESTER BORO,U.S. House,17,DEM,Not Assigned,0,0,0,0
Beaver,EAST ROCHESTER BORO,State Senate,47,DEM,Write-In: Elder Vogel Jr.,7,2,0,5
Beaver,EAST ROCHESTER BORO,State Senate,47,DEM,Write-In: Kate Lennen,6,2,0,4
Beaver,EAST ROCHESTER BORO,State Senate,47,DEM,Write-In: Scattered,2,1,0,1
Beaver,EAST ROCHESTER BORO,State Senate,47,DEM,Write-In Totals,15,5,0,10
Beaver,EAST ROCHESTER BORO,State Senate,47,DEM,Not Assigned,0,0,0,0
Beaver,EAST ROCHESTER BORO,State House,16,DEM,Robert F Matzie,51,24,0,27
Beaver,EAST ROCHESTER BORO,State House,16,DEM,Write-In Totals,0,0,0,0
Beaver,EAST ROCHESTER BORO,State House,16,DEM,Not Assigned,0,0,0,0
Beaver,EAST ROCHESTER BORO,DELEGATE TO THE DEMOCRATIC NATIONAL CONVENTION,17,DEM,Kaylee Werner,43,19,0,24
Beaver,EAST ROCHESTER BORO,DELEGATE TO THE DEMOCRATIC NATIONAL CONVENTION,17,DEM,Nancy Werme,42,19,0,23
Beaver,EAST ROCHESTER BORO,DELEGATE TO THE DEMOCRATIC NATIONAL CONVENTION,17,DEM,Lisa M Baldis,40,18,0,22
Beaver,EAST ROCHESTER BORO,DELEGATE TO THE DEMOCRATIC NATIONAL CONVENTION,17,DEM,Dwan B Walker,39,17,0,22
Beaver,EAST ROCHESTER BORO,DELEGATE TO THE DEMOCRATIC NATIONAL CONVENTION,17,DEM,Arvind Venkat,38,17,0,21
Beaver,EAST ROCHESTER BORO,DELEGATE TO THE DEMOCRATIC NATIONAL CONVENTION,17,DEM,Mary Jane Jones-Gilliam,38,17,0,21
Beaver,EAST ROCHESTER BORO,DELEGATE TO THE DEMOCRATIC NATIONAL CONVENTION,17,DEM,Kevin Kinross,33,15,0,18
Beaver,EAST ROCHESTER BORO,DELEGATE TO THE DEMOCRATIC NATIONAL CONVENTION,17,DEM,Write-In Totals,0,0,0,0
Beaver,EAST ROCHESTER BORO,DELEGATE TO THE DEMOCRATIC NATIONAL CONVENTION,17,DEM,Not Assigned,0,0,0,0
Beaver,EAST ROCHESTER BORO,President,,REP,Donald J Trump,35,30,0,5
Beaver,EAST ROCHESTER BORO,President,,REP,Nikki R Haley,1,1,0,0
Beaver,EAST ROCHESTER BORO,President,,REP,Write-In Totals,0,0,0,0
Beaver,EAST ROCHESTER BORO,President,,REP,Not Assigned,0,0,0,0
Beaver,EAST ROCHESTER BORO,U.S. Senate,,REP,Dave Mccormick,33,29,0,4
Beaver,EAST ROCHESTER BORO,U.S. Senate,,REP,Joseph J Vodvarka,1,0,0,1
Beaver,EAST ROCHESTER BORO,U.S. Senate,,REP,Write-In Totals,0,0,0,0
Beaver,EAST ROCHESTER BORO,U.S. Senate,,REP,Not Assigned,0,0,0,0
Beaver,EAST ROCHESTER BORO,U.S. House,17,REP,Rob Mercuri,31,26,0,5
Beaver,EAST ROCHESTER BORO,U.S. House,17,REP,Write-In Totals,0,0,0,0
Beaver,EAST ROCHESTER BORO,U.S. House,17,REP,Not Assigned,0,0,0,0
Beaver,EAST ROCHESTER BORO,State Senate,47,REP,Elder Vogel Jr,35,30,0,5
Beaver,EAST ROCHESTER BORO,State Senate,47,REP,Write-In Totals,0,0,0,0
Beaver,EAST ROCHESTER BORO,State Senate,47,REP,Not Assigned,0,0,0,0
Beaver,EAST ROCHESTER BORO,State House,16,REP,Michael J Perich,33,29,0,4
Beaver,EAST ROCHESTER BORO,State House,16,REP,Write-In Totals,0,0,0,0
Beaver,EAST ROCHESTER BORO,State House,16,REP,Not Assigned,0,0,0,0
Beaver,EAST ROCHESTER BORO,DELEGATE TO THE REPUBLICAN NATIONAL CONVENTION,17,REP,Mike Mcmullen,16,15,0,1
Beaver,EAST ROCHESTER BORO,DELEGATE TO THE REPUBLICAN NATIONAL CONVENTION,17,REP,Jack Casey,13,13,0,0
Beaver,EAST ROCHESTER BORO,DELEGATE TO THE REPUBLICAN NATIONAL CONVENTION,17,REP,Abby Kail,13,11,0,2
Beaver,EAST ROCHESTER BORO,DELEGATE TO THE REPUBLICAN NATIONAL CONVENTION,17,REP,John Fredericks,11,9,0,2
Beaver,EAST ROCHESTER BORO,DELEGATE TO THE REPUBLICAN NATIONAL CONVENTION,17,REP,Veronica S Steinkirchner,9,8,0,1
Beaver,EAST ROCHESTER BORO,DELEGATE TO THE REPUBLICAN NATIONAL CONVENTION,17,REP,Toni Shuppe,8,6,0,2
Beaver,EAST ROCHESTER BORO,DELEGATE TO THE REPUBLICAN NATIONAL CONVENTION,17,REP,Bob Howard,6,6,0,0
Beaver,EAST ROCHESTER BORO,DELEGATE TO THE REPUBLICAN NATIONAL CONVENTION,17,REP,Vincent E Fusca,4,4,0,0
Beaver,EAST ROCHESTER BORO,DELEGATE TO THE REPUBLICAN NATIONAL CONVENTION,17,REP,Write-In Totals,1,0,0,1
Beaver,EAST ROCHESTER BORO,DELEGATE TO THE REPUBLICAN NATIONAL CONVENTION,17,REP,Not Assigned,1,0,0,1
Beaver,EAST ROCHESTER BORO,ALTERNATE DELEGATE TO THE REPUBLICAN NATIONAL CONVENTION,17,REP,Mike Mcmullen,23,22,0,1
Beaver,EAST ROCHESTER BORO,ALTERNATE DELEGATE TO THE REPUBLICAN NATIONAL CONVENTION,17,REP,Christine Mattarochia,20,16,0,4
Beaver,EAST ROCHESTER BORO,ALTERNATE DELEGATE TO THE REPUBLICAN NATIONAL CONVENTION,17,REP,Bob Hamilton,17,15,0,2
Beaver,EAST ROCHESTER BORO,ALTERNATE DELEGATE TO THE REPUBLICAN NATIONAL CONVENTION,17,REP,M J Costello,13,10,0,3
Beaver,EAST ROCHESTER BORO,ALTERNATE DELEGATE TO THE REPUBLICAN NATIONAL CONVENTION,17,REP,Write-In Totals,0,0,0,0
Beaver,EAST ROCHESTER BORO,ALTERNATE DELEGATE TO THE REPUBLICAN NATIONAL CONVENTION,17,REP,Not Assigned,0,0,0,0
Beaver,EASTVALE BORO,President,,DEM,Joseph R Biden Jr,11,8,0,3
Beaver,EASTVALE BORO,President,,DEM,Dean Phillips,2,2,0,0
Beaver,EASTVALE BORO,President,,DEM,Write-In Totals,0,0,0,0
Beaver,EASTVALE BORO,President,,DEM,Not Assigned,0,0,0,0
Beaver,EASTVALE BORO,U.S. Senate,,DEM,Robert P Casey Jr,10,8,0,2
Beaver,EASTVALE BORO,U.S. Senate,,DEM,William Parker,2,2,0,0
Beaver,EASTVALE BORO,U.S. Senate,,DEM,Write-In Totals,0,0,0,0
Beaver,EASTVALE BORO,U.S. Senate,,DEM,Not Assigned,0,0,0,0
Beaver,EASTVALE BORO,U.S. House,17,DEM,Chris Deluzio,12,10,0,2
Beaver,EASTVALE BORO,U.S. House,17,DEM,Write-In Totals,0,0,0,0
Beaver,EASTVALE BORO,U.S. House,17,DEM,Not Assigned,0,0,0,0
Beaver,EASTVALE BORO,State Senate,47,DEM,Write-In: Kate Lennen,3,2,0,1
Beaver,EASTVALE BORO,State Senate,47,DEM,Write-In: Scattered,1,1,0,0
Beaver,EASTVALE BORO,State Senate,47,DEM,Write-In: Elder Vogel Jr.,0,0,0,0
Beaver,EASTVALE BORO,State Senate,47,DEM,Write-In Totals,4,3,0,1
Beaver,EASTVALE BORO,State Senate,47,DEM,Not Assigned,0,0,0,0
Beaver,EASTVALE BORO,State House,14,DEM,Kenya Johns,12,9,0,3
Beaver,EASTVALE BORO,State House,14,DEM,Write-In Totals,0,0,0,0
Beaver,EASTVALE BORO,State House,14,DEM,Not Assigned,0,0,0,0
Beaver,EASTVALE BORO,DELEGATE TO THE DEMOCRATIC NATIONAL CONVENTION,17,DEM,Kaylee Werner,9,6,0,3
Beaver,EASTVALE BORO,DELEGATE TO THE DEMOCRATIC NATIONAL CONVENTION,17,DEM,Lisa M Baldis,8,5,0,3
Beaver,EASTVALE BORO,DELEGATE TO THE DEMOCRATIC NATIONAL CONVENTION,17,DEM,Mary Jane Jones-Gilliam,8,6,0,2
Beaver,EASTVALE BORO,DELEGATE TO THE DEMOCRATIC NATIONAL CONVENTION,17,DEM,Nancy Werme,8,5,0,3
Beaver,EASTVALE BORO,DELEGATE TO THE DEMOCRATIC NATIONAL CONVENTION,17,DEM,Arvind Venkat,7,5,0,2
Beaver,EASTVALE BORO,DELEGATE TO THE DEMOCRATIC NATIONAL CONVENTION,17,DEM,Dwan B Walker,7,5,0,2
Beaver,EASTVALE BORO,DELEGATE TO THE DEMOCRATIC NATIONAL CONVENTION,17,DEM,Kevin Kinross,7,5,0,2
Beaver,EASTVALE BORO,DELEGATE TO THE DEMOCRATIC NATIONAL CONVENTION,17,DEM,Write-In Totals,0,0,0,0
Beaver,EASTVALE BORO,DELEGATE TO THE DEMOCRATIC NATIONAL CONVENTION,17,DEM,Not Assigned,0,0,0,0
Beaver,EASTVALE BORO,President,,REP,Donald J Trump,18,18,0,0
Beaver,EASTVALE BORO,President,,REP,Nikki R Haley,2,2,0,0
Beaver,EASTVALE BORO,President,,REP,Write-In Totals,0,0,0,0
Beaver,EASTVALE BORO,President,,REP,Not Assigned,0,0,0,0
Beaver,EASTVALE BORO,U.S. Senate,,REP,Dave Mccormick,19,19,0,0
Beaver,EASTVALE BORO,U.S. Senate,,REP,Joseph J Vodvarka,0,0,0,0
Beaver,EASTVALE BORO,U.S. Senate,,REP,Write-In Totals,0,0,0,0
Beaver,EASTVALE BORO,U.S. Senate,,REP,Not Assigned,0,0,0,0
Beaver,EASTVALE BORO,U.S. House,17,REP,Rob Mercuri,18,18,0,0
Beaver,EASTVALE BORO,U.S. House,17,REP,Write-In Totals,0,0,0,0
Beaver,EASTVALE BORO,U.S. House,17,REP,Not Assigned,0,0,0,0
Beaver,EASTVALE BORO,State Senate,47,REP,Elder Vogel Jr,20,20,0,0
Beaver,EASTVALE BORO,State Senate,47,REP,Write-In Totals,0,0,0,0
Beaver,EASTVALE BORO,State Senate,47,REP,Not Assigned,0,0,0,0
Beaver,EASTVALE BORO,State House,14,REP,Roman Kozak,19,19,0,0
Beaver,EASTVALE BORO,State House,14,REP,Write-In Totals,0,0,0,0
Beaver,EASTVALE BORO,State House,14,REP,Not Assigned,0,0,0,0
Beaver,EASTVALE BORO,DELEGATE TO THE REPUBLICAN NATIONAL CONVENTION,17,REP,Mike Mcmullen,10,10,0,0
Beaver,EASTVALE BORO,DELEGATE TO THE REPUBLICAN NATIONAL CONVENTION,17,REP,Bob Howard,6,6,0,0
Beaver,EASTVALE BORO,DELEGATE TO THE REPUBLICAN NATIONAL CONVENTION,17,REP,Jack Casey,5,5,0,0
Beaver,EASTVALE BORO,DELEGATE TO THE REPUBLICAN NATIONAL CONVENTION,17,REP,Toni Shuppe,5,5,0,0
Beaver,EASTVALE BORO,DELEGATE TO THE REPUBLICAN NATIONAL CONVENTION,17,REP,Vincent E Fusca,5,5,0,0
Beaver,EASTVALE BORO,DELEGATE TO THE REPUBLICAN NATIONAL CONVENTION,17,REP,Abby Kail,3,3,0,0
Beaver,EASTVALE BORO,DELEGATE TO THE REPUBLICAN NATIONAL CONVENTION,17,REP,John Fredericks,2,2,0,0
Beaver,EASTVALE BORO,DELEGATE TO THE REPUBLICAN NATIONAL CONVENTION,17,REP,Veronica S Steinkirchner,1,1,0,0
Beaver,EASTVALE BORO,DELEGATE TO THE REPUBLICAN NATIONAL CONVENTION,17,REP,Write-In Totals,3,3,0,0
Beaver,EASTVALE BORO,DELEGATE TO THE REPUBLICAN NATIONAL CONVENTION,17,REP,Not Assigned,3,3,0,0
Beaver,EASTVALE BORO,ALTERNATE DELEGATE TO THE REPUBLICAN NATIONAL CONVENTION,17,REP,Bob Hamilton,8,8,0,0
Beaver,EASTVALE BORO,ALTERNATE DELEGATE TO THE REPUBLICAN NATIONAL CONVENTION,17,REP,Mike Mcmullen,5,5,0,0
Beaver,EASTVALE BORO,ALTERNATE DELEGATE TO THE REPUBLICAN NATIONAL CONVENTION,17,REP,Christine Mattarochia,5,5,0,0
Beaver,EASTVALE BORO,ALTERNATE DELEGATE TO THE REPUBLICAN NATIONAL CONVENTION,17,REP,M J Costello,5,5,0,0
Beaver,EASTVALE BORO,ALTERNATE DELEGATE TO THE REPUBLICAN NATIONAL CONVENTION,17,REP,Write-In Totals,3,3,0,0
Beaver,EASTVALE BORO,ALTERNATE DELEGATE TO THE REPUBLICAN NATIONAL CONVENTION,17,REP,Not Assigned,3,3,0,0
Beaver,ECONOMY BORO 1,President,,DEM,Joseph R Biden Jr,173,62,1,110
Beaver,ECONOMY BORO 1,President,,DEM,Dean Phillips,20,12,0,8
Beaver,ECONOMY BORO 1,President,,DEM,Write-In Totals,11,8,0,3
Beaver,ECONOMY BORO 1,President,,DEM,Not Assigned,11,8,0,3
Beaver,ECONOMY BORO 1,U.S. Senate,,DEM,Robert P Casey Jr,154,47,1,106
Beaver,ECONOMY BORO 1,U.S. Senate,,DEM,William Parker,42,28,0,14
Beaver,ECONOMY BORO 1,U.S. Senate,,DEM,Write-In Totals,6,4,0,2
Beaver,ECONOMY BORO 1,U.S. Senate,,DEM,Not Assigned,6,4,0,2
Beaver,ECONOMY BORO 1,U.S. House,17,DEM,Chris Deluzio,189,71,1,117
Beaver,ECONOMY BORO 1,U.S. House,17,DEM,Write-In Totals,8,7,0,1
Beaver,ECONOMY BORO 1,U.S. House,17,DEM,Not Assigned,8,7,0,1
Beaver,ECONOMY BORO 1,State Senate,47,DEM,Write-In: Kate Lennen,25,13,0,12
Beaver,ECONOMY BORO 1,State Senate,47,DEM,Write-In: Elder Vogel Jr.,14,5,1,8
Beaver,ECONOMY BORO 1,State Senate,47,DEM,Write-In: Scattered,12,7,0,5
Beaver,ECONOMY BORO 1,State Senate,47,DEM,Write-In Totals,51,25,1,25
Beaver,ECONOMY BORO 1,State Senate,47,DEM,Not Assigned,0,0,0,0
Beaver,ECONOMY BORO 1,State House,14,DEM,Kenya Johns,182,65,1,116
Beaver,ECONOMY BORO 1,State House,14,DEM,Write-In Totals,4,4,0,0
Beaver,ECONOMY BORO 1,State House,14,DEM,Not Assigned,4,4,0,0
Beaver,ECONOMY BORO 1,DELEGATE TO THE DEMOCRATIC NATIONAL CONVENTION,17,DEM,Kaylee Werner,162,61,1,100
Beaver,ECONOMY BORO 1,DELEGATE TO THE DEMOCRATIC NATIONAL CONVENTION,17,DEM,Mary Jane Jones-Gilliam,161,63,1,97
Beaver,ECONOMY BORO 1,DELEGATE TO THE DEMOCRATIC NATIONAL CONVENTION,17,DEM,Nancy Werme,161,59,1,101
Beaver,ECONOMY BORO 1,DELEGATE TO THE DEMOCRATIC NATIONAL CONVENTION,17,DEM,Lisa M Baldis,154,61,1,92
Beaver,ECONOMY BORO 1,DELEGATE TO THE DEMOCRATIC NATIONAL CONVENTION,17,DEM,Dwan B Walker,148,54,1,93
Beaver,ECONOMY BORO 1,DELEGATE TO THE DEMOCRATIC NATIONAL CONVENTION,17,DEM,Kevin Kinross,148,54,1,93
Beaver,ECONOMY BORO 1,DELEGATE TO THE DEMOCRATIC NATIONAL CONVENTION,17,DEM,Arvind Venkat,145,52,1,92
Beaver,ECONOMY BORO 1,DELEGATE TO THE DEMOCRATIC NATIONAL CONVENTION,17,DEM,Write-In Totals,7,7,0,0
Beaver,ECONOMY BORO 1,DELEGATE TO THE DEMOCRATIC NATIONAL CONVENTION,17,DEM,Not Assigned,7,7,0,0
Beaver,ECONOMY BORO 1,President,,REP,Donald J Trump,221,182,0,39
Beaver,ECONOMY BORO 1,President,,REP,Nikki R Haley,31,18,0,13
Beaver,ECONOMY BORO 1,President,,REP,Write-In Totals,7,2,0,5
Beaver,ECONOMY BORO 1,President,,REP,Not Assigned,7,2,0,5
Beaver,ECONOMY BORO 1,U.S. Senate,,REP,Dave Mccormick,234,187,0,47
Beaver,ECONOMY BORO 1,U.S. Senate,,REP,Joseph J Vodvarka,15,12,0,3
Beaver,ECONOMY BORO 1,U.S. Senate,,REP,Write-In Totals,3,0,0,3
Beaver,ECONOMY BORO 1,U.S. Senate,,REP,Not Assigned,3,0,0,3
Beaver,ECONOMY BORO 1,U.S. House,17,REP,Rob Mercuri,236,185,0,51
Beaver,ECONOMY BORO 1,U.S. House,17,REP,Write-In Totals,3,1,0,2
Beaver,ECONOMY BORO 1,U.S. House,17,REP,Not Assigned,3,1,0,2
Beaver,ECONOMY BORO 1,State Senate,47,REP,Elder Vogel Jr,245,191,0,54
Beaver,ECONOMY BORO 1,State Senate,47,REP,Write-In Totals,3,3,0,0
Beaver,ECONOMY BORO 1,State Senate,47,REP,Not Assigned,3,3,0,0
Beaver,ECONOMY BORO 1,State House,14,REP,Roman Kozak,236,184,0,52
Beaver,ECONOMY BORO 1,State House,14,REP,Write-In Totals,0,0,0,0
Beaver,ECONOMY BORO 1,State House,14,REP,Not Assigned,0,0,0,0
Beaver,ECONOMY BORO 1,DELEGATE TO THE REPUBLICAN NATIONAL CONVENTION,17,REP,John Fredericks,136,113,0,23
Beaver,ECONOMY BORO 1,DELEGATE TO THE REPUBLICAN NATIONAL CONVENTION,17,REP,Toni Shuppe,118,94,0,24
Beaver,ECONOMY BORO 1,DELEGATE TO THE REPUBLICAN NATIONAL CONVENTION,17,REP,Abby Kail,84,68,0,16
Beaver,ECONOMY BORO 1,DELEGATE TO THE REPUBLICAN NATIONAL CONVENTION,17,REP,Mike Mcmullen,81,65,0,16
Beaver,ECONOMY BORO 1,DELEGATE TO THE REPUBLICAN NATIONAL CONVENTION,17,REP,Jack Casey,58,42,0,16
Beaver,ECONOMY BORO 1,DELEGATE TO THE REPUBLICAN NATIONAL CONVENTION,17,REP,Veronica S Steinkirchner,56,41,0,15
Beaver,ECONOMY BORO 1,DELEGATE TO THE REPUBLICAN NATIONAL CONVENTION,17,REP,Bob Howard,48,34,0,14
Beaver,ECONOMY BORO 1,DELEGATE TO THE REPUBLICAN NATIONAL CONVENTION,17,REP,Vincent E Fusca,40,31,0,9
Beaver,ECONOMY BORO 1,DELEGATE TO THE REPUBLICAN NATIONAL CONVENTION,17,REP,Write-In Totals,3,2,0,1
Beaver,ECONOMY BORO 1,DELEGATE TO THE REPUBLICAN NATIONAL CONVENTION,17,REP,Not Assigned,3,2,0,1
Beaver,ECONOMY BORO 1,ALTERNATE DELEGATE TO THE REPUBLICAN NATIONAL CONVENTION,17,REP,Christine Mattarochia,163,125,0,38
Beaver,ECONOMY BORO 1,ALTERNATE DELEGATE TO THE REPUBLICAN NATIONAL CONVENTION,17,REP,Bob Hamilton,163,127,0,36
Beaver,ECONOMY BORO 1,ALTERNATE DELEGATE TO THE REPUBLICAN NATIONAL CONVENTION,17,REP,M J Costello,140,107,0,33
Beaver,ECONOMY BORO 1,ALTERNATE DELEGATE TO THE REPUBLICAN NATIONAL CONVENTION,17,REP,Mike Mcmullen,103,85,0,18
Beaver,ECONOMY BORO 1,ALTERNATE DELEGATE TO THE REPUBLICAN NATIONAL CONVENTION,17,REP,Write-In Totals,0,0,0,0
Beaver,ECONOMY BORO 1,ALTERNATE DELEGATE TO THE REPUBLICAN NATIONAL CONVENTION,17,REP,Not Assigned,0,0,0,0
Beaver,ECONOMY BORO 2,President,,DEM,Joseph R Biden Jr,166,53,2,111
Beaver,ECONOMY BORO 2,President,,DEM,Dean Phillips,22,10,0,12
Beaver,ECONOMY BORO 2,President,,DEM,Write-In Totals,6,5,0,1
Beaver,ECONOMY BORO 2,President,,DEM,Not Assigned,6,5,0,1
Beaver,ECONOMY BORO 2,U.S. Senate,,DEM,Robert P Casey Jr,161,51,1,109
Beaver,ECONOMY BORO 2,U.S. Senate,,DEM,William Parker,36,19,1,16
Beaver,ECONOMY BORO 2,U.S. Senate,,DEM,Write-In Totals,1,1,0,0
Beaver,ECONOMY BORO 2,U.S. Senate,,DEM,Not Assigned,1,1,0,0
Beaver,ECONOMY BORO 2,U.S. House,17,DEM,Chris Deluzio,192,69,2,121
Beaver,ECONOMY BORO 2,U.S. House,17,DEM,Write-In Totals,1,1,0,0
Beaver,ECONOMY BORO 2,U.S. House,17,DEM,Not Assigned,1,1,0,0
Beaver,ECONOMY BORO 2,State Senate,47,DEM,Write-In: Elder Vogel Jr.,17,4,0,13
Beaver,ECONOMY BORO 2,State Senate,47,DEM,Write-In: Kate Lennen,16,6,0,10
Beaver,ECONOMY BORO 2,State Senate,47,DEM,Write-In: Scattered,11,7,0,4
Beaver,ECONOMY BORO 2,State Senate,47,DEM,Write-In Totals,44,17,0,27
Beaver,ECONOMY BORO 2,State Senate,47,DEM,Not Assigned,0,0,0,0
Beaver,ECONOMY BORO 2,State House,14,DEM,Kenya Johns,187,67,2,118
Beaver,ECONOMY BORO 2,State House,14,DEM,Write-In Totals,0,0,0,0
Beaver,ECONOMY BORO 2,State House,14,DEM,Not Assigned,0,0,0,0
Beaver,ECONOMY BORO 2,DELEGATE TO THE DEMOCRATIC NATIONAL CONVENTION,17,DEM,Kaylee Werner,164,53,2,109
Beaver,ECONOMY BORO 2,DELEGATE TO THE DEMOCRATIC NATIONAL CONVENTION,17,DEM,Nancy Werme,164,53,2,109
Beaver,ECONOMY BORO 2,DELEGATE TO THE DEMOCRATIC NATIONAL CONVENTION,17,DEM,Lisa M Baldis,160,50,2,108
Beaver,ECONOMY BORO 2,DELEGATE TO THE DEMOCRATIC NATIONAL CONVENTION,17,DEM,Mary Jane Jones-Gilliam,158,49,2,107
Beaver,ECONOMY BORO 2,DELEGATE TO THE DEMOCRATIC NATIONAL CONVENTION,17,DEM,Dwan B Walker,156,49,2,105
Beaver,ECONOMY BORO 2,DELEGATE TO THE DEMOCRATIC NATIONAL CONVENTION,17,DEM,Arvind Venkat,153,46,2,105
Beaver,ECONOMY BORO 2,DELEGATE TO THE DEMOCRATIC NATIONAL CONVENTION,17,DEM,Kevin Kinross,148,43,2,103
Beaver,ECONOMY BORO 2,DELEGATE TO THE DEMOCRATIC NATIONAL CONVENTION,17,DEM,Write-In Totals,0,0,0,0
Beaver,ECONOMY BORO 2,DELEGATE TO THE DEMOCRATIC NATIONAL CONVENTION,17,DEM,Not Assigned,0,0,0,0
Beaver,ECONOMY BORO 2,President,,REP,Donald J Trump,164,140,0,24
Beaver,ECONOMY BORO 2,President,,REP,Nikki R Haley,36,23,0,13
Beaver,ECONOMY BORO 2,President,,REP,Write-In Totals,5,4,0,1
Beaver,ECONOMY BORO 2,President,,REP,Not Assigned,5,4,0,1
Beaver,ECONOMY BORO 2,U.S. Senate,,REP,Dave Mccormick,175,147,0,28
Beaver,ECONOMY BORO 2,U.S. Senate,,REP,Joseph J Vodvarka,18,12,0,6
Beaver,ECONOMY BORO 2,U.S. Senate,,REP,Write-In Totals,2,2,0,0
Beaver,ECONOMY BORO 2,U.S. Senate,,REP,Not Assigned,2,2,0,0
Beaver,ECONOMY BORO 2,U.S. House,17,REP,Rob Mercuri,181,153,0,28
Beaver,ECONOMY BORO 2,U.S. House,17,REP,Write-In Totals,3,2,0,1
Beaver,ECONOMY BORO 2,U.S. House,17,REP,Not Assigned,3,2,0,1
Beaver,ECONOMY BORO 2,State Senate,47,REP,Elder Vogel Jr,191,160,0,31
Beaver,ECONOMY BORO 2,State Senate,47,REP,Write-In Totals,3,3,0,0
Beaver,ECONOMY BORO 2,State Senate,47,REP,Not Assigned,3,3,0,0
Beaver,ECONOMY BORO 2,State House,14,REP,Roman Kozak,188,163,0,25
Beaver,ECONOMY BORO 2,State House,14,REP,Write-In Totals,0,0,0,0
Beaver,ECONOMY BORO 2,State House,14,REP,Not Assigned,0,0,0,0
Beaver,ECONOMY BORO 2,DELEGATE TO THE REPUBLICAN NATIONAL CONVENTION,17,REP,Mike Mcmullen,92,79,0,13
Beaver,ECONOMY BORO 2,DELEGATE TO THE REPUBLICAN NATIONAL CONVENTION,17,REP,John Fredericks,78,70,0,8
Beaver,ECONOMY BORO 2,DELEGATE TO THE REPUBLICAN NATIONAL CONVENTION,17,REP,Abby Kail,71,58,0,13
Beaver,ECONOMY BORO 2,DELEGATE TO THE REPUBLICAN NATIONAL CONVENTION,17,REP,Toni Shuppe,67,55,0,12
Beaver,ECONOMY BORO 2,DELEGATE TO THE REPUBLICAN NATIONAL CONVENTION,17,REP,Jack Casey,60,48,0,12
Beaver,ECONOMY BORO 2,DELEGATE TO THE REPUBLICAN NATIONAL CONVENTION,17,REP,Bob Howard,46,39,0,7
Beaver,ECONOMY BORO 2,DELEGATE TO THE REPUBLICAN NATIONAL CONVENTION,17,REP,Veronica S Steinkirchner,46,38,0,8
Beaver,ECONOMY BORO 2,DELEGATE TO THE REPUBLICAN NATIONAL CONVENTION,17,REP,Vincent E Fusca,22,21,0,1
Beaver,ECONOMY BORO 2,DELEGATE TO THE REPUBLICAN NATIONAL CONVENTION,17,REP,Write-In Totals,4,4,0,0
Beaver,ECONOMY BORO 2,DELEGATE TO THE REPUBLICAN NATIONAL CONVENTION,17,REP,Not Assigned,4,4,0,0
Beaver,ECONOMY BORO 2,ALTERNATE DELEGATE TO THE REPUBLICAN NATIONAL CONVENTION,17,REP,Mike Mcmullen,111,94,0,17
Beaver,ECONOMY BORO 2,ALTERNATE DELEGATE TO THE REPUBLICAN NATIONAL CONVENTION,17,REP,Christine Mattarochia,98,81,0,17
Beaver,ECONOMY BORO 2,ALTERNATE DELEGATE TO THE REPUBLICAN NATIONAL CONVENTION,17,REP,Bob Hamilton,96,78,0,18
Beaver,ECONOMY BORO 2,ALTERNATE DELEGATE TO THE REPUBLICAN NATIONAL CONVENTION,17,REP,M J Costello,89,76,0,13
Beaver,ECONOMY BORO 2,ALTERNATE DELEGATE TO THE REPUBLICAN NATIONAL CONVENTION,17,REP,Write-In Totals,1,1,0,0
Beaver,ECONOMY BORO 2,ALTERNATE DELEGATE TO THE REPUBLICAN NATIONAL CONVENTION,17,REP,Not Assigned,1,1,0,0
Beaver,ECONOMY BORO 3,President,,DEM,Joseph R Biden Jr,174,56,1,117
Beaver,ECONOMY BORO 3,President,,DEM,Dean Phillips,23,16,0,7
Beaver,ECONOMY BORO 3,President,,DEM,Write-In Totals,10,8,0,2
Beaver,ECONOMY BORO 3,President,,DEM,Not Assigned,10,8,0,2
Beaver,ECONOMY BORO 3,U.S. Senate,,DEM,Robert P Casey Jr,160,55,0,105
Beaver,ECONOMY BORO 3,U.S. Senate,,DEM,William Parker,39,21,1,17
Beaver,ECONOMY BORO 3,U.S. Senate,,DEM,Write-In Totals,9,6,0,3
Beaver,ECONOMY BORO 3,U.S. Senate,,DEM,Not Assigned,9,6,0,3
Beaver,ECONOMY BORO 3,U.S. House,17,DEM,Chris Deluzio,201,75,1,125
Beaver,ECONOMY BORO 3,U.S. House,17,DEM,Write-In Totals,2,2,0,0
Beaver,ECONOMY BORO 3,U.S. House,17,DEM,Not Assigned,2,2,0,0
Beaver,ECONOMY BORO 3,State Senate,47,DEM,Write-In: Kate Lennen,78,22,0,56
Beaver,ECONOMY BORO 3,State Senate,47,DEM,Write-In: Scattered,11,9,0,2
Beaver,ECONOMY BORO 3,State Senate,47,DEM,Write-In: Elder Vogel Jr.,9,7,0,2
Beaver,ECONOMY BORO 3,State Senate,47,DEM,Write-In Totals,98,38,0,60
Beaver,ECONOMY BORO 3,State Senate,47,DEM,Not Assigned,0,0,0,0
Beaver,ECONOMY BORO 3,State House,14,DEM,Kenya Johns,185,66,1,118
Beaver,ECONOMY BORO 3,State House,14,DEM,Write-In Totals,5,3,0,2
Beaver,ECONOMY BORO 3,State House,14,DEM,Not Assigned,5,3,0,2
Beaver,ECONOMY BORO 3,DELEGATE TO THE DEMOCRATIC NATIONAL CONVENTION,17,DEM,Kaylee Werner,171,59,1,111
Beaver,ECONOMY BORO 3,DELEGATE TO THE DEMOCRATIC NATIONAL CONVENTION,17,DEM,Mary Jane Jones-Gilliam,169,57,1,111
Beaver,ECONOMY BORO 3,DELEGATE TO THE DEMOCRATIC NATIONAL CONVENTION,17,DEM,Nancy Werme,169,60,1,108
Beaver,ECONOMY BORO 3,DELEGATE TO THE DEMOCRATIC NATIONAL CONVENTION,17,DEM,Lisa M Baldis,167,55,1,111
Beaver,ECONOMY BORO 3,DELEGATE TO THE DEMOCRATIC NATIONAL CONVENTION,17,DEM,Arvind Venkat,155,51,0,104
Beaver,ECONOMY BORO 3,DELEGATE TO THE DEMOCRATIC NATIONAL CONVENTION,17,DEM,Dwan B Walker,153,51,0,102
Beaver,ECONOMY BORO 3,DELEGATE TO THE DEMOCRATIC NATIONAL CONVENTION,17,DEM,Kevin Kinross,153,51,0,102
Beaver,ECONOMY BORO 3,DELEGATE TO THE DEMOCRATIC NATIONAL CONVENTION,17,DEM,Write-In Totals,10,9,0,1
Beaver,ECONOMY BORO 3,DELEGATE TO THE DEMOCRATIC NATIONAL CONVENTION,17,DEM,Not Assigned,10,9,0,1
Beaver,ECONOMY BORO 3,President,,REP,Donald J Trump,129,118,0,11
Beaver,ECONOMY BORO 3,President,,REP,Nikki R Haley,23,16,0,7
Beaver,ECONOMY BORO 3,President,,REP,Write-In Totals,2,0,0,2
Beaver,ECONOMY BORO 3,President,,REP,Not Assigned,2,0,0,2
Beaver,ECONOMY BORO 3,U.S. Senate,,REP,Dave Mccormick,140,126,0,14
Beaver,ECONOMY BORO 3,U.S. Senate,,REP,Joseph J Vodvarka,13,7,0,6
Beaver,ECONOMY BORO 3,U.S. Senate,,REP,Write-In Totals,1,0,0,1
Beaver,ECONOMY BORO 3,U.S. Senate,,REP,Not Assigned,1,0,0,1
Beaver,ECONOMY BORO 3,U.S. House,17,REP,Rob Mercuri,140,122,0,18
Beaver,ECONOMY BORO 3,U.S. House,17,REP,Write-In Totals,0,0,0,0
Beaver,ECONOMY BORO 3,U.S. House,17,REP,Not Assigned,0,0,0,0
Beaver,ECONOMY BORO 3,State Senate,47,REP,Elder Vogel Jr,153,132,0,21
Beaver,ECONOMY BORO 3,State Senate,47,REP,Write-In Totals,1,1,0,0
Beaver,ECONOMY BORO 3,State Senate,47,REP,Not Assigned,1,1,0,0
Beaver,ECONOMY BORO 3,State House,14,REP,Roman Kozak,146,126,0,20
Beaver,ECONOMY BORO 3,State House,14,REP,Write-In Totals,2,2,0,0
Beaver,ECONOMY BORO 3,State House,14,REP,Not Assigned,2,2,0,0
Beaver,ECONOMY BORO 3,DELEGATE TO THE REPUBLICAN NATIONAL CONVENTION,17,REP,Abby Kail,59,51,0,8
Beaver,ECONOMY BORO 3,DELEGATE TO THE REPUBLICAN NATIONAL CONVENTION,17,REP,John Fredericks,58,50,0,8
Beaver,ECONOMY BORO 3,DELEGATE TO THE REPUBLICAN NATIONAL CONVENTION,17,REP,Veronica S Steinkirchner,55,47,0,8
Beaver,ECONOMY BORO 3,DELEGATE TO THE REPUBLICAN NATIONAL CONVENTION,17,REP,Mike Mcmullen,49,41,0,8
Beaver,ECONOMY BORO 3,DELEGATE TO THE REPUBLICAN NATIONAL CONVENTION,17,REP,Jack Casey,46,41,0,5
Beaver,ECONOMY BORO 3,DELEGATE TO THE REPUBLICAN NATIONAL CONVENTION,17,REP,Toni Shuppe,36,31,0,5
Beaver,ECONOMY BORO 3,DELEGATE TO THE REPUBLICAN NATIONAL CONVENTION,17,REP,Bob Howard,35,29,0,6
Beaver,ECONOMY BORO 3,DELEGATE TO THE REPUBLICAN NATIONAL CONVENTION,17,REP,Vincent E Fusca,27,24,0,3
Beaver,ECONOMY BORO 3,DELEGATE TO THE REPUBLICAN NATIONAL CONVENTION,17,REP,Write-In Totals,0,0,0,0
Beaver,ECONOMY BORO 3,DELEGATE TO THE REPUBLICAN NATIONAL CONVENTION,17,REP,Not Assigned,0,0,0,0
Beaver,ECONOMY BORO 3,ALTERNATE DELEGATE TO THE REPUBLICAN NATIONAL CONVENTION,17,REP,Mike Mcmullen,81,73,0,8
Beaver,ECONOMY BORO 3,ALTERNATE DELEGATE TO THE REPUBLICAN NATIONAL CONVENTION,17,REP,Christine Mattarochia,77,64,0,13
Beaver,ECONOMY BORO 3,ALTERNATE DELEGATE TO THE REPUBLICAN NATIONAL CONVENTION,17,REP,Bob Hamilton,70,57,0,13
Beaver,ECONOMY BORO 3,ALTERNATE DELEGATE TO THE REPUBLICAN NATIONAL CONVENTION,17,REP,M J Costello,70,61,0,9
Beaver,ECONOMY BORO 3,ALTERNATE DELEGATE TO THE REPUBLICAN NATIONAL CONVENTION,17,REP,Write-In Totals,0,0,0,0
Beaver,ECONOMY BORO 3,ALTERNATE DELEGATE TO THE REPUBLICAN NATIONAL CONVENTION,17,REP,Not Assigned,0,0,0,0
Beaver,ECONOMY BORO 4,President,,DEM,Joseph R Biden Jr,179,77,0,102
Beaver,ECONOMY BORO 4,President,,DEM,Dean Phillips,19,16,0,3
Beaver,ECONOMY BORO 4,President,,DEM,Write-In Totals,15,14,0,1
Beaver,ECONOMY BORO 4,President,,DEM,Not Assigned,15,14,0,1
Beaver,ECONOMY BORO 4,U.S. Senate,,DEM,Robert P Casey Jr,170,82,0,88
Beaver,ECONOMY BORO 4,U.S. Senate,,DEM,William Parker,34,18,0,16
Beaver,ECONOMY BORO 4,U.S. Senate,,DEM,Write-In Totals,6,5,0,1
Beaver,ECONOMY BORO 4,U.S. Senate,,DEM,Not Assigned,6,5,0,1
Beaver,ECONOMY BORO 4,U.S. House,17,DEM,Chris Deluzio,205,103,0,102
Beaver,ECONOMY BORO 4,U.S. House,17,DEM,Write-In Totals,2,2,0,0
Beaver,ECONOMY BORO 4,U.S. House,17,DEM,Not Assigned,2,2,0,0
Beaver,ECONOMY BORO 4,State Senate,47,DEM,Write-In: Kate Lennen,21,9,0,12
Beaver,ECONOMY BORO 4,State Senate,47,DEM,Write-In: Elder Vogel Jr.,17,11,0,6
Beaver,ECONOMY BORO 4,State Senate,47,DEM,Write-In: Scattered,9,6,0,3
Beaver,ECONOMY BORO 4,State Senate,47,DEM,Write-In Totals,47,26,0,21
Beaver,ECONOMY BORO 4,State Senate,47,DEM,Not Assigned,0,0,0,0
Beaver,ECONOMY BORO 4,State House,14,DEM,Kenya Johns,199,99,0,100
Beaver,ECONOMY BORO 4,State House,14,DEM,Write-In Totals,2,2,0,0
Beaver,ECONOMY BORO 4,State House,14,DEM,Not Assigned,2,2,0,0
Beaver,ECONOMY BORO 4,DELEGATE TO THE DEMOCRATIC NATIONAL CONVENTION,17,DEM,Nancy Werme,177,79,0,98
Beaver,ECONOMY BORO 4,DELEGATE TO THE DEMOCRATIC NATIONAL CONVENTION,17,DEM,Kaylee Werner,174,81,0,93
Beaver,ECONOMY BORO 4,DELEGATE TO THE DEMOCRATIC NATIONAL CONVENTION,17,DEM,Lisa M Baldis,169,77,0,92
Beaver,ECONOMY BORO 4,DELEGATE TO THE DEMOCRATIC NATIONAL CONVENTION,17,DEM,Mary Jane Jones-Gilliam,167,78,0,89
Beaver,ECONOMY BORO 4,DELEGATE TO THE DEMOCRATIC NATIONAL CONVENTION,17,DEM,Dwan B Walker,161,72,0,89
Beaver,ECONOMY BORO 4,DELEGATE TO THE DEMOCRATIC NATIONAL CONVENTION,17,DEM,Kevin Kinross,159,72,0,87
Beaver,ECONOMY BORO 4,DELEGATE TO THE DEMOCRATIC NATIONAL CONVENTION,17,DEM,Arvind Venkat,156,69,0,87
Beaver,ECONOMY BORO 4,DELEGATE TO THE DEMOCRATIC NATIONAL CONVENTION,17,DEM,Write-In Totals,2,2,0,0
Beaver,ECONOMY BORO 4,DELEGATE TO THE DEMOCRATIC NATIONAL CONVENTION,17,DEM,Not Assigned,2,2,0,0
Beaver,ECONOMY BORO 4,President,,REP,Donald J Trump,151,139,0,12
Beaver,ECONOMY BORO 4,President,,REP,Nikki R Haley,35,20,1,14
Beaver,ECONOMY BORO 4,President,,REP,Write-In Totals,5,0,0,5
Beaver,ECONOMY BORO 4,President,,REP,Not Assigned,5,0,0,5
Beaver,ECONOMY BORO 4,U.S. Senate,,REP,Dave Mccormick,160,138,1,21
Beaver,ECONOMY BORO 4,U.S. Senate,,REP,Joseph J Vodvarka,25,18,0,7
Beaver,ECONOMY BORO 4,U.S. Senate,,REP,Write-In Totals,3,2,0,1
Beaver,ECONOMY BORO 4,U.S. Senate,,REP,Not Assigned,3,2,0,1
Beaver,ECONOMY BORO 4,U.S. House,17,REP,Rob Mercuri,176,146,0,30
Beaver,ECONOMY BORO 4,U.S. House,17,REP,Write-In Totals,1,1,0,0
Beaver,ECONOMY BORO 4,U.S. House,17,REP,Not Assigned,1,1,0,0
Beaver,ECONOMY BORO 4,State Senate,47,REP,Elder Vogel Jr,180,149,0,31
Beaver,ECONOMY BORO 4,State Senate,47,REP,Write-In Totals,5,4,0,1
Beaver,ECONOMY BORO 4,State Senate,47,REP,Not Assigned,5,4,0,1
Beaver,ECONOMY BORO 4,State House,14,REP,Roman Kozak,172,144,0,28
Beaver,ECONOMY BORO 4,State House,14,REP,Write-In Totals,3,1,0,2
Beaver,ECONOMY BORO 4,State House,14,REP,Not Assigned,3,1,0,2
Beaver,ECONOMY BORO 4,DELEGATE TO THE REPUBLICAN NATIONAL CONVENTION,17,REP,Mike Mcmullen,81,72,0,9
Beaver,ECONOMY BORO 4,DELEGATE TO THE REPUBLICAN NATIONAL CONVENTION,17,REP,Abby Kail,68,57,1,10
Beaver,ECONOMY BORO 4,DELEGATE TO THE REPUBLICAN NATIONAL CONVENTION,17,REP,John Fredericks,67,56,0,11
Beaver,ECONOMY BORO 4,DELEGATE TO THE REPUBLICAN NATIONAL CONVENTION,17,REP,Toni Shuppe,59,44,0,15
Beaver,ECONOMY BORO 4,DELEGATE TO THE REPUBLICAN NATIONAL CONVENTION,17,REP,Bob Howard,58,50,0,8
Beaver,ECONOMY BORO 4,DELEGATE TO THE REPUBLICAN NATIONAL CONVENTION,17,REP,Jack Casey,56,44,0,12
Beaver,ECONOMY BORO 4,DELEGATE TO THE REPUBLICAN NATIONAL CONVENTION,17,REP,Veronica S Steinkirchner,46,37,1,8
Beaver,ECONOMY BORO 4,DELEGATE TO THE REPUBLICAN NATIONAL CONVENTION,17,REP,Vincent E Fusca,29,27,0,2
Beaver,ECONOMY BORO 4,DELEGATE TO THE REPUBLICAN NATIONAL CONVENTION,17,REP,Write-In Totals,4,1,0,3
Beaver,ECONOMY BORO 4,DELEGATE TO THE REPUBLICAN NATIONAL CONVENTION,17,REP,Not Assigned,4,1,0,3
Beaver,ECONOMY BORO 4,ALTERNATE DELEGATE TO THE REPUBLICAN NATIONAL CONVENTION,17,REP,Mike Mcmullen,116,102,0,14
Beaver,ECONOMY BORO 4,ALTERNATE DELEGATE TO THE REPUBLICAN NATIONAL CONVENTION,17,REP,Christine Mattarochia,91,70,1,20
Beaver,ECONOMY BORO 4,ALTERNATE DELEGATE TO THE REPUBLICAN NATIONAL CONVENTION,17,REP,Bob Hamilton,84,70,0,14
Beaver,ECONOMY BORO 4,ALTERNATE DELEGATE TO THE REPUBLICAN NATIONAL CONVENTION,17,REP,M J Costello,74,59,0,15
Beaver,ECONOMY BORO 4,ALTERNATE DELEGATE TO THE REPUBLICAN NATIONAL CONVENTION,17,REP,Write-In Totals,4,1,0,3
Beaver,ECONOMY BORO 4,ALTERNATE DELEGATE TO THE REPUBLICAN NATIONAL CONVENTION,17,REP,Not Assigned,4,1,0,3
Beaver,ECONOMY BORO 5,President,,DEM,Joseph R Biden Jr,117,72,0,45
Beaver,ECONOMY BORO 5,President,,DEM,Dean Phillips,16,12,0,4
Beaver,ECONOMY BORO 5,President,,DEM,Write-In Totals,9,9,0,0
Beaver,ECONOMY BORO 5,President,,DEM,Not Assigned,9,9,0,0
Beaver,ECONOMY BORO 5,U.S. Senate,,DEM,Robert P Casey Jr,115,70,0,45
Beaver,ECONOMY BORO 5,U.S. Senate,,DEM,William Parker,29,23,0,6
Beaver,ECONOMY BORO 5,U.S. Senate,,DEM,Write-In Totals,2,2,0,0
Beaver,ECONOMY BORO 5,U.S. Senate,,DEM,Not Assigned,2,2,0,0
Beaver,ECONOMY BORO 5,U.S. House,17,DEM,Chris Deluzio,136,91,0,45
Beaver,ECONOMY BORO 5,U.S. House,17,DEM,Write-In Totals,0,0,0,0
Beaver,ECONOMY BORO 5,U.S. House,17,DEM,Not Assigned,0,0,0,0
Beaver,ECONOMY BORO 5,State Senate,47,DEM,Write-In: Kate Lennen,18,14,0,4
Beaver,ECONOMY BORO 5,State Senate,47,DEM,Write-In: Elder Vogel Jr.,11,9,0,2
Beaver,ECONOMY BORO 5,State Senate,47,DEM,Write-In: Scattered,6,4,0,2
Beaver,ECONOMY BORO 5,State Senate,47,DEM,Write-In Totals,35,27,0,8
Beaver,ECONOMY BORO 5,State Senate,47,DEM,Not Assigned,0,0,0,0
Beaver,ECONOMY BORO 5,State House,14,DEM,Kenya Johns,129,85,0,44
Beaver,ECONOMY BORO 5,State House,14,DEM,Write-In Totals,1,1,0,0
Beaver,ECONOMY BORO 5,State House,14,DEM,Not Assigned,1,1,0,0
Beaver,ECONOMY BORO 5,DELEGATE TO THE DEMOCRATIC NATIONAL CONVENTION,17,DEM,Nancy Werme,118,76,0,42
Beaver,ECONOMY BORO 5,DELEGATE TO THE DEMOCRATIC NATIONAL CONVENTION,17,DEM,Kaylee Werner,117,73,0,44
Beaver,ECONOMY BORO 5,DELEGATE TO THE DEMOCRATIC NATIONAL CONVENTION,17,DEM,Lisa M Baldis,110,68,0,42
Beaver,ECONOMY BORO 5,DELEGATE TO THE DEMOCRATIC NATIONAL CONVENTION,17,DEM,Arvind Venkat,105,66,0,39
Beaver,ECONOMY BORO 5,DELEGATE TO THE DEMOCRATIC NATIONAL CONVENTION,17,DEM,Kevin Kinross,105,66,0,39
Beaver,ECONOMY BORO 5,DELEGATE TO THE DEMOCRATIC NATIONAL CONVENTION,17,DEM,Dwan B Walker,104,69,0,35
Beaver,ECONOMY BORO 5,DELEGATE TO THE DEMOCRATIC NATIONAL CONVENTION,17,DEM,Mary Jane Jones-Gilliam,103,64,0,39
Beaver,ECONOMY BORO 5,DELEGATE TO THE DEMOCRATIC NATIONAL CONVENTION,17,DEM,Write-In Totals,1,1,0,0
Beaver,ECONOMY BORO 5,DELEGATE TO THE DEMOCRATIC NATIONAL CONVENTION,17,DEM,Not Assigned,1,1,0,0
Beaver,ECONOMY BORO 5,President,,REP,Donald J Trump,121,113,0,8
Beaver,ECONOMY BORO 5,President,,REP,Nikki R Haley,9,8,0,1
Beaver,ECONOMY BORO 5,President,,REP,Write-In Totals,4,1,0,3
Beaver,ECONOMY BORO 5,President,,REP,Not Assigned,4,1,0,3
Beaver,ECONOMY BORO 5,U.S. Senate,,REP,Dave Mccormick,119,109,0,10
Beaver,ECONOMY BORO 5,U.S. Senate,,REP,Joseph J Vodvarka,9,8,0,1
Beaver,ECONOMY BORO 5,U.S. Senate,,REP,Write-In Totals,1,0,0,1
Beaver,ECONOMY BORO 5,U.S. Senate,,REP,Not Assigned,1,0,0,1
Beaver,ECONOMY BORO 5,U.S. House,17,REP,Rob Mercuri,115,106,0,9
Beaver,ECONOMY BORO 5,U.S. House,17,REP,Write-In Totals,1,0,0,1
Beaver,ECONOMY BORO 5,U.S. House,17,REP,Not Assigned,1,0,0,1
Beaver,ECONOMY BORO 5,State Senate,47,REP,Elder Vogel Jr,123,111,0,12
Beaver,ECONOMY BORO 5,State Senate,47,REP,Write-In Totals,2,2,0,0
Beaver,ECONOMY BORO 5,State Senate,47,REP,Not Assigned,2,2,0,0
Beaver,ECONOMY BORO 5,State House,14,REP,Roman Kozak,112,102,0,10
Beaver,ECONOMY BORO 5,State House,14,REP,Write-In Totals,1,1,0,0
Beaver,ECONOMY BORO 5,State House,14,REP,Not Assigned,1,1,0,0
Beaver,ECONOMY BORO 5,DELEGATE TO THE REPUBLICAN NATIONAL CONVENTION,17,REP,Mike Mcmullen,53,48,0,5
Beaver,ECONOMY BORO 5,DELEGATE TO THE REPUBLICAN NATIONAL CONVENTION,17,REP,Abby Kail,48,45,0,3
Beaver,ECONOMY BORO 5,DELEGATE TO THE REPUBLICAN NATIONAL CONVENTION,17,REP,John Fredericks,48,45,0,3
Beaver,ECONOMY BORO 5,DELEGATE TO THE REPUBLICAN NATIONAL CONVENTION,17,REP,Veronica S Steinkirchner,43,41,0,2
Beaver,ECONOMY BORO 5,DELEGATE TO THE REPUBLICAN NATIONAL CONVENTION,17,REP,Jack Casey,37,34,0,3
Beaver,ECONOMY BORO 5,DELEGATE TO THE REPUBLICAN NATIONAL CONVENTION,17,REP,Bob Howard,37,31,0,6
Beaver,ECONOMY BORO 5,DELEGATE TO THE REPUBLICAN NATIONAL CONVENTION,17,REP,Toni Shuppe,24,22,0,2
Beaver,ECONOMY BORO 5,DELEGATE TO THE REPUBLICAN NATIONAL CONVENTION,17,REP,Vincent E Fusca,16,14,0,2
Beaver,ECONOMY BORO 5,DELEGATE TO THE REPUBLICAN NATIONAL CONVENTION,17,REP,Write-In Totals,0,0,0,0
Beaver,ECONOMY BORO 5,DELEGATE TO THE REPUBLICAN NATIONAL CONVENTION,17,REP,Not Assigned,0,0,0,0
Beaver,ECONOMY BORO 5,ALTERNATE DELEGATE TO THE REPUBLICAN NATIONAL CONVENTION,17,REP,Mike Mcmullen,75,68,0,7
Beaver,ECONOMY BORO 5,ALTERNATE DELEGATE TO THE REPUBLICAN NATIONAL CONVENTION,17,REP,Bob Hamilton,62,56,0,6
Beaver,ECONOMY BORO 5,ALTERNATE DELEGATE TO THE REPUBLICAN NATIONAL CONVENTION,17,REP,Christine Mattarochia,58,55,0,3
Beaver,ECONOMY BORO 5,ALTERNATE DELEGATE TO THE REPUBLICAN NATIONAL CONVENTION,17,REP,M J Costello,53,47,0,6
Beaver,ECONOMY BORO 5,ALTERNATE DELEGATE TO THE REPUBLICAN NATIONAL CONVENTION,17,REP,Write-In Totals,2,1,0,1
Beaver,ECONOMY BORO 5,ALTERNATE DELEGATE TO THE REPUBLICAN NATIONAL CONVENTION,17,REP,Not Assigned,2,1,0,1
Beaver,FALLSTON BORO,President,,DEM,Joseph R Biden Jr,23,16,0,7
Beaver,FALLSTON BORO,President,,DEM,Dean Phillips,3,3,0,0
Beaver,FALLSTON BORO,President,,DEM,Write-In Totals,1,1,0,0
Beaver,FALLSTON BORO,President,,DEM,Not Assigned,1,1,0,0
Beaver,FALLSTON BORO,U.S. Senate,,DEM,Robert P Casey Jr,20,14,0,6
Beaver,FALLSTON BORO,U.S. Senate,,DEM,William Parker,6,5,0,1
Beaver,FALLSTON BORO,U.S. Senate,,DEM,Write-In Totals,1,1,0,0
Beaver,FALLSTON BORO,U.S. Senate,,DEM,Not Assigned,1,1,0,0
Beaver,FALLSTON BORO,U.S. House,17,DEM,Chris Deluzio,26,19,0,7
Beaver,FALLSTON BORO,U.S. House,17,DEM,Write-In Totals,1,1,0,0
Beaver,FALLSTON BORO,U.S. House,17,DEM,Not Assigned,1,1,0,0
Beaver,FALLSTON BORO,State Senate,47,DEM,Write-In: Elder Vogel Jr.,7,7,0,0
Beaver,FALLSTON BORO,State Senate,47,DEM,Write-In: Scattered,2,1,0,1
Beaver,FALLSTON BORO,State Senate,47,DEM,Write-In: Kate Lennen,0,0,0,0
Beaver,FALLSTON BORO,State Senate,47,DEM,Write-In Totals,9,8,0,1
Beaver,FALLSTON BORO,State Senate,47,DEM,Not Assigned,0,0,0,0
Beaver,FALLSTON BORO,State House,14,DEM,Kenya Johns,23,16,0,7
Beaver,FALLSTON BORO,State House,14,DEM,Write-In Totals,2,2,0,0
Beaver,FALLSTON BORO,State House,14,DEM,Not Assigned,2,2,0,0
Beaver,FALLSTON BORO,DELEGATE TO THE DEMOCRATIC NATIONAL CONVENTION,17,DEM,Nancy Werme,23,17,0,6
Beaver,FALLSTON BORO,DELEGATE TO THE DEMOCRATIC NATIONAL CONVENTION,17,DEM,Lisa M Baldis,22,16,0,6
Beaver,FALLSTON BORO,DELEGATE TO THE DEMOCRATIC NATIONAL CONVENTION,17,DEM,Arvind Venkat,21,15,0,6
Beaver,FALLSTON BORO,DELEGATE TO THE DEMOCRATIC NATIONAL CONVENTION,17,DEM,Kaylee Werner,21,15,0,6
Beaver,FALLSTON BORO,DELEGATE TO THE DEMOCRATIC NATIONAL CONVENTION,17,DEM,Mary Jane Jones-Gilliam,20,14,0,6
Beaver,FALLSTON BORO,DELEGATE TO THE DEMOCRATIC NATIONAL CONVENTION,17,DEM,Dwan B Walker,19,13,0,6
Beaver,FALLSTON BORO,DELEGATE TO THE DEMOCRATIC NATIONAL CONVENTION,17,DEM,Kevin Kinross,19,13,0,6
Beaver,FALLSTON BORO,DELEGATE TO THE DEMOCRATIC NATIONAL CONVENTION,17,DEM,Write-In Totals,8,8,0,0
Beaver,FALLSTON BORO,DELEGATE TO THE DEMOCRATIC NATIONAL CONVENTION,17,DEM,Not Assigned,8,8,0,0
Beaver,FALLSTON BORO,President,,REP,Donald J Trump,10,10,0,0
Beaver,FALLSTON BORO,President,,REP,Nikki R Haley,4,4,0,0
Beaver,FALLSTON BORO,President,,REP,Write-In Totals,0,0,0,0
Beaver,FALLSTON BORO,President,,REP,Not Assigned,0,0,0,0
Beaver,FALLSTON BORO,U.S. Senate,,REP,Dave Mccormick,12,12,0,0
Beaver,FALLSTON BORO,U.S. Senate,,REP,Joseph J Vodvarka,0,0,0,0
Beaver,FALLSTON BORO,U.S. Senate,,REP,Write-In Totals,1,1,0,0
Beaver,FALLSTON BORO,U.S. Senate,,REP,Not Assigned,1,1,0,0
Beaver,FALLSTON BORO,U.S. House,17,REP,Rob Mercuri,12,12,0,0
Beaver,FALLSTON BORO,U.S. House,17,REP,Write-In Totals,0,0,0,0
Beaver,FALLSTON BORO,U.S. House,17,REP,Not Assigned,0,0,0,0
Beaver,FALLSTON BORO,State Senate,47,REP,Elder Vogel Jr,13,13,0,0
Beaver,FALLSTON BORO,State Senate,47,REP,Write-In Totals,1,1,0,0
Beaver,FALLSTON BORO,State Senate,47,REP,Not Assigned,1,1,0,0
Beaver,FALLSTON BORO,State House,14,REP,Roman Kozak,13,13,0,0
Beaver,FALLSTON BORO,State House,14,REP,Write-In Totals,1,1,0,0
Beaver,FALLSTON BORO,State House,14,REP,Not Assigned,1,1,0,0
Beaver,FALLSTON BORO,DELEGATE TO THE REPUBLICAN NATIONAL CONVENTION,17,REP,Jack Casey,8,8,0,0
Beaver,FALLSTON BORO,DELEGATE TO THE REPUBLICAN NATIONAL CONVENTION,17,REP,Abby Kail,5,5,0,0
Beaver,FALLSTON BORO,DELEGATE TO THE REPUBLICAN NATIONAL CONVENTION,17,REP,Vincent E Fusca,5,5,0,0
Beaver,FALLSTON BORO,DELEGATE TO THE REPUBLICAN NATIONAL CONVENTION,17,REP,Mike Mcmullen,4,4,0,0
Beaver,FALLSTON BORO,DELEGATE TO THE REPUBLICAN NATIONAL CONVENTION,17,REP,Veronica S Steinkirchner,4,4,0,0
Beaver,FALLSTON BORO,DELEGATE TO THE REPUBLICAN NATIONAL CONVENTION,17,REP,John Fredericks,4,4,0,0
Beaver,FALLSTON BORO,DELEGATE TO THE REPUBLICAN NATIONAL CONVENTION,17,REP,Toni Shuppe,3,3,0,0
Beaver,FALLSTON BORO,DELEGATE TO THE REPUBLICAN NATIONAL CONVENTION,17,REP,Bob Howard,2,2,0,0
Beaver,FALLSTON BORO,DELEGATE TO THE REPUBLICAN NATIONAL CONVENTION,17,REP,Write-In Totals,0,0,0,0
Beaver,FALLSTON BORO,DELEGATE TO THE REPUBLICAN NATIONAL CONVENTION,17,REP,Not Assigned,0,0,0,0
Beaver,FALLSTON BORO,ALTERNATE DELEGATE TO THE REPUBLICAN NATIONAL CONVENTION,17,REP,Christine Mattarochia,9,9,0,0
Beaver,FALLSTON BORO,ALTERNATE DELEGATE TO THE REPUBLICAN NATIONAL CONVENTION,17,REP,Mike Mcmullen,7,7,0,0
Beaver,FALLSTON BORO,ALTERNATE DELEGATE TO THE REPUBLICAN NATIONAL CONVENTION,17,REP,M J Costello,7,7,0,0
Beaver,FALLSTON BORO,ALTERNATE DELEGATE TO THE REPUBLICAN NATIONAL CONVENTION,17,REP,Bob Hamilton,4,4,0,0
Beaver,FALLSTON BORO,ALTERNATE DELEGATE TO THE REPUBLICAN NATIONAL CONVENTION,17,REP,Write-In Totals,0,0,0,0
Beaver,FALLSTON BORO,ALTERNATE DELEGATE TO THE REPUBLICAN NATIONAL CONVENTION,17,REP,Not Assigned,0,0,0,0
Beaver,FRANKFORT SPRINGS BORO,President,,DEM,Joseph R Biden Jr,4,2,0,2
Beaver,FRANKFORT SPRINGS BORO,President,,DEM,Dean Phillips,1,1,0,0
Beaver,FRANKFORT SPRINGS BORO,President,,DEM,Write-In Totals,0,0,0,0
Beaver,FRANKFORT SPRINGS BORO,President,,DEM,Not Assigned,0,0,0,0
Beaver,FRANKFORT SPRINGS BORO,U.S. Senate,,DEM,William Parker,3,3,0,0
Beaver,FRANKFORT SPRINGS BORO,U.S. Senate,,DEM,Robert P Casey Jr,3,1,0,2
Beaver,FRANKFORT SPRINGS BORO,U.S. Senate,,DEM,Write-In Totals,0,0,0,0
Beaver,FRANKFORT SPRINGS BORO,U.S. Senate,,DEM,Not Assigned,0,0,0,0
Beaver,FRANKFORT SPRINGS BORO,U.S. House,17,DEM,Chris Deluzio,5,3,0,2
Beaver,FRANKFORT SPRINGS BORO,U.S. House,17,DEM,Write-In Totals,0,0,0,0
Beaver,FRANKFORT SPRINGS BORO,U.S. House,17,DEM,Not Assigned,0,0,0,0
Beaver,FRANKFORT SPRINGS BORO,State House,15,DEM,Ashlee Caul,6,4,0,2
Beaver,FRANKFORT SPRINGS BORO,State House,15,DEM,Write-In Totals,0,0,0,0
Beaver,FRANKFORT SPRINGS BORO,State House,15,DEM,Not Assigned,0,0,0,0
Beaver,FRANKFORT SPRINGS BORO,DELEGATE TO THE DEMOCRATIC NATIONAL CONVENTION,17,DEM,Arvind Venkat,5,3,0,2
Beaver,FRANKFORT SPRINGS BORO,DELEGATE TO THE DEMOCRATIC NATIONAL CONVENTION,17,DEM,Kaylee Werner,5,3,0,2
Beaver,FRANKFORT SPRINGS BORO,DELEGATE TO THE DEMOCRATIC NATIONAL CONVENTION,17,DEM,Lisa M Baldis,5,3,0,2
Beaver,FRANKFORT SPRINGS BORO,DELEGATE TO THE DEMOCRATIC NATIONAL CONVENTION,17,DEM,Dwan B Walker,5,3,0,2
Beaver,FRANKFORT SPRINGS BORO,DELEGATE TO THE DEMOCRATIC NATIONAL CONVENTION,17,DEM,Mary Jane Jones-Gilliam,5,3,0,2
Beaver,FRANKFORT SPRINGS BORO,DELEGATE TO THE DEMOCRATIC NATIONAL CONVENTION,17,DEM,Kevin Kinross,4,2,0,2
Beaver,FRANKFORT SPRINGS BORO,DELEGATE TO THE DEMOCRATIC NATIONAL CONVENTION,17,DEM,Nancy Werme,4,2,0,2
Beaver,FRANKFORT SPRINGS BORO,DELEGATE TO THE DEMOCRATIC NATIONAL CONVENTION,17,DEM,Write-In Totals,0,0,0,0
Beaver,FRANKFORT SPRINGS BORO,DELEGATE TO THE DEMOCRATIC NATIONAL CONVENTION,17,DEM,Not Assigned,0,0,0,0
Beaver,FRANKFORT SPRINGS BORO,President,,REP,Donald J Trump,21,20,0,1
Beaver,FRANKFORT SPRINGS BORO,President,,REP,Nikki R Haley,1,1,0,0
Beaver,FRANKFORT SPRINGS BORO,President,,REP,Write-In Totals,0,0,0,0
Beaver,FRANKFORT SPRINGS BORO,President,,REP,Not Assigned,0,0,0,0
Beaver,FRANKFORT SPRINGS BORO,U.S. Senate,,REP,Dave Mccormick,20,19,0,1
Beaver,FRANKFORT SPRINGS BORO,U.S. Senate,,REP,Joseph J Vodvarka,0,0,0,0
Beaver,FRANKFORT SPRINGS BORO,U.S. Senate,,REP,Write-In Totals,0,0,0,0
Beaver,FRANKFORT SPRINGS BORO,U.S. Senate,,REP,Not Assigned,0,0,0,0
Beaver,FRANKFORT SPRINGS BORO,U.S. House,17,REP,Rob Mercuri,19,18,0,1
Beaver,FRANKFORT SPRINGS BORO,U.S. House,17,REP,Write-In Totals,0,0,0,0
Beaver,FRANKFORT SPRINGS BORO,U.S. House,17,REP,Not Assigned,0,0,0,0
Beaver,FRANKFORT SPRINGS BORO,State House,15,REP,Joshua D Kail,20,20,0,0
Beaver,FRANKFORT SPRINGS BORO,State House,15,REP,Write-In Totals,0,0,0,0
Beaver,FRANKFORT SPRINGS BORO,State House,15,REP,Not Assigned,0,0,0,0
Beaver,FRANKFORT SPRINGS BORO,DELEGATE TO THE REPUBLICAN NATIONAL CONVENTION,17,REP,Mike Mcmullen,14,14,0,0
Beaver,FRANKFORT SPRINGS BORO,DELEGATE TO THE REPUBLICAN NATIONAL CONVENTION,17,REP,Abby Kail,11,11,0,0
Beaver,FRANKFORT SPRINGS BORO,DELEGATE TO THE REPUBLICAN NATIONAL CONVENTION,17,REP,John Fredericks,9,9,0,0
Beaver,FRANKFORT SPRINGS BORO,DELEGATE TO THE REPUBLICAN NATIONAL CONVENTION,17,REP,Jack Casey,6,6,0,0
Beaver,FRANKFORT SPRINGS BORO,DELEGATE TO THE REPUBLICAN NATIONAL CONVENTION,17,REP,Toni Shuppe,5,5,0,0
Beaver,FRANKFORT SPRINGS BORO,DELEGATE TO THE REPUBLICAN NATIONAL CONVENTION,17,REP,Bob Howard,4,4,0,0
Beaver,FRANKFORT SPRINGS BORO,DELEGATE TO THE REPUBLICAN NATIONAL CONVENTION,17,REP,Veronica S Steinkirchner,2,2,0,0
Beaver,FRANKFORT SPRINGS BORO,DELEGATE TO THE REPUBLICAN NATIONAL CONVENTION,17,REP,Vincent E Fusca,2,2,0,0
Beaver,FRANKFORT SPRINGS BORO,DELEGATE TO THE REPUBLICAN NATIONAL CONVENTION,17,REP,Write-In Totals,0,0,0,0
Beaver,FRANKFORT SPRINGS BORO,DELEGATE TO THE REPUBLICAN NATIONAL CONVENTION,17,REP,Not Assigned,0,0,0,0
Beaver,FRANKFORT SPRINGS BORO,ALTERNATE DELEGATE TO THE REPUBLICAN NATIONAL CONVENTION,17,REP,Mike Mcmullen,15,15,0,0
Beaver,FRANKFORT SPRINGS BORO,ALTERNATE DELEGATE TO THE REPUBLICAN NATIONAL CONVENTION,17,REP,Christine Mattarochia,10,10,0,0
Beaver,FRANKFORT SPRINGS BORO,ALTERNATE DELEGATE TO THE REPUBLICAN NATIONAL CONVENTION,17,REP,Bob Hamilton,9,9,0,0
Beaver,FRANKFORT SPRINGS BORO,ALTERNATE DELEGATE TO THE REPUBLICAN NATIONAL CONVENTION,17,REP,M J Costello,8,8,0,0
Beaver,FRANKFORT SPRINGS BORO,ALTERNATE DELEGATE TO THE REPUBLICAN NATIONAL CONVENTION,17,REP,Write-In Totals,0,0,0,0
Beaver,FRANKFORT SPRINGS BORO,ALTERNATE DELEGATE TO THE REPUBLICAN NATIONAL CONVENTION,17,REP,Not Assigned,0,0,0,0
Beaver,FRANKLIN TWP 1,President,,DEM,Joseph R Biden Jr,55,22,0,33
Beaver,FRANKLIN TWP 1,President,,DEM,Dean Phillips,12,9,0,3
Beaver,FRANKLIN TWP 1,President,,DEM,Write-In Totals,4,3,0,1
Beaver,FRANKLIN TWP 1,President,,DEM,Not Assigned,4,3,0,1
Beaver,FRANKLIN TWP 1,U.S. Senate,,DEM,Robert P Casey Jr,59,29,0,30
Beaver,FRANKLIN TWP 1,U.S. Senate,,DEM,William Parker,13,6,0,7
Beaver,FRANKLIN TWP 1,U.S. Senate,,DEM,Write-In Totals,1,1,0,0
Beaver,FRANKLIN TWP 1,U.S. Senate,,DEM,Not Assigned,1,1,0,0
Beaver,FRANKLIN TWP 1,U.S. House,17,DEM,Chris Deluzio,69,33,0,36
Beaver,FRANKLIN TWP 1,U.S. House,17,DEM,Write-In Totals,0,0,0,0
Beaver,FRANKLIN TWP 1,U.S. House,17,DEM,Not Assigned,0,0,0,0
Beaver,FRANKLIN TWP 1,State Senate,47,DEM,Write-In: Elder Vogel Jr.,10,5,0,5
Beaver,FRANKLIN TWP 1,State Senate,47,DEM,Write-In: Kate Lennen,4,2,0,2
Beaver,FRANKLIN TWP 1,State Senate,47,DEM,Write-In: Scattered,3,3,0,0
Beaver,FRANKLIN TWP 1,State Senate,47,DEM,Write-In Totals,17,10,0,7
Beaver,FRANKLIN TWP 1,State Senate,47,DEM,Not Assigned,0,0,0,0
Beaver,FRANKLIN TWP 1,State House,14,DEM,Kenya Johns,64,30,0,34
Beaver,FRANKLIN TWP 1,State House,14,DEM,Write-In Totals,0,0,0,0
Beaver,FRANKLIN TWP 1,State House,14,DEM,Not Assigned,0,0,0,0
Beaver,FRANKLIN TWP 1,DELEGATE TO THE DEMOCRATIC NATIONAL CONVENTION,17,DEM,Kaylee Werner,57,22,0,35
Beaver,FRANKLIN TWP 1,DELEGATE TO THE DEMOCRATIC NATIONAL CONVENTION,17,DEM,Lisa M Baldis,55,20,0,35
Beaver,FRANKLIN TWP 1,DELEGATE TO THE DEMOCRATIC NATIONAL CONVENTION,17,DEM,Kevin Kinross,55,22,0,33
Beaver,FRANKLIN TWP 1,DELEGATE TO THE DEMOCRATIC NATIONAL CONVENTION,17,DEM,Mary Jane Jones-Gilliam,54,20,0,34
Beaver,FRANKLIN TWP 1,DELEGATE TO THE DEMOCRATIC NATIONAL CONVENTION,17,DEM,Nancy Werme,54,20,0,34
Beaver,FRANKLIN TWP 1,DELEGATE TO THE DEMOCRATIC NATIONAL CONVENTION,17,DEM,Dwan B Walker,51,18,0,33
Beaver,FRANKLIN TWP 1,DELEGATE TO THE DEMOCRATIC NATIONAL CONVENTION,17,DEM,Arvind Venkat,48,17,0,31
Beaver,FRANKLIN TWP 1,DELEGATE TO THE DEMOCRATIC NATIONAL CONVENTION,17,DEM,Write-In Totals,2,2,0,0
Beaver,FRANKLIN TWP 1,DELEGATE TO THE DEMOCRATIC NATIONAL CONVENTION,17,DEM,Not Assigned,2,2,0,0
Beaver,FRANKLIN TWP 1,President,,REP,Donald J Trump,165,144,0,21
Beaver,FRANKLIN TWP 1,President,,REP,Nikki R Haley,27,22,0,5
Beaver,FRANKLIN TWP 1,President,,REP,Write-In Totals,4,3,0,1
Beaver,FRANKLIN TWP 1,President,,REP,Not Assigned,4,3,0,1
Beaver,FRANKLIN TWP 1,U.S. Senate,,REP,Dave Mccormick,167,147,0,20
Beaver,FRANKLIN TWP 1,U.S. Senate,,REP,Joseph J Vodvarka,11,7,0,4
Beaver,FRANKLIN TWP 1,U.S. Senate,,REP,Write-In Totals,3,3,0,0
Beaver,FRANKLIN TWP 1,U.S. Senate,,REP,Not Assigned,3,3,0,0
Beaver,FRANKLIN TWP 1,U.S. House,17,REP,Rob Mercuri,159,135,0,24
Beaver,FRANKLIN TWP 1,U.S. House,17,REP,Write-In Totals,0,0,0,0
Beaver,FRANKLIN TWP 1,U.S. House,17,REP,Not Assigned,0,0,0,0
Beaver,FRANKLIN TWP 1,State Senate,47,REP,Elder Vogel Jr,178,156,0,22
Beaver,FRANKLIN TWP 1,State Senate,47,REP,Write-In Totals,2,2,0,0
Beaver,FRANKLIN TWP 1,State Senate,47,REP,Not Assigned,2,2,0,0
Beaver,FRANKLIN TWP 1,State House,14,REP,Roman Kozak,154,132,0,22
Beaver,FRANKLIN TWP 1,State House,14,REP,Write-In Totals,0,0,0,0
Beaver,FRANKLIN TWP 1,State House,14,REP,Not Assigned,0,0,0,0
Beaver,FRANKLIN TWP 1,DELEGATE TO THE REPUBLICAN NATIONAL CONVENTION,17,REP,John Fredericks,85,73,0,12
Beaver,FRANKLIN TWP 1,DELEGATE TO THE REPUBLICAN NATIONAL CONVENTION,17,REP,Mike Mcmullen,82,75,0,7
Beaver,FRANKLIN TWP 1,DELEGATE TO THE REPUBLICAN NATIONAL CONVENTION,17,REP,Abby Kail,64,57,0,7
Beaver,FRANKLIN TWP 1,DELEGATE TO THE REPUBLICAN NATIONAL CONVENTION,17,REP,Toni Shuppe,51,39,0,12
Beaver,FRANKLIN TWP 1,DELEGATE TO THE REPUBLICAN NATIONAL CONVENTION,17,REP,Jack Casey,45,39,0,6
Beaver,FRANKLIN TWP 1,DELEGATE TO THE REPUBLICAN NATIONAL CONVENTION,17,REP,Bob Howard,43,38,0,5
Beaver,FRANKLIN TWP 1,DELEGATE TO THE REPUBLICAN NATIONAL CONVENTION,17,REP,Veronica S Steinkirchner,38,31,0,7
Beaver,FRANKLIN TWP 1,DELEGATE TO THE REPUBLICAN NATIONAL CONVENTION,17,REP,Vincent E Fusca,19,18,0,1
Beaver,FRANKLIN TWP 1,DELEGATE TO THE REPUBLICAN NATIONAL CONVENTION,17,REP,Write-In Totals,2,0,0,2
Beaver,FRANKLIN TWP 1,DELEGATE TO THE REPUBLICAN NATIONAL CONVENTION,17,REP,Not Assigned,2,0,0,2
Beaver,FRANKLIN TWP 1,ALTERNATE DELEGATE TO THE REPUBLICAN NATIONAL CONVENTION,17,REP,Mike Mcmullen,95,84,0,11
Beaver,FRANKLIN TWP 1,ALTERNATE DELEGATE TO THE REPUBLICAN NATIONAL CONVENTION,17,REP,Bob Hamilton,89,72,0,17
Beaver,FRANKLIN TWP 1,ALTERNATE DELEGATE TO THE REPUBLICAN NATIONAL CONVENTION,17,REP,Christine Mattarochia,85,68,0,17
Beaver,FRANKLIN TWP 1,ALTERNATE DELEGATE TO THE REPUBLICAN NATIONAL CONVENTION,17,REP,M J Costello,71,56,0,15
Beaver,FRANKLIN TWP 1,ALTERNATE DELEGATE TO THE REPUBLICAN NATIONAL CONVENTION,17,REP,Write-In Totals,0,0,0,0
Beaver,FRANKLIN TWP 1,ALTERNATE DELEGATE TO THE REPUBLICAN NATIONAL CONVENTION,17,REP,Not Assigned,0,0,0,0
Beaver,FRANKLIN TWP 2,President,,DEM,Joseph R Biden Jr,125,46,0,79
Beaver,FRANKLIN TWP 2,President,,DEM,Dean Phillips,27,20,0,7
Beaver,FRANKLIN TWP 2,President,,DEM,Write-In Totals,6,6,0,0
Beaver,FRANKLIN TWP 2,President,,DEM,Not Assigned,6,6,0,0
Beaver,FRANKLIN TWP 2,U.S. Senate,,DEM,Robert P Casey Jr,126,51,0,75
Beaver,FRANKLIN TWP 2,U.S. Senate,,DEM,William Parker,32,21,0,11
Beaver,FRANKLIN TWP 2,U.S. Senate,,DEM,Write-In Totals,1,1,0,0
Beaver,FRANKLIN TWP 2,U.S. Senate,,DEM,Not Assigned,1,1,0,0
Beaver,FRANKLIN TWP 2,U.S. House,17,DEM,Chris Deluzio,154,71,0,83
Beaver,FRANKLIN TWP 2,U.S. House,17,DEM,Write-In Totals,0,0,0,0
Beaver,FRANKLIN TWP 2,U.S. House,17,DEM,Not Assigned,0,0,0,0
Beaver,FRANKLIN TWP 2,State Senate,47,DEM,Write-In: Elder Vogel Jr.,14,7,0,7
Beaver,FRANKLIN TWP 2,State Senate,47,DEM,Write-In: Scattered,6,4,0,2
Beaver,FRANKLIN TWP 2,State Senate,47,DEM,Write-In: Kate Lennen,6,1,0,5
Beaver,FRANKLIN TWP 2,State Senate,47,DEM,Write-In Totals,26,12,0,14
Beaver,FRANKLIN TWP 2,State Senate,47,DEM,Not Assigned,0,0,0,0
Beaver,FRANKLIN TWP 2,State House,14,DEM,Kenya Johns,144,63,0,81
Beaver,FRANKLIN TWP 2,State House,14,DEM,Write-In Totals,1,1,0,0
Beaver,FRANKLIN TWP 2,State House,14,DEM,Not Assigned,1,1,0,0
Beaver,FRANKLIN TWP 2,DELEGATE TO THE DEMOCRATIC NATIONAL CONVENTION,17,DEM,Kaylee Werner,136,59,0,77
Beaver,FRANKLIN TWP 2,DELEGATE TO THE DEMOCRATIC NATIONAL CONVENTION,17,DEM,Mary Jane Jones-Gilliam,129,56,0,73
Beaver,FRANKLIN TWP 2,DELEGATE TO THE DEMOCRATIC NATIONAL CONVENTION,17,DEM,Kevin Kinross,127,51,0,76
Beaver,FRANKLIN TWP 2,DELEGATE TO THE DEMOCRATIC NATIONAL CONVENTION,17,DEM,Nancy Werme,127,58,0,69
Beaver,FRANKLIN TWP 2,DELEGATE TO THE DEMOCRATIC NATIONAL CONVENTION,17,DEM,Lisa M Baldis,126,55,0,71
Beaver,FRANKLIN TWP 2,DELEGATE TO THE DEMOCRATIC NATIONAL CONVENTION,17,DEM,Dwan B Walker,125,50,0,75
Beaver,FRANKLIN TWP 2,DELEGATE TO THE DEMOCRATIC NATIONAL CONVENTION,17,DEM,Arvind Venkat,120,48,0,72
Beaver,FRANKLIN TWP 2,DELEGATE TO THE DEMOCRATIC NATIONAL CONVENTION,17,DEM,Write-In Totals,1,1,0,0
Beaver,FRANKLIN TWP 2,DELEGATE TO THE DEMOCRATIC NATIONAL CONVENTION,17,DEM,Not Assigned,1,1,0,0
Beaver,FRANKLIN TWP 2,President,,REP,Donald J Trump,206,175,0,31
Beaver,FRANKLIN TWP 2,President,,REP,Nikki R Haley,32,22,0,10
Beaver,FRANKLIN TWP 2,President,,REP,Write-In Totals,2,2,0,0
Beaver,FRANKLIN TWP 2,President,,REP,Not Assigned,2,2,0,0
Beaver,FRANKLIN TWP 2,U.S. Senate,,REP,Dave Mccormick,205,170,0,35
Beaver,FRANKLIN TWP 2,U.S. Senate,,REP,Joseph J Vodvarka,28,24,0,4
Beaver,FRANKLIN TWP 2,U.S. Senate,,REP,Write-In Totals,0,0,0,0
Beaver,FRANKLIN TWP 2,U.S. Senate,,REP,Not Assigned,0,0,0,0
Beaver,FRANKLIN TWP 2,U.S. House,17,REP,Rob Mercuri,206,170,0,36
Beaver,FRANKLIN TWP 2,U.S. House,17,REP,Write-In Totals,0,0,0,0
Beaver,FRANKLIN TWP 2,U.S. House,17,REP,Not Assigned,0,0,0,0
Beaver,FRANKLIN TWP 2,State Senate,47,REP,Elder Vogel Jr,229,188,0,41
Beaver,FRANKLIN TWP 2,State Senate,47,REP,Write-In Totals,1,1,0,0
Beaver,FRANKLIN TWP 2,State Senate,47,REP,Not Assigned,1,1,0,0
Beaver,FRANKLIN TWP 2,State House,14,REP,Roman Kozak,227,188,0,39
Beaver,FRANKLIN TWP 2,State House,14,REP,Write-In Totals,0,0,0,0
Beaver,FRANKLIN TWP 2,State House,14,REP,Not Assigned,0,0,0,0
Beaver,FRANKLIN TWP 2,DELEGATE TO THE REPUBLICAN NATIONAL CONVENTION,17,REP,Mike Mcmullen,107,86,0,21
Beaver,FRANKLIN TWP 2,DELEGATE TO THE REPUBLICAN NATIONAL CONVENTION,17,REP,John Fredericks,100,82,0,18
Beaver,FRANKLIN TWP 2,DELEGATE TO THE REPUBLICAN NATIONAL CONVENTION,17,REP,Abby Kail,75,62,0,13
Beaver,FRANKLIN TWP 2,DELEGATE TO THE REPUBLICAN NATIONAL CONVENTION,17,REP,Jack Casey,73,60,0,13
Beaver,FRANKLIN TWP 2,DELEGATE TO THE REPUBLICAN NATIONAL CONVENTION,17,REP,Toni Shuppe,52,41,0,11
Beaver,FRANKLIN TWP 2,DELEGATE TO THE REPUBLICAN NATIONAL CONVENTION,17,REP,Veronica S Steinkirchner,49,40,0,9
Beaver,FRANKLIN TWP 2,DELEGATE TO THE REPUBLICAN NATIONAL CONVENTION,17,REP,Bob Howard,48,42,0,6
Beaver,FRANKLIN TWP 2,DELEGATE TO THE REPUBLICAN NATIONAL CONVENTION,17,REP,Vincent E Fusca,26,25,0,1
Beaver,FRANKLIN TWP 2,DELEGATE TO THE REPUBLICAN NATIONAL CONVENTION,17,REP,Write-In Totals,0,0,0,0
Beaver,FRANKLIN TWP 2,DELEGATE TO THE REPUBLICAN NATIONAL CONVENTION,17,REP,Not Assigned,0,0,0,0
Beaver,FRANKLIN TWP 2,ALTERNATE DELEGATE TO THE REPUBLICAN NATIONAL CONVENTION,17,REP,Mike Mcmullen,128,103,0,25
Beaver,FRANKLIN TWP 2,ALTERNATE DELEGATE TO THE REPUBLICAN NATIONAL CONVENTION,17,REP,Bob Hamilton,124,98,0,26
Beaver,FRANKLIN TWP 2,ALTERNATE DELEGATE TO THE REPUBLICAN NATIONAL CONVENTION,17,REP,Christine Mattarochia,100,76,0,24
Beaver,FRANKLIN TWP 2,ALTERNATE DELEGATE TO THE REPUBLICAN NATIONAL CONVENTION,17,REP,M J Costello,79,67,0,12
Beaver,FRANKLIN TWP 2,ALTERNATE DELEGATE TO THE REPUBLICAN NATIONAL CONVENTION,17,REP,Write-In Totals,0,0,0,0
Beaver,FRANKLIN TWP 2,ALTERNATE DELEGATE TO THE REPUBLICAN NATIONAL CONVENTION,17,REP,Not Assigned,0,0,0,0
Beaver,FREEDOM BORO,President,,DEM,Joseph R Biden Jr,68,43,0,25
Beaver,FREEDOM BORO,President,,DEM,Dean Phillips,10,8,1,1
Beaver,FREEDOM BORO,President,,DEM,Write-In Totals,7,6,0,1
Beaver,FREEDOM BORO,President,,DEM,Not Assigned,7,6,0,1
Beaver,FREEDOM BORO,U.S. Senate,,DEM,Robert P Casey Jr,67,44,0,23
Beaver,FREEDOM BORO,U.S. Senate,,DEM,William Parker,20,14,1,5
Beaver,FREEDOM BORO,U.S. Senate,,DEM,Write-In Totals,2,2,0,0
Beaver,FREEDOM BORO,U.S. Senate,,DEM,Not Assigned,2,2,0,0
Beaver,FREEDOM BORO,U.S. House,17,DEM,Chris Deluzio,82,56,1,25
Beaver,FREEDOM BORO,U.S. House,17,DEM,Write-In Totals,1,1,0,0
Beaver,FREEDOM BORO,U.S. House,17,DEM,Not Assigned,1,1,0,0
Beaver,FREEDOM BORO,State Senate,47,DEM,Write-In: Elder Vogel Jr.,10,6,1,3
Beaver,FREEDOM BORO,State Senate,47,DEM,Write-In: Scattered,4,3,0,1
Beaver,FREEDOM BORO,State Senate,47,DEM,Write-In: Kate Lennen,0,0,0,0
Beaver,FREEDOM BORO,State Senate,47,DEM,Write-In Totals,14,9,1,4
Beaver,FREEDOM BORO,State Senate,47,DEM,Not Assigned,0,0,0,0
Beaver,FREEDOM BORO,State House,16,DEM,Robert F Matzie,82,56,1,25
Beaver,FREEDOM BORO,State House,16,DEM,Write-In Totals,2,1,0,1
Beaver,FREEDOM BORO,State House,16,DEM,Not Assigned,2,1,0,1
Beaver,FREEDOM BORO,DELEGATE TO THE DEMOCRATIC NATIONAL CONVENTION,17,DEM,Nancy Werme,65,42,0,23
Beaver,FREEDOM BORO,DELEGATE TO THE DEMOCRATIC NATIONAL CONVENTION,17,DEM,Mary Jane Jones-Gilliam,62,39,1,22
Beaver,FREEDOM BORO,DELEGATE TO THE DEMOCRATIC NATIONAL CONVENTION,17,DEM,Kaylee Werner,61,41,0,20
Beaver,FREEDOM BORO,DELEGATE TO THE DEMOCRATIC NATIONAL CONVENTION,17,DEM,Lisa M Baldis,57,39,0,18
Beaver,FREEDOM BORO,DELEGATE TO THE DEMOCRATIC NATIONAL CONVENTION,17,DEM,Arvind Venkat,54,34,1,19
Beaver,FREEDOM BORO,DELEGATE TO THE DEMOCRATIC NATIONAL CONVENTION,17,DEM,Dwan B Walker,53,32,1,20
Beaver,FREEDOM BORO,DELEGATE TO THE DEMOCRATIC NATIONAL CONVENTION,17,DEM,Kevin Kinross,50,33,0,17
Beaver,FREEDOM BORO,DELEGATE TO THE DEMOCRATIC NATIONAL CONVENTION,17,DEM,Write-In Totals,1,0,0,1
Beaver,FREEDOM BORO,DELEGATE TO THE DEMOCRATIC NATIONAL CONVENTION,17,DEM,Not Assigned,1,0,0,1
Beaver,FREEDOM BORO,President,,REP,Donald J Trump,58,50,0,8
Beaver,FREEDOM BORO,President,,REP,Nikki R Haley,5,5,0,0
Beaver,FREEDOM BORO,President,,REP,Write-In Totals,0,0,0,0
Beaver,FREEDOM BORO,President,,REP,Not Assigned,0,0,0,0
Beaver,FREEDOM BORO,U.S. Senate,,REP,Dave Mccormick,54,49,0,5
Beaver,FREEDOM BORO,U.S. Senate,,REP,Joseph J Vodvarka,7,3,0,4
Beaver,FREEDOM BORO,U.S. Senate,,REP,Write-In Totals,1,1,0,0
Beaver,FREEDOM BORO,U.S. Senate,,REP,Not Assigned,1,1,0,0
Beaver,FREEDOM BORO,U.S. House,17,REP,Rob Mercuri,51,42,0,9
Beaver,FREEDOM BORO,U.S. House,17,REP,Write-In Totals,0,0,0,0
Beaver,FREEDOM BORO,U.S. House,17,REP,Not Assigned,0,0,0,0
Beaver,FREEDOM BORO,State Senate,47,REP,Elder Vogel Jr,63,54,0,9
Beaver,FREEDOM BORO,State Senate,47,REP,Write-In Totals,0,0,0,0
Beaver,FREEDOM BORO,State Senate,47,REP,Not Assigned,0,0,0,0
Beaver,FREEDOM BORO,State House,16,REP,Michael J Perich,56,49,0,7
Beaver,FREEDOM BORO,State House,16,REP,Write-In Totals,0,0,0,0
Beaver,FREEDOM BORO,State House,16,REP,Not Assigned,0,0,0,0
Beaver,FREEDOM BORO,DELEGATE TO THE REPUBLICAN NATIONAL CONVENTION,17,REP,Mike Mcmullen,26,22,0,4
Beaver,FREEDOM BORO,DELEGATE TO THE REPUBLICAN NATIONAL CONVENTION,17,REP,Abby Kail,26,20,0,6
Beaver,FREEDOM BORO,DELEGATE TO THE REPUBLICAN NATIONAL CONVENTION,17,REP,Toni Shuppe,22,17,0,5
Beaver,FREEDOM BORO,DELEGATE TO THE REPUBLICAN NATIONAL CONVENTION,17,REP,John Fredericks,20,18,0,2
Beaver,FREEDOM BORO,DELEGATE TO THE REPUBLICAN NATIONAL CONVENTION,17,REP,Jack Casey,17,17,0,0
Beaver,FREEDOM BORO,DELEGATE TO THE REPUBLICAN NATIONAL CONVENTION,17,REP,Bob Howard,14,11,0,3
Beaver,FREEDOM BORO,DELEGATE TO THE REPUBLICAN NATIONAL CONVENTION,17,REP,Veronica S Steinkirchner,13,9,0,4
Beaver,FREEDOM BORO,DELEGATE TO THE REPUBLICAN NATIONAL CONVENTION,17,REP,Vincent E Fusca,13,13,0,0
Beaver,FREEDOM BORO,DELEGATE TO THE REPUBLICAN NATIONAL CONVENTION,17,REP,Write-In Totals,0,0,0,0
Beaver,FREEDOM BORO,DELEGATE TO THE REPUBLICAN NATIONAL CONVENTION,17,REP,Not Assigned,0,0,0,0
Beaver,FREEDOM BORO,ALTERNATE DELEGATE TO THE REPUBLICAN NATIONAL CONVENTION,17,REP,Bob Hamilton,31,25,0,6
Beaver,FREEDOM BORO,ALTERNATE DELEGATE TO THE REPUBLICAN NATIONAL CONVENTION,17,REP,Mike Mcmullen,29,28,0,1
Beaver,FREEDOM BORO,ALTERNATE DELEGATE TO THE REPUBLICAN NATIONAL CONVENTION,17,REP,Christine Mattarochia,29,25,0,4
Beaver,FREEDOM BORO,ALTERNATE DELEGATE TO THE REPUBLICAN NATIONAL CONVENTION,17,REP,M J Costello,25,22,0,3
Beaver,FREEDOM BORO,ALTERNATE DELEGATE TO THE REPUBLICAN NATIONAL CONVENTION,17,REP,Write-In Totals,0,0,0,0
Beaver,FREEDOM BORO,ALTERNATE DELEGATE TO THE REPUBLICAN NATIONAL CONVENTION,17,REP,Not Assigned,0,0,0,0
Beaver,GEORGETOWN BORO,President,,DEM,Dean Phillips,3,3,0,0
Beaver,GEORGETOWN BORO,President,,DEM,Joseph R Biden Jr,2,2,0,0
Beaver,GEORGETOWN BORO,President,,DEM,Write-In Totals,1,1,0,0
Beaver,GEORGETOWN BORO,President,,DEM,Not Assigned,1,1,0,0
Beaver,GEORGETOWN BORO,U.S. Senate,,DEM,Robert P Casey Jr,6,6,0,0
Beaver,GEORGETOWN BORO,U.S. Senate,,DEM,William Parker,1,1,0,0
Beaver,GEORGETOWN BORO,U.S. Senate,,DEM,Write-In Totals,0,0,0,0
Beaver,GEORGETOWN BORO,U.S. Senate,,DEM,Not Assigned,0,0,0,0
Beaver,GEORGETOWN BORO,U.S. House,17,DEM,Chris Deluzio,8,8,0,0
Beaver,GEORGETOWN BORO,U.S. House,17,DEM,Write-In Totals,0,0,0,0
Beaver,GEORGETOWN BORO,U.S. House,17,DEM,Not Assigned,0,0,0,0
Beaver,GEORGETOWN BORO,State Senate,47,DEM,Write-In: Scattered,0,0,0,0
Beaver,GEORGETOWN BORO,State Senate,47,DEM,Write-In: Kate Lennen,0,0,0,0
Beaver,GEORGETOWN BORO,State Senate,47,DEM,Write-In: Elder Vogel Jr.,0,0,0,0
Beaver,GEORGETOWN BORO,State Senate,47,DEM,Write-In Totals,0,0,0,0
Beaver,GEORGETOWN BORO,State Senate,47,DEM,Not Assigned,0,0,0,0
Beaver,GEORGETOWN BORO,State House,15,DEM,Ashlee Caul,5,5,0,0
Beaver,GEORGETOWN BORO,State House,15,DEM,Write-In Totals,0,0,0,0
Beaver,GEORGETOWN BORO,State House,15,DEM,Not Assigned,0,0,0,0
Beaver,GEORGETOWN BORO,DELEGATE TO THE DEMOCRATIC NATIONAL CONVENTION,17,DEM,Nancy Werme,5,5,0,0
Beaver,GEORGETOWN BORO,DELEGATE TO THE DEMOCRATIC NATIONAL CONVENTION,17,DEM,Arvind Venkat,2,2,0,0
Beaver,GEORGETOWN BORO,DELEGATE TO THE DEMOCRATIC NATIONAL CONVENTION,17,DEM,Kaylee Werner,2,2,0,0
Beaver,GEORGETOWN BORO,DELEGATE TO THE DEMOCRATIC NATIONAL CONVENTION,17,DEM,Lisa M Baldis,2,2,0,0
Beaver,GEORGETOWN BORO,DELEGATE TO THE DEMOCRATIC NATIONAL CONVENTION,17,DEM,Dwan B Walker,2,2,0,0
Beaver,GEORGETOWN BORO,DELEGATE TO THE DEMOCRATIC NATIONAL CONVENTION,17,DEM,Mary Jane Jones-Gilliam,2,2,0,0
Beaver,GEORGETOWN BORO,DELEGATE TO THE DEMOCRATIC NATIONAL CONVENTION,17,DEM,Kevin Kinross,2,2,0,0
Beaver,GEORGETOWN BORO,DELEGATE TO THE DEMOCRATIC NATIONAL CONVENTION,17,DEM,Write-In Totals,0,0,0,0
Beaver,GEORGETOWN BORO,DELEGATE TO THE DEMOCRATIC NATIONAL CONVENTION,17,DEM,Not Assigned,0,0,0,0
Beaver,GEORGETOWN BORO,President,,REP,Donald J Trump,30,30,0,0
Beaver,GEORGETOWN BORO,President,,REP,Nikki R Haley,3,3,0,0
Beaver,GEORGETOWN BORO,President,,REP,Write-In Totals,0,0,0,0
Beaver,GEORGETOWN BORO,President,,REP,Not Assigned,0,0,0,0
Beaver,GEORGETOWN BORO,U.S. Senate,,REP,Dave Mccormick,30,30,0,0
Beaver,GEORGETOWN BORO,U.S. Senate,,REP,Joseph J Vodvarka,3,3,0,0
Beaver,GEORGETOWN BORO,U.S. Senate,,REP,Write-In Totals,1,1,0,0
Beaver,GEORGETOWN BORO,U.S. Senate,,REP,Not Assigned,1,1,0,0
Beaver,GEORGETOWN BORO,U.S. House,17,REP,Rob Mercuri,29,29,0,0
Beaver,GEORGETOWN BORO,U.S. House,17,REP,Write-In Totals,1,1,0,0
Beaver,GEORGETOWN BORO,U.S. House,17,REP,Not Assigned,1,1,0,0
Beaver,GEORGETOWN BORO,State Senate,47,REP,Elder Vogel Jr,35,35,0,0
Beaver,GEORGETOWN BORO,State Senate,47,REP,Write-In Totals,0,0,0,0
Beaver,GEORGETOWN BORO,State Senate,47,REP,Not Assigned,0,0,0,0
Beaver,GEORGETOWN BORO,State House,15,REP,Joshua D Kail,34,34,0,0
Beaver,GEORGETOWN BORO,State House,15,REP,Write-In Totals,0,0,0,0
Beaver,GEORGETOWN BORO,State House,15,REP,Not Assigned,0,0,0,0
Beaver,GEORGETOWN BORO,DELEGATE TO THE REPUBLICAN NATIONAL CONVENTION,17,REP,Mike Mcmullen,24,24,0,0
Beaver,GEORGETOWN BORO,DELEGATE TO THE REPUBLICAN NATIONAL CONVENTION,17,REP,John Fredericks,15,15,0,0
Beaver,GEORGETOWN BORO,DELEGATE TO THE REPUBLICAN NATIONAL CONVENTION,17,REP,Abby Kail,13,13,0,0
Beaver,GEORGETOWN BORO,DELEGATE TO THE REPUBLICAN NATIONAL CONVENTION,17,REP,Jack Casey,12,12,0,0
Beaver,GEORGETOWN BORO,DELEGATE TO THE REPUBLICAN NATIONAL CONVENTION,17,REP,Bob Howard,12,12,0,0
Beaver,GEORGETOWN BORO,DELEGATE TO THE REPUBLICAN NATIONAL CONVENTION,17,REP,Toni Shuppe,6,6,0,0
Beaver,GEORGETOWN BORO,DELEGATE TO THE REPUBLICAN NATIONAL CONVENTION,17,REP,Veronica S Steinkirchner,4,4,0,0
Beaver,GEORGETOWN BORO,DELEGATE TO THE REPUBLICAN NATIONAL CONVENTION,17,REP,Vincent E Fusca,3,3,0,0
Beaver,GEORGETOWN BORO,DELEGATE TO THE REPUBLICAN NATIONAL CONVENTION,17,REP,Write-In Totals,0,0,0,0
Beaver,GEORGETOWN BORO,DELEGATE TO THE REPUBLICAN NATIONAL CONVENTION,17,REP,Not Assigned,0,0,0,0
Beaver,GEORGETOWN BORO,ALTERNATE DELEGATE TO THE REPUBLICAN NATIONAL CONVENTION,17,REP,Mike Mcmullen,23,23,0,0
Beaver,GEORGETOWN BORO,ALTERNATE DELEGATE TO THE REPUBLICAN NATIONAL CONVENTION,17,REP,Christine Mattarochia,15,15,0,0
Beaver,GEORGETOWN BORO,ALTERNATE DELEGATE TO THE REPUBLICAN NATIONAL CONVENTION,17,REP,Bob Hamilton,14,14,0,0
Beaver,GEORGETOWN BORO,ALTERNATE DELEGATE TO THE REPUBLICAN NATIONAL CONVENTION,17,REP,M J Costello,10,10,0,0
Beaver,GEORGETOWN BORO,ALTERNATE DELEGATE TO THE REPUBLICAN NATIONAL CONVENTION,17,REP,Write-In Totals,0,0,0,0
Beaver,GEORGETOWN BORO,ALTERNATE DELEGATE TO THE REPUBLICAN NATIONAL CONVENTION,17,REP,Not Assigned,0,0,0,0
Beaver,GLASGOW BORO,President,,DEM,Joseph R Biden Jr,4,4,0,0
Beaver,GLASGOW BORO,President,,DEM,Dean Phillips,2,0,0,2
Beaver,GLASGOW BORO,President,,DEM,Write-In Totals,1,1,0,0
Beaver,GLASGOW BORO,President,,DEM,Not Assigned,1,1,0,0
Beaver,GLASGOW BORO,U.S. Senate,,DEM,Robert P Casey Jr,4,3,0,1
Beaver,GLASGOW BORO,U.S. Senate,,DEM,William Parker,2,1,0,1
Beaver,GLASGOW BORO,U.S. Senate,,DEM,Write-In Totals,0,0,0,0
Beaver,GLASGOW BORO,U.S. Senate,,DEM,Not Assigned,0,0,0,0
Beaver,GLASGOW BORO,U.S. House,17,DEM,Chris Deluzio,6,4,0,2
Beaver,GLASGOW BORO,U.S. House,17,DEM,Write-In Totals,0,0,0,0
Beaver,GLASGOW BORO,U.S. House,17,DEM,Not Assigned,0,0,0,0
Beaver,GLASGOW BORO,State Senate,47,DEM,Write-In: Elder Vogel Jr.,2,2,0,0
Beaver,GLASGOW BORO,State Senate,47,DEM,Write-In: Scattered,0,0,0,0
Beaver,GLASGOW BORO,State Senate,47,DEM,Write-In: Kate Lennen,0,0,0,0
Beaver,GLASGOW BORO,State Senate,47,DEM,Write-In Totals,2,2,0,0
Beaver,GLASGOW BORO,State Senate,47,DEM,Not Assigned,0,0,0,0
Beaver,GLASGOW BORO,State House,15,DEM,Ashlee Caul,5,3,0,2
Beaver,GLASGOW BORO,State House,15,DEM,Write-In Totals,0,0,0,0
Beaver,GLASGOW BORO,State House,15,DEM,Not Assigned,0,0,0,0
Beaver,GLASGOW BORO,DELEGATE TO THE DEMOCRATIC NATIONAL CONVENTION,17,DEM,Kaylee Werner,2,2,0,0
Beaver,GLASGOW BORO,DELEGATE TO THE DEMOCRATIC NATIONAL CONVENTION,17,DEM,Mary Jane Jones-Gilliam,2,2,0,0
Beaver,GLASGOW BORO,DELEGATE TO THE DEMOCRATIC NATIONAL CONVENTION,17,DEM,Arvind Venkat,1,1,0,0
Beaver,GLASGOW BORO,DELEGATE TO THE DEMOCRATIC NATIONAL CONVENTION,17,DEM,Lisa M Baldis,1,1,0,0
Beaver,GLASGOW BORO,DELEGATE TO THE DEMOCRATIC NATIONAL CONVENTION,17,DEM,Dwan B Walker,1,1,0,0
Beaver,GLASGOW BORO,DELEGATE TO THE DEMOCRATIC NATIONAL CONVENTION,17,DEM,Kevin Kinross,1,1,0,0
Beaver,GLASGOW BORO,DELEGATE TO THE DEMOCRATIC NATIONAL CONVENTION,17,DEM,Nancy Werme,1,1,0,0
Beaver,GLASGOW BORO,DELEGATE TO THE DEMOCRATIC NATIONAL CONVENTION,17,DEM,Write-In Totals,0,0,0,0
Beaver,GLASGOW BORO,DELEGATE TO THE DEMOCRATIC NATIONAL CONVENTION,17,DEM,Not Assigned,0,0,0,0
Beaver,GLASGOW BORO,President,,REP,Donald J Trump,1,1,0,0
Beaver,GLASGOW BORO,President,,REP,Nikki R Haley,0,0,0,0
Beaver,GLASGOW BORO,President,,REP,Write-In Totals,0,0,0,0
Beaver,GLASGOW BORO,President,,REP,Not Assigned,0,0,0,0
Beaver,GLASGOW BORO,U.S. Senate,,REP,Joseph J Vodvarka,1,1,0,0
Beaver,GLASGOW BORO,U.S. Senate,,REP,Dave Mccormick,0,0,0,0
Beaver,GLASGOW BORO,U.S. Senate,,REP,Write-In Totals,0,0,0,0
Beaver,GLASGOW BORO,U.S. Senate,,REP,Not Assigned,0,0,0,0
Beaver,GLASGOW BORO,U.S. House,17,REP,Rob Mercuri,1,1,0,0
Beaver,GLASGOW BORO,U.S. House,17,REP,Write-In Totals,0,0,0,0
Beaver,GLASGOW BORO,U.S. House,17,REP,Not Assigned,0,0,0,0
Beaver,GLASGOW BORO,State Senate,47,REP,Elder Vogel Jr,1,1,0,0
Beaver,GLASGOW BORO,State Senate,47,REP,Write-In Totals,0,0,0,0
Beaver,GLASGOW BORO,State Senate,47,REP,Not Assigned,0,0,0,0
Beaver,GLASGOW BORO,State House,15,REP,Joshua D Kail,1,1,0,0
Beaver,GLASGOW BORO,State House,15,REP,Write-In Totals,0,0,0,0
Beaver,GLASGOW BORO,State House,15,REP,Not Assigned,0,0,0,0
Beaver,GLASGOW BORO,DELEGATE TO THE REPUBLICAN NATIONAL CONVENTION,17,REP,Abby Kail,1,1,0,0
Beaver,GLASGOW BORO,DELEGATE TO THE REPUBLICAN NATIONAL CONVENTION,17,REP,Toni Shuppe,1,1,0,0
Beaver,GLASGOW BORO,DELEGATE TO THE REPUBLICAN NATIONAL CONVENTION,17,REP,Veronica S Steinkirchner,1,1,0,0
Beaver,GLASGOW BORO,DELEGATE TO THE REPUBLICAN NATIONAL CONVENTION,17,REP,Mike Mcmullen,0,0,0,0
Beaver,GLASGOW BORO,DELEGATE TO THE REPUBLICAN NATIONAL CONVENTION,17,REP,Jack Casey,0,0,0,0
Beaver,GLASGOW BORO,DELEGATE TO THE REPUBLICAN NATIONAL CONVENTION,17,REP,Bob Howard,0,0,0,0
Beaver,GLASGOW BORO,DELEGATE TO THE REPUBLICAN NATIONAL CONVENTION,17,REP,Vincent E Fusca,0,0,0,0
Beaver,GLASGOW BORO,DELEGATE TO THE REPUBLICAN NATIONAL CONVENTION,17,REP,John Fredericks,0,0,0,0
Beaver,GLASGOW BORO,DELEGATE TO THE REPUBLICAN NATIONAL CONVENTION,17,REP,Write-In Totals,0,0,0,0
Beaver,GLASGOW BORO,DELEGATE TO THE REPUBLICAN NATIONAL CONVENTION,17,REP,Not Assigned,0,0,0,0
Beaver,GLASGOW BORO,ALTERNATE DELEGATE TO THE REPUBLICAN NATIONAL CONVENTION,17,REP,Christine Mattarochia,1,1,0,0
Beaver,GLASGOW BORO,ALTERNATE DELEGATE TO THE REPUBLICAN NATIONAL CONVENTION,17,REP,Bob Hamilton,1,1,0,0
Beaver,GLASGOW BORO,ALTERNATE DELEGATE TO THE REPUBLICAN NATIONAL CONVENTION,17,REP,Mike Mcmullen,0,0,0,0
Beaver,GLASGOW BORO,ALTERNATE DELEGATE TO THE REPUBLICAN NATIONAL CONVENTION,17,REP,M J Costello,0,0,0,0
Beaver,GLASGOW BORO,ALTERNATE DELEGATE TO THE REPUBLICAN NATIONAL CONVENTION,17,REP,Write-In Totals,0,0,0,0
Beaver,GLASGOW BORO,ALTERNATE DELEGATE TO THE REPUBLICAN NATIONAL CONVENTION,17,REP,Not Assigned,0,0,0,0
Beaver,GREENE TWP,President,,DEM,Joseph R Biden Jr,89,48,0,41
Beaver,GREENE TWP,President,,DEM,Dean Phillips,15,12,0,3
Beaver,GREENE TWP,President,,DEM,Write-In Totals,20,18,0,2
Beaver,GREENE TWP,President,,DEM,Not Assigned,20,18,0,2
Beaver,GREENE TWP,U.S. Senate,,DEM,Robert P Casey Jr,94,51,0,43
Beaver,GREENE TWP,U.S. Senate,,DEM,William Parker,22,19,0,3
Beaver,GREENE TWP,U.S. Senate,,DEM,Write-In Totals,5,5,0,0
Beaver,GREENE TWP,U.S. Senate,,DEM,Not Assigned,5,5,0,0
Beaver,GREENE TWP,U.S. House,17,DEM,Chris Deluzio,113,68,0,45
Beaver,GREENE TWP,U.S. House,17,DEM,Write-In Totals,2,2,0,0
Beaver,GREENE TWP,U.S. House,17,DEM,Not Assigned,2,2,0,0
Beaver,GREENE TWP,State Senate,47,DEM,Write-In: Elder Vogel Jr.,12,11,0,1
Beaver,GREENE TWP,State Senate,47,DEM,Write-In: Kate Lennen,7,4,0,3
Beaver,GREENE TWP,State Senate,47,DEM,Write-In: Scattered,4,3,0,1
Beaver,GREENE TWP,State Senate,47,DEM,Write-In Totals,23,18,0,5
Beaver,GREENE TWP,State Senate,47,DEM,Not Assigned,0,0,0,0
Beaver,GREENE TWP,State House,15,DEM,Ashlee Caul,113,69,0,44
Beaver,GREENE TWP,State House,15,DEM,Write-In Totals,3,3,0,0
Beaver,GREENE TWP,State House,15,DEM,Not Assigned,3,3,0,0
Beaver,GREENE TWP,DELEGATE TO THE DEMOCRATIC NATIONAL CONVENTION,17,DEM,Kaylee Werner,92,49,0,43
Beaver,GREENE TWP,DELEGATE TO THE DEMOCRATIC NATIONAL CONVENTION,17,DEM,Nancy Werme,91,51,0,40
Beaver,GREENE TWP,DELEGATE TO THE DEMOCRATIC NATIONAL CONVENTION,17,DEM,Mary Jane Jones-Gilliam,89,46,0,43
Beaver,GREENE TWP,DELEGATE TO THE DEMOCRATIC NATIONAL CONVENTION,17,DEM,Lisa M Baldis,88,47,0,41
Beaver,GREENE TWP,DELEGATE TO THE DEMOCRATIC NATIONAL CONVENTION,17,DEM,Arvind Venkat,85,46,0,39
Beaver,GREENE TWP,DELEGATE TO THE DEMOCRATIC NATIONAL CONVENTION,17,DEM,Dwan B Walker,85,46,0,39
Beaver,GREENE TWP,DELEGATE TO THE DEMOCRATIC NATIONAL CONVENTION,17,DEM,Kevin Kinross,83,42,0,41
Beaver,GREENE TWP,DELEGATE TO THE DEMOCRATIC NATIONAL CONVENTION,17,DEM,Write-In Totals,8,8,0,0
Beaver,GREENE TWP,DELEGATE TO THE DEMOCRATIC NATIONAL CONVENTION,17,DEM,Not Assigned,8,8,0,0
Beaver,GREENE TWP,President,,REP,Donald J Trump,223,210,0,13
Beaver,GREENE TWP,President,,REP,Nikki R Haley,20,15,0,5
Beaver,GREENE TWP,President,,REP,Write-In Totals,3,0,0,3
Beaver,GREENE TWP,President,,REP,Not Assigned,3,0,0,3
Beaver,GREENE TWP,U.S. Senate,,REP,Dave Mccormick,204,187,0,17
Beaver,GREENE TWP,U.S. Senate,,REP,Joseph J Vodvarka,24,21,0,3
Beaver,GREENE TWP,U.S. Senate,,REP,Write-In Totals,9,7,0,2
Beaver,GREENE TWP,U.S. Senate,,REP,Not Assigned,9,7,0,2
Beaver,GREENE TWP,U.S. House,17,REP,Rob Mercuri,208,186,0,22
Beaver,GREENE TWP,U.S. House,17,REP,Write-In Totals,10,10,0,0
Beaver,GREENE TWP,U.S. House,17,REP,Not Assigned,10,10,0,0
Beaver,GREENE TWP,State Senate,47,REP,Elder Vogel Jr,229,207,0,22
Beaver,GREENE TWP,State Senate,47,REP,Write-In Totals,2,2,0,0
Beaver,GREENE TWP,State Senate,47,REP,Not Assigned,2,2,0,0
Beaver,GREENE TWP,State House,15,REP,Joshua D Kail,224,204,0,20
Beaver,GREENE TWP,State House,15,REP,Write-In Totals,3,1,0,2
Beaver,GREENE TWP,State House,15,REP,Not Assigned,3,1,0,2
Beaver,GREENE TWP,DELEGATE TO THE REPUBLICAN NATIONAL CONVENTION,17,REP,Abby Kail,119,110,0,9
Beaver,GREENE TWP,DELEGATE TO THE REPUBLICAN NATIONAL CONVENTION,17,REP,Mike Mcmullen,104,97,0,7
Beaver,GREENE TWP,DELEGATE TO THE REPUBLICAN NATIONAL CONVENTION,17,REP,John Fredericks,104,100,0,4
Beaver,GREENE TWP,DELEGATE TO THE REPUBLICAN NATIONAL CONVENTION,17,REP,Bob Howard,59,55,0,4
Beaver,GREENE TWP,DELEGATE TO THE REPUBLICAN NATIONAL CONVENTION,17,REP,Jack Casey,55,53,0,2
Beaver,GREENE TWP,DELEGATE TO THE REPUBLICAN NATIONAL CONVENTION,17,REP,Toni Shuppe,55,45,0,10
Beaver,GREENE TWP,DELEGATE TO THE REPUBLICAN NATIONAL CONVENTION,17,REP,Veronica S Steinkirchner,48,41,0,7
Beaver,GREENE TWP,DELEGATE TO THE REPUBLICAN NATIONAL CONVENTION,17,REP,Vincent E Fusca,21,19,0,2
Beaver,GREENE TWP,DELEGATE TO THE REPUBLICAN NATIONAL CONVENTION,17,REP,Write-In Totals,1,1,0,0
Beaver,GREENE TWP,DELEGATE TO THE REPUBLICAN NATIONAL CONVENTION,17,REP,Not Assigned,1,1,0,0
Beaver,GREENE TWP,ALTERNATE DELEGATE TO THE REPUBLICAN NATIONAL CONVENTION,17,REP,Mike Mcmullen,148,137,0,11
Beaver,GREENE TWP,ALTERNATE DELEGATE TO THE REPUBLICAN NATIONAL CONVENTION,17,REP,Bob Hamilton,118,109,0,9
Beaver,GREENE TWP,ALTERNATE DELEGATE TO THE REPUBLICAN NATIONAL CONVENTION,17,REP,Christine Mattarochia,102,94,0,8
Beaver,GREENE TWP,ALTERNATE DELEGATE TO THE REPUBLICAN NATIONAL CONVENTION,17,REP,M J Costello,98,87,0,11
Beaver,GREENE TWP,ALTERNATE DELEGATE TO THE REPUBLICAN NATIONAL CONVENTION,17,REP,Write-In Totals,1,1,0,0
Beaver,GREENE TWP,ALTERNATE DELEGATE TO THE REPUBLICAN NATIONAL CONVENTION,17,REP,Not Assigned,1,1,0,0
Beaver,HANOVER TWP 1,President,,DEM,Joseph R Biden Jr,88,33,0,55
Beaver,HANOVER TWP 1,President,,DEM,Dean Phillips,16,13,0,3
Beaver,HANOVER TWP 1,President,,DEM,Write-In Totals,10,9,0,1
Beaver,HANOVER TWP 1,President,,DEM,Not Assigned,10,9,0,1
Beaver,HANOVER TWP 1,U.S. Senate,,DEM,Robert P Casey Jr,87,43,0,44
Beaver,HANOVER TWP 1,U.S. Senate,,DEM,William Parker,22,7,0,15
Beaver,HANOVER TWP 1,U.S. Senate,,DEM,Write-In Totals,6,6,0,0
Beaver,HANOVER TWP 1,U.S. Senate,,DEM,Not Assigned,6,6,0,0
Beaver,HANOVER TWP 1,U.S. House,17,DEM,Chris Deluzio,106,51,0,55
Beaver,HANOVER TWP 1,U.S. House,17,DEM,Write-In Totals,5,4,0,1
Beaver,HANOVER TWP 1,U.S. House,17,DEM,Not Assigned,5,4,0,1
Beaver,HANOVER TWP 1,State House,15,DEM,Ashlee Caul,102,50,0,52
Beaver,HANOVER TWP 1,State House,15,DEM,Write-In Totals,5,4,0,1
Beaver,HANOVER TWP 1,State House,15,DEM,Not Assigned,5,4,0,1
Beaver,HANOVER TWP 1,DELEGATE TO THE DEMOCRATIC NATIONAL CONVENTION,17,DEM,Lisa M Baldis,84,38,0,46
Beaver,HANOVER TWP 1,DELEGATE TO THE DEMOCRATIC NATIONAL CONVENTION,17,DEM,Mary Jane Jones-Gilliam,81,40,0,41
Beaver,HANOVER TWP 1,DELEGATE TO THE DEMOCRATIC NATIONAL CONVENTION,17,DEM,Kevin Kinross,81,38,0,43
Beaver,HANOVER TWP 1,DELEGATE TO THE DEMOCRATIC NATIONAL CONVENTION,17,DEM,Nancy Werme,81,39,0,42
Beaver,HANOVER TWP 1,DELEGATE TO THE DEMOCRATIC NATIONAL CONVENTION,17,DEM,Kaylee Werner,80,35,0,45
Beaver,HANOVER TWP 1,DELEGATE TO THE DEMOCRATIC NATIONAL CONVENTION,17,DEM,Dwan B Walker,79,36,0,43
Beaver,HANOVER TWP 1,DELEGATE TO THE DEMOCRATIC NATIONAL CONVENTION,17,DEM,Arvind Venkat,76,36,0,40
Beaver,HANOVER TWP 1,DELEGATE TO THE DEMOCRATIC NATIONAL CONVENTION,17,DEM,Write-In Totals,10,3,0,7
Beaver,HANOVER TWP 1,DELEGATE TO THE DEMOCRATIC NATIONAL CONVENTION,17,DEM,Not Assigned,10,3,0,7
Beaver,HANOVER TWP 1,President,,REP,Donald J Trump,194,175,0,19
Beaver,HANOVER TWP 1,President,,REP,Nikki R Haley,30,17,0,13
Beaver,HANOVER TWP 1,President,,REP,Write-In Totals,3,1,0,2
Beaver,HANOVER TWP 1,President,,REP,Not Assigned,3,1,0,2
Beaver,HANOVER TWP 1,U.S. Senate,,REP,Dave Mccormick,191,167,0,24
Beaver,HANOVER TWP 1,U.S. Senate,,REP,Joseph J Vodvarka,15,12,0,3
Beaver,HANOVER TWP 1,U.S. Senate,,REP,Write-In Totals,10,8,0,2
Beaver,HANOVER TWP 1,U.S. Senate,,REP,Not Assigned,10,8,0,2
Beaver,HANOVER TWP 1,U.S. House,17,REP,Rob Mercuri,202,174,0,28
Beaver,HANOVER TWP 1,U.S. House,17,REP,Write-In Totals,2,1,0,1
Beaver,HANOVER TWP 1,U.S. House,17,REP,Not Assigned,2,1,0,1
Beaver,HANOVER TWP 1,State House,15,REP,Joshua D Kail,218,189,0,29
Beaver,HANOVER TWP 1,State House,15,REP,Write-In Totals,1,0,0,1
Beaver,HANOVER TWP 1,State House,15,REP,Not Assigned,1,0,0,1
Beaver,HANOVER TWP 1,DELEGATE TO THE REPUBLICAN NATIONAL CONVENTION,17,REP,Abby Kail,147,129,0,18
Beaver,HANOVER TWP 1,DELEGATE TO THE REPUBLICAN NATIONAL CONVENTION,17,REP,Mike Mcmullen,86,74,0,12
Beaver,HANOVER TWP 1,DELEGATE TO THE REPUBLICAN NATIONAL CONVENTION,17,REP,John Fredericks,80,69,0,11
Beaver,HANOVER TWP 1,DELEGATE TO THE REPUBLICAN NATIONAL CONVENTION,17,REP,Bob Howard,51,44,0,7
Beaver,HANOVER TWP 1,DELEGATE TO THE REPUBLICAN NATIONAL CONVENTION,17,REP,Veronica S Steinkirchner,50,42,0,8
Beaver,HANOVER TWP 1,DELEGATE TO THE REPUBLICAN NATIONAL CONVENTION,17,REP,Jack Casey,47,37,0,10
Beaver,HANOVER TWP 1,DELEGATE TO THE REPUBLICAN NATIONAL CONVENTION,17,REP,Toni Shuppe,42,34,0,8
Beaver,HANOVER TWP 1,DELEGATE TO THE REPUBLICAN NATIONAL CONVENTION,17,REP,Vincent E Fusca,31,28,0,3
Beaver,HANOVER TWP 1,DELEGATE TO THE REPUBLICAN NATIONAL CONVENTION,17,REP,Write-In Totals,1,0,0,1
Beaver,HANOVER TWP 1,DELEGATE TO THE REPUBLICAN NATIONAL CONVENTION,17,REP,Not Assigned,1,0,0,1
Beaver,HANOVER TWP 1,ALTERNATE DELEGATE TO THE REPUBLICAN NATIONAL CONVENTION,17,REP,Mike Mcmullen,132,117,0,15
Beaver,HANOVER TWP 1,ALTERNATE DELEGATE TO THE REPUBLICAN NATIONAL CONVENTION,17,REP,Christine Mattarochia,115,96,0,19
Beaver,HANOVER TWP 1,ALTERNATE DELEGATE TO THE REPUBLICAN NATIONAL CONVENTION,17,REP,Bob Hamilton,95,79,0,16
Beaver,HANOVER TWP 1,ALTERNATE DELEGATE TO THE REPUBLICAN NATIONAL CONVENTION,17,REP,M J Costello,81,70,0,11
Beaver,HANOVER TWP 1,ALTERNATE DELEGATE TO THE REPUBLICAN NATIONAL CONVENTION,17,REP,Write-In Totals,2,1,0,1
Beaver,HANOVER TWP 1,ALTERNATE DELEGATE TO THE REPUBLICAN NATIONAL CONVENTION,17,REP,Not Assigned,2,1,0,1
Beaver,HANOVER TWP 2,President,,DEM,Joseph R Biden Jr,50,23,0,27
Beaver,HANOVER TWP 2,President,,DEM,Dean Phillips,13,12,0,1
Beaver,HANOVER TWP 2,President,,DEM,Write-In Totals,5,5,0,0
Beaver,HANOVER TWP 2,President,,DEM,Not Assigned,5,5,0,0
Beaver,HANOVER TWP 2,U.S. Senate,,DEM,Robert P Casey Jr,50,27,0,23
Beaver,HANOVER TWP 2,U.S. Senate,,DEM,William Parker,18,13,0,5
Beaver,HANOVER TWP 2,U.S. Senate,,DEM,Write-In Totals,1,1,0,0
Beaver,HANOVER TWP 2,U.S. Senate,,DEM,Not Assigned,1,1,0,0
Beaver,HANOVER TWP 2,U.S. House,17,DEM,Chris Deluzio,63,36,0,27
Beaver,HANOVER TWP 2,U.S. House,17,DEM,Write-In Totals,1,1,0,0
Beaver,HANOVER TWP 2,U.S. House,17,DEM,Not Assigned,1,1,0,0
Beaver,HANOVER TWP 2,State House,15,DEM,Ashlee Caul,64,37,0,27
Beaver,HANOVER TWP 2,State House,15,DEM,Write-In Totals,0,0,0,0
Beaver,HANOVER TWP 2,State House,15,DEM,Not Assigned,0,0,0,0
Beaver,HANOVER TWP 2,DELEGATE TO THE DEMOCRATIC NATIONAL CONVENTION,17,DEM,Kaylee Werner,55,30,0,25
Beaver,HANOVER TWP 2,DELEGATE TO THE DEMOCRATIC NATIONAL CONVENTION,17,DEM,Nancy Werme,53,28,0,25
Beaver,HANOVER TWP 2,DELEGATE TO THE DEMOCRATIC NATIONAL CONVENTION,17,DEM,Lisa M Baldis,52,28,0,24
Beaver,HANOVER TWP 2,DELEGATE TO THE DEMOCRATIC NATIONAL CONVENTION,17,DEM,Mary Jane Jones-Gilliam,52,26,0,26
Beaver,HANOVER TWP 2,DELEGATE TO THE DEMOCRATIC NATIONAL CONVENTION,17,DEM,Dwan B Walker,49,25,0,24
Beaver,HANOVER TWP 2,DELEGATE TO THE DEMOCRATIC NATIONAL CONVENTION,17,DEM,Arvind Venkat,45,23,0,22
Beaver,HANOVER TWP 2,DELEGATE TO THE DEMOCRATIC NATIONAL CONVENTION,17,DEM,Kevin Kinross,41,20,0,21
Beaver,HANOVER TWP 2,DELEGATE TO THE DEMOCRATIC NATIONAL CONVENTION,17,DEM,Write-In Totals,1,1,0,0
Beaver,HANOVER TWP 2,DELEGATE TO THE DEMOCRATIC NATIONAL CONVENTION,17,DEM,Not Assigned,1,1,0,0
Beaver,HANOVER TWP 2,President,,REP,Donald J Trump,146,136,0,10
Beaver,HANOVER TWP 2,President,,REP,Nikki R Haley,9,6,0,3
Beaver,HANOVER TWP 2,President,,REP,Write-In Totals,0,0,0,0
Beaver,HANOVER TWP 2,President,,REP,Not Assigned,0,0,0,0
Beaver,HANOVER TWP 2,U.S. Senate,,REP,Dave Mccormick,135,124,0,11
Beaver,HANOVER TWP 2,U.S. Senate,,REP,Joseph J Vodvarka,15,14,0,1
Beaver,HANOVER TWP 2,U.S. Senate,,REP,Write-In Totals,0,0,0,0
Beaver,HANOVER TWP 2,U.S. Senate,,REP,Not Assigned,0,0,0,0
Beaver,HANOVER TWP 2,U.S. House,17,REP,Rob Mercuri,139,128,0,11
Beaver,HANOVER TWP 2,U.S. House,17,REP,Write-In Totals,0,0,0,0
Beaver,HANOVER TWP 2,U.S. House,17,REP,Not Assigned,0,0,0,0
Beaver,HANOVER TWP 2,State House,15,REP,Joshua D Kail,153,141,0,12
Beaver,HANOVER TWP 2,State House,15,REP,Write-In Totals,1,1,0,0
Beaver,HANOVER TWP 2,State House,15,REP,Not Assigned,1,1,0,0
Beaver,HANOVER TWP 2,DELEGATE TO THE REPUBLICAN NATIONAL CONVENTION,17,REP,Abby Kail,91,84,0,7
Beaver,HANOVER TWP 2,DELEGATE TO THE REPUBLICAN NATIONAL CONVENTION,17,REP,Mike Mcmullen,69,65,0,4
Beaver,HANOVER TWP 2,DELEGATE TO THE REPUBLICAN NATIONAL CONVENTION,17,REP,John Fredericks,57,54,0,3
Beaver,HANOVER TWP 2,DELEGATE TO THE REPUBLICAN NATIONAL CONVENTION,17,REP,Jack Casey,44,40,0,4
Beaver,HANOVER TWP 2,DELEGATE TO THE REPUBLICAN NATIONAL CONVENTION,17,REP,Bob Howard,28,25,0,3
Beaver,HANOVER TWP 2,DELEGATE TO THE REPUBLICAN NATIONAL CONVENTION,17,REP,Toni Shuppe,25,24,0,1
Beaver,HANOVER TWP 2,DELEGATE TO THE REPUBLICAN NATIONAL CONVENTION,17,REP,Veronica S Steinkirchner,21,20,0,1
Beaver,HANOVER TWP 2,DELEGATE TO THE REPUBLICAN NATIONAL CONVENTION,17,REP,Vincent E Fusca,14,13,0,1
Beaver,HANOVER TWP 2,DELEGATE TO THE REPUBLICAN NATIONAL CONVENTION,17,REP,Write-In Totals,0,0,0,0
Beaver,HANOVER TWP 2,DELEGATE TO THE REPUBLICAN NATIONAL CONVENTION,17,REP,Not Assigned,0,0,0,0
Beaver,HANOVER TWP 2,ALTERNATE DELEGATE TO THE REPUBLICAN NATIONAL CONVENTION,17,REP,Mike Mcmullen,93,85,0,8
Beaver,HANOVER TWP 2,ALTERNATE DELEGATE TO THE REPUBLICAN NATIONAL CONVENTION,17,REP,Bob Hamilton,79,72,0,7
Beaver,HANOVER TWP 2,ALTERNATE DELEGATE TO THE REPUBLICAN NATIONAL CONVENTION,17,REP,Christine Mattarochia,66,61,0,5
Beaver,HANOVER TWP 2,ALTERNATE DELEGATE TO THE REPUBLICAN NATIONAL CONVENTION,17,REP,M J Costello,49,43,0,6
Beaver,HANOVER TWP 2,ALTERNATE DELEGATE TO THE REPUBLICAN NATIONAL CONVENTION,17,REP,Write-In Totals,0,0,0,0
Beaver,HANOVER TWP 2,ALTERNATE DELEGATE TO THE REPUBLICAN NATIONAL CONVENTION,17,REP,Not Assigned,0,0,0,0
Beaver,HARMONY TWP 1,President,,DEM,Joseph R Biden Jr,149,80,0,69
Beaver,HARMONY TWP 1,President,,DEM,Dean Phillips,14,9,0,5
Beaver,HARMONY TWP 1,President,,DEM,Write-In Totals,6,6,0,0
Beaver,HARMONY TWP 1,President,,DEM,Not Assigned,6,6,0,0
Beaver,HARMONY TWP 1,U.S. Senate,,DEM,Robert P Casey Jr,140,73,1,66
Beaver,HARMONY TWP 1,U.S. Senate,,DEM,William Parker,32,21,0,11
Beaver,HARMONY TWP 1,U.S. Senate,,DEM,Write-In Totals,0,0,0,0
Beaver,HARMONY TWP 1,U.S. Senate,,DEM,Not Assigned,0,0,0,0
Beaver,HARMONY TWP 1,U.S. House,17,DEM,Chris Deluzio,170,95,1,74
Beaver,HARMONY TWP 1,U.S. House,17,DEM,Write-In Totals,0,0,0,0
Beaver,HARMONY TWP 1,U.S. House,17,DEM,Not Assigned,0,0,0,0
Beaver,HARMONY TWP 1,State Senate,47,DEM,Write-In: Kate Lennen,21,15,0,6
Beaver,HARMONY TWP 1,State Senate,47,DEM,Write-In: Elder Vogel Jr.,12,3,0,9
Beaver,HARMONY TWP 1,State Senate,47,DEM,Write-In: Scattered,8,6,0,2
Beaver,HARMONY TWP 1,State Senate,47,DEM,Write-In Totals,41,24,0,17
Beaver,HARMONY TWP 1,State Senate,47,DEM,Not Assigned,0,0,0,0
Beaver,HARMONY TWP 1,State House,16,DEM,Robert F Matzie,174,96,1,77
Beaver,HARMONY TWP 1,State House,16,DEM,Write-In Totals,1,1,0,0
Beaver,HARMONY TWP 1,State House,16,DEM,Not Assigned,1,1,0,0
Beaver,HARMONY TWP 1,DELEGATE TO THE DEMOCRATIC NATIONAL CONVENTION,17,DEM,Nancy Werme,135,71,0,64
Beaver,HARMONY TWP 1,DELEGATE TO THE DEMOCRATIC NATIONAL CONVENTION,17,DEM,Kaylee Werner,129,69,0,60
Beaver,HARMONY TWP 1,DELEGATE TO THE DEMOCRATIC NATIONAL CONVENTION,17,DEM,Mary Jane Jones-Gilliam,124,67,0,57
Beaver,HARMONY TWP 1,DELEGATE TO THE DEMOCRATIC NATIONAL CONVENTION,17,DEM,Lisa M Baldis,119,63,0,56
Beaver,HARMONY TWP 1,DELEGATE TO THE DEMOCRATIC NATIONAL CONVENTION,17,DEM,Dwan B Walker,114,60,0,54
Beaver,HARMONY TWP 1,DELEGATE TO THE DEMOCRATIC NATIONAL CONVENTION,17,DEM,Arvind Venkat,109,56,0,53
Beaver,HARMONY TWP 1,DELEGATE TO THE DEMOCRATIC NATIONAL CONVENTION,17,DEM,Kevin Kinross,109,55,0,54
Beaver,HARMONY TWP 1,DELEGATE TO THE DEMOCRATIC NATIONAL CONVENTION,17,DEM,Write-In Totals,4,2,0,2
Beaver,HARMONY TWP 1,DELEGATE TO THE DEMOCRATIC NATIONAL CONVENTION,17,DEM,Not Assigned,4,2,0,2
Beaver,HARMONY TWP 1,President,,REP,Donald J Trump,66,56,0,10
Beaver,HARMONY TWP 1,President,,REP,Nikki R Haley,12,7,0,5
Beaver,HARMONY TWP 1,President,,REP,Write-In Totals,3,2,0,1
Beaver,HARMONY TWP 1,President,,REP,Not Assigned,3,2,0,1
Beaver,HARMONY TWP 1,U.S. Senate,,REP,Dave Mccormick,67,55,0,12
Beaver,HARMONY TWP 1,U.S. Senate,,REP,Joseph J Vodvarka,11,8,0,3
Beaver,HARMONY TWP 1,U.S. Senate,,REP,Write-In Totals,0,0,0,0
Beaver,HARMONY TWP 1,U.S. Senate,,REP,Not Assigned,0,0,0,0
Beaver,HARMONY TWP 1,U.S. House,17,REP,Rob Mercuri,70,56,0,14
Beaver,HARMONY TWP 1,U.S. House,17,REP,Write-In Totals,2,2,0,0
Beaver,HARMONY TWP 1,U.S. House,17,REP,Not Assigned,2,2,0,0
Beaver,HARMONY TWP 1,State Senate,47,REP,Elder Vogel Jr,73,59,0,14
Beaver,HARMONY TWP 1,State Senate,47,REP,Write-In Totals,1,1,0,0
Beaver,HARMONY TWP 1,State Senate,47,REP,Not Assigned,1,1,0,0
Beaver,HARMONY TWP 1,State House,16,REP,Michael J Perich,65,51,0,14
Beaver,HARMONY TWP 1,State House,16,REP,Write-In Totals,4,4,0,0
Beaver,HARMONY TWP 1,State House,16,REP,Not Assigned,4,4,0,0
Beaver,HARMONY TWP 1,DELEGATE TO THE REPUBLICAN NATIONAL CONVENTION,17,REP,Abby Kail,35,26,0,9
Beaver,HARMONY TWP 1,DELEGATE TO THE REPUBLICAN NATIONAL CONVENTION,17,REP,Mike Mcmullen,33,27,0,6
Beaver,HARMONY TWP 1,DELEGATE TO THE REPUBLICAN NATIONAL CONVENTION,17,REP,Jack Casey,23,17,0,6
Beaver,HARMONY TWP 1,DELEGATE TO THE REPUBLICAN NATIONAL CONVENTION,17,REP,John Fredericks,22,18,0,4
Beaver,HARMONY TWP 1,DELEGATE TO THE REPUBLICAN NATIONAL CONVENTION,17,REP,Vincent E Fusca,18,17,0,1
Beaver,HARMONY TWP 1,DELEGATE TO THE REPUBLICAN NATIONAL CONVENTION,17,REP,Bob Howard,17,12,0,5
Beaver,HARMONY TWP 1,DELEGATE TO THE REPUBLICAN NATIONAL CONVENTION,17,REP,Veronica S Steinkirchner,17,9,0,8
Beaver,HARMONY TWP 1,DELEGATE TO THE REPUBLICAN NATIONAL CONVENTION,17,REP,Toni Shuppe,14,8,0,6
Beaver,HARMONY TWP 1,DELEGATE TO THE REPUBLICAN NATIONAL CONVENTION,17,REP,Write-In Totals,1,1,0,0
Beaver,HARMONY TWP 1,DELEGATE TO THE REPUBLICAN NATIONAL CONVENTION,17,REP,Not Assigned,1,1,0,0
Beaver,HARMONY TWP 1,ALTERNATE DELEGATE TO THE REPUBLICAN NATIONAL CONVENTION,17,REP,Mike Mcmullen,41,32,0,9
Beaver,HARMONY TWP 1,ALTERNATE DELEGATE TO THE REPUBLICAN NATIONAL CONVENTION,17,REP,Christine Mattarochia,40,30,0,10
Beaver,HARMONY TWP 1,ALTERNATE DELEGATE TO THE REPUBLICAN NATIONAL CONVENTION,17,REP,Bob Hamilton,34,24,0,10
Beaver,HARMONY TWP 1,ALTERNATE DELEGATE TO THE REPUBLICAN NATIONAL CONVENTION,17,REP,M J Costello,25,20,0,5
Beaver,HARMONY TWP 1,ALTERNATE DELEGATE TO THE REPUBLICAN NATIONAL CONVENTION,17,REP,Write-In Totals,3,3,0,0
Beaver,HARMONY TWP 1,ALTERNATE DELEGATE TO THE REPUBLICAN NATIONAL CONVENTION,17,REP,Not Assigned,3,3,0,0
Beaver,HARMONY TWP 2,President,,DEM,Joseph R Biden Jr,72,49,0,23
Beaver,HARMONY TWP 2,President,,DEM,Dean Phillips,13,8,0,5
Beaver,HARMONY TWP 2,President,,DEM,Write-In Totals,4,3,0,1
Beaver,HARMONY TWP 2,President,,DEM,Not Assigned,4,3,0,1
Beaver,HARMONY TWP 2,U.S. Senate,,DEM,Robert P Casey Jr,64,41,0,23
Beaver,HARMONY TWP 2,U.S. Senate,,DEM,William Parker,24,19,0,5
Beaver,HARMONY TWP 2,U.S. Senate,,DEM,Write-In Totals,1,0,0,1
Beaver,HARMONY TWP 2,U.S. Senate,,DEM,Not Assigned,1,0,0,1
Beaver,HARMONY TWP 2,U.S. House,17,DEM,Chris Deluzio,86,58,0,28
Beaver,HARMONY TWP 2,U.S. House,17,DEM,Write-In Totals,1,0,0,1
Beaver,HARMONY TWP 2,U.S. House,17,DEM,Not Assigned,1,0,0,1
Beaver,HARMONY TWP 2,State Senate,47,DEM,Write-In: Scattered,7,7,0,0
Beaver,HARMONY TWP 2,State Senate,47,DEM,Write-In: Kate Lennen,4,3,0,1
Beaver,HARMONY TWP 2,State Senate,47,DEM,Write-In: Elder Vogel Jr.,4,3,0,1
Beaver,HARMONY TWP 2,State Senate,47,DEM,Write-In Totals,15,13,0,2
Beaver,HARMONY TWP 2,State Senate,47,DEM,Not Assigned,0,0,0,0
Beaver,HARMONY TWP 2,State House,16,DEM,Robert F Matzie,91,61,0,30
Beaver,HARMONY TWP 2,State House,16,DEM,Write-In Totals,0,0,0,0
Beaver,HARMONY TWP 2,State House,16,DEM,Not Assigned,0,0,0,0
Beaver,HARMONY TWP 2,DELEGATE TO THE DEMOCRATIC NATIONAL CONVENTION,17,DEM,Nancy Werme,75,52,0,23
Beaver,HARMONY TWP 2,DELEGATE TO THE DEMOCRATIC NATIONAL CONVENTION,17,DEM,Mary Jane Jones-Gilliam,70,48,0,22
Beaver,HARMONY TWP 2,DELEGATE TO THE DEMOCRATIC NATIONAL CONVENTION,17,DEM,Kaylee Werner,69,48,0,21
Beaver,HARMONY TWP 2,DELEGATE TO THE DEMOCRATIC NATIONAL CONVENTION,17,DEM,Lisa M Baldis,69,49,0,20
Beaver,HARMONY TWP 2,DELEGATE TO THE DEMOCRATIC NATIONAL CONVENTION,17,DEM,Kevin Kinross,69,48,0,21
Beaver,HARMONY TWP 2,DELEGATE TO THE DEMOCRATIC NATIONAL CONVENTION,17,DEM,Dwan B Walker,68,47,0,21
Beaver,HARMONY TWP 2,DELEGATE TO THE DEMOCRATIC NATIONAL CONVENTION,17,DEM,Arvind Venkat,64,44,0,20
Beaver,HARMONY TWP 2,DELEGATE TO THE DEMOCRATIC NATIONAL CONVENTION,17,DEM,Write-In Totals,1,1,0,0
Beaver,HARMONY TWP 2,DELEGATE TO THE DEMOCRATIC NATIONAL CONVENTION,17,DEM,Not Assigned,1,1,0,0
Beaver,HARMONY TWP 2,President,,REP,Donald J Trump,39,34,0,5
Beaver,HARMONY TWP 2,President,,REP,Nikki R Haley,4,4,0,0
Beaver,HARMONY TWP 2,President,,REP,Write-In Totals,0,0,0,0
Beaver,HARMONY TWP 2,President,,REP,Not Assigned,0,0,0,0
Beaver,HARMONY TWP 2,U.S. Senate,,REP,Dave Mccormick,37,33,0,4
Beaver,HARMONY TWP 2,U.S. Senate,,REP,Joseph J Vodvarka,3,2,0,1
Beaver,HARMONY TWP 2,U.S. Senate,,REP,Write-In Totals,0,0,0,0
Beaver,HARMONY TWP 2,U.S. Senate,,REP,Not Assigned,0,0,0,0
Beaver,HARMONY TWP 2,U.S. House,17,REP,Rob Mercuri,41,36,0,5
Beaver,HARMONY TWP 2,U.S. House,17,REP,Write-In Totals,0,0,0,0
Beaver,HARMONY TWP 2,U.S. House,17,REP,Not Assigned,0,0,0,0
Beaver,HARMONY TWP 2,State Senate,47,REP,Elder Vogel Jr,41,36,0,5
Beaver,HARMONY TWP 2,State Senate,47,REP,Write-In Totals,0,0,0,0
Beaver,HARMONY TWP 2,State Senate,47,REP,Not Assigned,0,0,0,0
Beaver,HARMONY TWP 2,State House,16,REP,Michael J Perich,39,34,0,5
Beaver,HARMONY TWP 2,State House,16,REP,Write-In Totals,0,0,0,0
Beaver,HARMONY TWP 2,State House,16,REP,Not Assigned,0,0,0,0
Beaver,HARMONY TWP 2,DELEGATE TO THE REPUBLICAN NATIONAL CONVENTION,17,REP,Bob Howard,18,16,0,2
Beaver,HARMONY TWP 2,DELEGATE TO THE REPUBLICAN NATIONAL CONVENTION,17,REP,Mike Mcmullen,17,15,0,2
Beaver,HARMONY TWP 2,DELEGATE TO THE REPUBLICAN NATIONAL CONVENTION,17,REP,Abby Kail,15,14,0,1
Beaver,HARMONY TWP 2,DELEGATE TO THE REPUBLICAN NATIONAL CONVENTION,17,REP,Toni Shuppe,13,10,0,3
Beaver,HARMONY TWP 2,DELEGATE TO THE REPUBLICAN NATIONAL CONVENTION,17,REP,John Fredericks,13,11,0,2
Beaver,HARMONY TWP 2,DELEGATE TO THE REPUBLICAN NATIONAL CONVENTION,17,REP,Jack Casey,12,11,0,1
Beaver,HARMONY TWP 2,DELEGATE TO THE REPUBLICAN NATIONAL CONVENTION,17,REP,Veronica S Steinkirchner,11,10,0,1
Beaver,HARMONY TWP 2,DELEGATE TO THE REPUBLICAN NATIONAL CONVENTION,17,REP,Vincent E Fusca,7,6,0,1
Beaver,HARMONY TWP 2,DELEGATE TO THE REPUBLICAN NATIONAL CONVENTION,17,REP,Write-In Totals,2,2,0,0
Beaver,HARMONY TWP 2,DELEGATE TO THE REPUBLICAN NATIONAL CONVENTION,17,REP,Not Assigned,2,2,0,0
Beaver,HARMONY TWP 2,ALTERNATE DELEGATE TO THE REPUBLICAN NATIONAL CONVENTION,17,REP,Mike Mcmullen,25,21,0,4
Beaver,HARMONY TWP 2,ALTERNATE DELEGATE TO THE REPUBLICAN NATIONAL CONVENTION,17,REP,Bob Hamilton,22,19,0,3
Beaver,HARMONY TWP 2,ALTERNATE DELEGATE TO THE REPUBLICAN NATIONAL CONVENTION,17,REP,Christine Mattarochia,21,19,0,2
Beaver,HARMONY TWP 2,ALTERNATE DELEGATE TO THE REPUBLICAN NATIONAL CONVENTION,17,REP,M J Costello,14,11,0,3
Beaver,HARMONY TWP 2,ALTERNATE DELEGATE TO THE REPUBLICAN NATIONAL CONVENTION,17,REP,Write-In Totals,3,3,0,0
Beaver,HARMONY TWP 2,ALTERNATE DELEGATE TO THE REPUBLICAN NATIONAL CONVENTION,17,REP,Not Assigned,3,3,0,0
Beaver,HARMONY TWP 3,President,,DEM,Joseph R Biden Jr,62,38,0,24
Beaver,HARMONY TWP 3,President,,DEM,Dean Phillips,8,7,0,1
Beaver,HARMONY TWP 3,President,,DEM,Write-In Totals,12,10,0,2
Beaver,HARMONY TWP 3,President,,DEM,Not Assigned,12,10,0,2
Beaver,HARMONY TWP 3,U.S. Senate,,DEM,Robert P Casey Jr,62,42,0,20
Beaver,HARMONY TWP 3,U.S. Senate,,DEM,William Parker,17,10,0,7
Beaver,HARMONY TWP 3,U.S. Senate,,DEM,Write-In Totals,5,5,0,0
Beaver,HARMONY TWP 3,U.S. Senate,,DEM,Not Assigned,5,5,0,0
Beaver,HARMONY TWP 3,U.S. House,17,DEM,Chris Deluzio,81,54,0,27
Beaver,HARMONY TWP 3,U.S. House,17,DEM,Write-In Totals,4,3,0,1
Beaver,HARMONY TWP 3,U.S. House,17,DEM,Not Assigned,4,3,0,1
Beaver,HARMONY TWP 3,State Senate,47,DEM,Write-In: Elder Vogel Jr.,9,5,0,4
Beaver,HARMONY TWP 3,State Senate,47,DEM,Write-In: Scattered,5,4,0,1
Beaver,HARMONY TWP 3,State Senate,47,DEM,Write-In: Kate Lennen,2,1,0,1
Beaver,HARMONY TWP 3,State Senate,47,DEM,Write-In Totals,16,10,0,6
Beaver,HARMONY TWP 3,State Senate,47,DEM,Not Assigned,0,0,0,0
Beaver,HARMONY TWP 3,State House,16,DEM,Robert F Matzie,83,56,0,27
Beaver,HARMONY TWP 3,State House,16,DEM,Write-In Totals,2,2,0,0
Beaver,HARMONY TWP 3,State House,16,DEM,Not Assigned,2,2,0,0
Beaver,HARMONY TWP 3,DELEGATE TO THE DEMOCRATIC NATIONAL CONVENTION,17,DEM,Nancy Werme,61,40,0,21
Beaver,HARMONY TWP 3,DELEGATE TO THE DEMOCRATIC NATIONAL CONVENTION,17,DEM,Lisa M Baldis,58,38,0,20
Beaver,HARMONY TWP 3,DELEGATE TO THE DEMOCRATIC NATIONAL CONVENTION,17,DEM,Kaylee Werner,57,35,0,22
Beaver,HARMONY TWP 3,DELEGATE TO THE DEMOCRATIC NATIONAL CONVENTION,17,DEM,Mary Jane Jones-Gilliam,55,35,0,20
Beaver,HARMONY TWP 3,DELEGATE TO THE DEMOCRATIC NATIONAL CONVENTION,17,DEM,Kevin Kinross,54,35,0,19
Beaver,HARMONY TWP 3,DELEGATE TO THE DEMOCRATIC NATIONAL CONVENTION,17,DEM,Arvind Venkat,50,31,0,19
Beaver,HARMONY TWP 3,DELEGATE TO THE DEMOCRATIC NATIONAL CONVENTION,17,DEM,Dwan B Walker,50,33,0,17
Beaver,HARMONY TWP 3,DELEGATE TO THE DEMOCRATIC NATIONAL CONVENTION,17,DEM,Write-In Totals,16,12,0,4
Beaver,HARMONY TWP 3,DELEGATE TO THE DEMOCRATIC NATIONAL CONVENTION,17,DEM,Not Assigned,16,12,0,4
Beaver,HARMONY TWP 3,President,,REP,Donald J Trump,57,52,0,5
Beaver,HARMONY TWP 3,President,,REP,Nikki R Haley,8,5,0,3
Beaver,HARMONY TWP 3,President,,REP,Write-In Totals,1,1,0,0
Beaver,HARMONY TWP 3,President,,REP,Not Assigned,1,1,0,0
Beaver,HARMONY TWP 3,U.S. Senate,,REP,Dave Mccormick,54,47,0,7
Beaver,HARMONY TWP 3,U.S. Senate,,REP,Joseph J Vodvarka,5,5,0,0
Beaver,HARMONY TWP 3,U.S. Senate,,REP,Write-In Totals,2,2,0,0
Beaver,HARMONY TWP 3,U.S. Senate,,REP,Not Assigned,2,2,0,0
Beaver,HARMONY TWP 3,U.S. House,17,REP,Rob Mercuri,53,46,0,7
Beaver,HARMONY TWP 3,U.S. House,17,REP,Write-In Totals,1,1,0,0
Beaver,HARMONY TWP 3,U.S. House,17,REP,Not Assigned,1,1,0,0
Beaver,HARMONY TWP 3,State Senate,47,REP,Elder Vogel Jr,60,52,0,8
Beaver,HARMONY TWP 3,State Senate,47,REP,Write-In Totals,0,0,0,0
Beaver,HARMONY TWP 3,State Senate,47,REP,Not Assigned,0,0,0,0
Beaver,HARMONY TWP 3,State House,16,REP,Michael J Perich,52,46,0,6
Beaver,HARMONY TWP 3,State House,16,REP,Write-In Totals,0,0,0,0
Beaver,HARMONY TWP 3,State House,16,REP,Not Assigned,0,0,0,0
Beaver,HARMONY TWP 3,DELEGATE TO THE REPUBLICAN NATIONAL CONVENTION,17,REP,Mike Mcmullen,32,30,0,2
Beaver,HARMONY TWP 3,DELEGATE TO THE REPUBLICAN NATIONAL CONVENTION,17,REP,John Fredericks,25,21,0,4
Beaver,HARMONY TWP 3,DELEGATE TO THE REPUBLICAN NATIONAL CONVENTION,17,REP,Jack Casey,21,20,0,1
Beaver,HARMONY TWP 3,DELEGATE TO THE REPUBLICAN NATIONAL CONVENTION,17,REP,Abby Kail,20,17,0,3
Beaver,HARMONY TWP 3,DELEGATE TO THE REPUBLICAN NATIONAL CONVENTION,17,REP,Toni Shuppe,16,13,0,3
Beaver,HARMONY TWP 3,DELEGATE TO THE REPUBLICAN NATIONAL CONVENTION,17,REP,Vincent E Fusca,14,12,0,2
Beaver,HARMONY TWP 3,DELEGATE TO THE REPUBLICAN NATIONAL CONVENTION,17,REP,Veronica S Steinkirchner,11,8,0,3
Beaver,HARMONY TWP 3,DELEGATE TO THE REPUBLICAN NATIONAL CONVENTION,17,REP,Bob Howard,10,9,0,1
Beaver,HARMONY TWP 3,DELEGATE TO THE REPUBLICAN NATIONAL CONVENTION,17,REP,Write-In Totals,0,0,0,0
Beaver,HARMONY TWP 3,DELEGATE TO THE REPUBLICAN NATIONAL CONVENTION,17,REP,Not Assigned,0,0,0,0
Beaver,HARMONY TWP 3,ALTERNATE DELEGATE TO THE REPUBLICAN NATIONAL CONVENTION,17,REP,Christine Mattarochia,31,26,0,5
Beaver,HARMONY TWP 3,ALTERNATE DELEGATE TO THE REPUBLICAN NATIONAL CONVENTION,17,REP,Mike Mcmullen,30,27,0,3
Beaver,HARMONY TWP 3,ALTERNATE DELEGATE TO THE REPUBLICAN NATIONAL CONVENTION,17,REP,Bob Hamilton,30,23,0,7
Beaver,HARMONY TWP 3,ALTERNATE DELEGATE TO THE REPUBLICAN NATIONAL CONVENTION,17,REP,M J Costello,22,18,0,4
Beaver,HARMONY TWP 3,ALTERNATE DELEGATE TO THE REPUBLICAN NATIONAL CONVENTION,17,REP,Write-In Totals,4,4,0,0
Beaver,HARMONY TWP 3,ALTERNATE DELEGATE TO THE REPUBLICAN NATIONAL CONVENTION,17,REP,Not Assigned,4,4,0,0
Beaver,HOMEWOOD BORO,President,,DEM,Joseph R Biden Jr,15,12,0,3
Beaver,HOMEWOOD BORO,President,,DEM,Dean Phillips,3,3,0,0
Beaver,HOMEWOOD BORO,President,,DEM,Write-In Totals,0,0,0,0
Beaver,HOMEWOOD BORO,President,,DEM,Not Assigned,0,0,0,0
Beaver,HOMEWOOD BORO,U.S. Senate,,DEM,Robert P Casey Jr,12,9,0,3
Beaver,HOMEWOOD BORO,U.S. Senate,,DEM,William Parker,6,6,0,0
Beaver,HOMEWOOD BORO,U.S. Senate,,DEM,Write-In Totals,0,0,0,0
Beaver,HOMEWOOD BORO,U.S. Senate,,DEM,Not Assigned,0,0,0,0
Beaver,HOMEWOOD BORO,U.S. House,17,DEM,Chris Deluzio,17,14,0,3
Beaver,HOMEWOOD BORO,U.S. House,17,DEM,Write-In Totals,0,0,0,0
Beaver,HOMEWOOD BORO,U.S. House,17,DEM,Not Assigned,0,0,0,0
Beaver,HOMEWOOD BORO,State Senate,47,DEM,Write-In: Elder Vogel Jr.,2,2,0,0
Beaver,HOMEWOOD BORO,State Senate,47,DEM,Write-In: Scattered,0,0,0,0
Beaver,HOMEWOOD BORO,State Senate,47,DEM,Write-In: Kate Lennen,0,0,0,0
Beaver,HOMEWOOD BORO,State Senate,47,DEM,Write-In Totals,2,2,0,0
Beaver,HOMEWOOD BORO,State Senate,47,DEM,Not Assigned,0,0,0,0
Beaver,HOMEWOOD BORO,State House,14,DEM,Kenya Johns,14,12,0,2
Beaver,HOMEWOOD BORO,State House,14,DEM,Write-In Totals,0,0,0,0
Beaver,HOMEWOOD BORO,State House,14,DEM,Not Assigned,0,0,0,0
Beaver,HOMEWOOD BORO,DELEGATE TO THE DEMOCRATIC NATIONAL CONVENTION,17,DEM,Nancy Werme,15,12,0,3
Beaver,HOMEWOOD BORO,DELEGATE TO THE DEMOCRATIC NATIONAL CONVENTION,17,DEM,Kaylee Werner,14,11,0,3
Beaver,HOMEWOOD BORO,DELEGATE TO THE DEMOCRATIC NATIONAL CONVENTION,17,DEM,Lisa M Baldis,14,11,0,3
Beaver,HOMEWOOD BORO,DELEGATE TO THE DEMOCRATIC NATIONAL CONVENTION,17,DEM,Mary Jane Jones-Gilliam,13,10,0,3
Beaver,HOMEWOOD BORO,DELEGATE TO THE DEMOCRATIC NATIONAL CONVENTION,17,DEM,Kevin Kinross,13,10,0,3
Beaver,HOMEWOOD BORO,DELEGATE TO THE DEMOCRATIC NATIONAL CONVENTION,17,DEM,Arvind Venkat,12,9,0,3
Beaver,HOMEWOOD BORO,DELEGATE TO THE DEMOCRATIC NATIONAL CONVENTION,17,DEM,Dwan B Walker,12,9,0,3
Beaver,HOMEWOOD BORO,DELEGATE TO THE DEMOCRATIC NATIONAL CONVENTION,17,DEM,Write-In Totals,0,0,0,0
Beaver,HOMEWOOD BORO,DELEGATE TO THE DEMOCRATIC NATIONAL CONVENTION,17,DEM,Not Assigned,0,0,0,0
Beaver,HOMEWOOD BORO,President,,REP,Donald J Trump,5,5,0,0
Beaver,HOMEWOOD BORO,President,,REP,Nikki R Haley,1,1,0,0
Beaver,HOMEWOOD BORO,President,,REP,Write-In Totals,0,0,0,0
Beaver,HOMEWOOD BORO,President,,REP,Not Assigned,0,0,0,0
Beaver,HOMEWOOD BORO,U.S. Senate,,REP,Dave Mccormick,5,5,0,0
Beaver,HOMEWOOD BORO,U.S. Senate,,REP,Joseph J Vodvarka,0,0,0,0
Beaver,HOMEWOOD BORO,U.S. Senate,,REP,Write-In Totals,0,0,0,0
Beaver,HOMEWOOD BORO,U.S. Senate,,REP,Not Assigned,0,0,0,0
Beaver,HOMEWOOD BORO,U.S. House,17,REP,Rob Mercuri,5,5,0,0
Beaver,HOMEWOOD BORO,U.S. House,17,REP,Write-In Totals,0,0,0,0
Beaver,HOMEWOOD BORO,U.S. House,17,REP,Not Assigned,0,0,0,0
Beaver,HOMEWOOD BORO,State Senate,47,REP,Elder Vogel Jr,6,6,0,0
Beaver,HOMEWOOD BORO,State Senate,47,REP,Write-In Totals,0,0,0,0
Beaver,HOMEWOOD BORO,State Senate,47,REP,Not Assigned,0,0,0,0
Beaver,HOMEWOOD BORO,State House,14,REP,Roman Kozak,5,5,0,0
Beaver,HOMEWOOD BORO,State House,14,REP,Write-In Totals,0,0,0,0
Beaver,HOMEWOOD BORO,State House,14,REP,Not Assigned,0,0,0,0
Beaver,HOMEWOOD BORO,DELEGATE TO THE REPUBLICAN NATIONAL CONVENTION,17,REP,Mike Mcmullen,3,3,0,0
Beaver,HOMEWOOD BORO,DELEGATE TO THE REPUBLICAN NATIONAL CONVENTION,17,REP,Bob Howard,3,3,0,0
Beaver,HOMEWOOD BORO,DELEGATE TO THE REPUBLICAN NATIONAL CONVENTION,17,REP,Jack Casey,2,2,0,0
Beaver,HOMEWOOD BORO,DELEGATE TO THE REPUBLICAN NATIONAL CONVENTION,17,REP,Abby Kail,2,2,0,0
Beaver,HOMEWOOD BORO,DELEGATE TO THE REPUBLICAN NATIONAL CONVENTION,17,REP,Veronica S Steinkirchner,2,2,0,0
Beaver,HOMEWOOD BORO,DELEGATE TO THE REPUBLICAN NATIONAL CONVENTION,17,REP,John Fredericks,2,2,0,0
Beaver,HOMEWOOD BORO,DELEGATE TO THE REPUBLICAN NATIONAL CONVENTION,17,REP,Toni Shuppe,1,1,0,0
Beaver,HOMEWOOD BORO,DELEGATE TO THE REPUBLICAN NATIONAL CONVENTION,17,REP,Vincent E Fusca,0,0,0,0
Beaver,HOMEWOOD BORO,DELEGATE TO THE REPUBLICAN NATIONAL CONVENTION,17,REP,Write-In Totals,0,0,0,0
Beaver,HOMEWOOD BORO,DELEGATE TO THE REPUBLICAN NATIONAL CONVENTION,17,REP,Not Assigned,0,0,0,0
Beaver,HOMEWOOD BORO,ALTERNATE DELEGATE TO THE REPUBLICAN NATIONAL CONVENTION,17,REP,Bob Hamilton,5,5,0,0
Beaver,HOMEWOOD BORO,ALTERNATE DELEGATE TO THE REPUBLICAN NATIONAL CONVENTION,17,REP,Mike Mcmullen,4,4,0,0
Beaver,HOMEWOOD BORO,ALTERNATE DELEGATE TO THE REPUBLICAN NATIONAL CONVENTION,17,REP,M J Costello,3,3,0,0
Beaver,HOMEWOOD BORO,ALTERNATE DELEGATE TO THE REPUBLICAN NATIONAL CONVENTION,17,REP,Christine Mattarochia,1,1,0,0
Beaver,HOMEWOOD BORO,ALTERNATE DELEGATE TO THE REPUBLICAN NATIONAL CONVENTION,17,REP,Write-In Totals,0,0,0,0
Beaver,HOMEWOOD BORO,ALTERNATE DELEGATE TO THE REPUBLICAN NATIONAL CONVENTION,17,REP,Not Assigned,0,0,0,0
Beaver,HOOKSTOWN BORO,President,,DEM,Joseph R Biden Jr,2,2,0,0
Beaver,HOOKSTOWN BORO,President,,DEM,Dean Phillips,0,0,0,0
Beaver,HOOKSTOWN BORO,President,,DEM,Write-In Totals,0,0,0,0
Beaver,HOOKSTOWN BORO,President,,DEM,Not Assigned,0,0,0,0
Beaver,HOOKSTOWN BORO,U.S. Senate,,DEM,Robert P Casey Jr,3,3,0,0
Beaver,HOOKSTOWN BORO,U.S. Senate,,DEM,William Parker,1,0,0,1
Beaver,HOOKSTOWN BORO,U.S. Senate,,DEM,Write-In Totals,0,0,0,0
Beaver,HOOKSTOWN BORO,U.S. Senate,,DEM,Not Assigned,0,0,0,0
Beaver,HOOKSTOWN BORO,U.S. House,17,DEM,Chris Deluzio,3,3,0,0
Beaver,HOOKSTOWN BORO,U.S. House,17,DEM,Write-In Totals,0,0,0,0
Beaver,HOOKSTOWN BORO,U.S. House,17,DEM,Not Assigned,0,0,0,0
Beaver,HOOKSTOWN BORO,State Senate,47,DEM,Write-In: Elder Vogel Jr.,1,0,0,1
Beaver,HOOKSTOWN BORO,State Senate,47,DEM,Write-In: Scattered,0,0,0,0
Beaver,HOOKSTOWN BORO,State Senate,47,DEM,Write-In: Kate Lennen,0,0,0,0
Beaver,HOOKSTOWN BORO,State Senate,47,DEM,Write-In Totals,1,0,0,1
Beaver,HOOKSTOWN BORO,State Senate,47,DEM,Not Assigned,0,0,0,0
Beaver,HOOKSTOWN BORO,State House,15,DEM,Ashlee Caul,4,3,0,1
Beaver,HOOKSTOWN BORO,State House,15,DEM,Write-In Totals,0,0,0,0
Beaver,HOOKSTOWN BORO,State House,15,DEM,Not Assigned,0,0,0,0
Beaver,HOOKSTOWN BORO,DELEGATE TO THE DEMOCRATIC NATIONAL CONVENTION,17,DEM,Kaylee Werner,3,3,0,0
Beaver,HOOKSTOWN BORO,DELEGATE TO THE DEMOCRATIC NATIONAL CONVENTION,17,DEM,Dwan B Walker,3,3,0,0
Beaver,HOOKSTOWN BORO,DELEGATE TO THE DEMOCRATIC NATIONAL CONVENTION,17,DEM,Arvind Venkat,2,2,0,0
Beaver,HOOKSTOWN BORO,DELEGATE TO THE DEMOCRATIC NATIONAL CONVENTION,17,DEM,Lisa M Baldis,2,2,0,0
Beaver,HOOKSTOWN BORO,DELEGATE TO THE DEMOCRATIC NATIONAL CONVENTION,17,DEM,Mary Jane Jones-Gilliam,2,2,0,0
Beaver,HOOKSTOWN BORO,DELEGATE TO THE DEMOCRATIC NATIONAL CONVENTION,17,DEM,Kevin Kinross,2,2,0,0
Beaver,HOOKSTOWN BORO,DELEGATE TO THE DEMOCRATIC NATIONAL CONVENTION,17,DEM,Nancy Werme,2,2,0,0
Beaver,HOOKSTOWN BORO,DELEGATE TO THE DEMOCRATIC NATIONAL CONVENTION,17,DEM,Write-In Totals,0,0,0,0
Beaver,HOOKSTOWN BORO,DELEGATE TO THE DEMOCRATIC NATIONAL CONVENTION,17,DEM,Not Assigned,0,0,0,0
Beaver,HOOKSTOWN BORO,President,,REP,Donald J Trump,13,13,0,0
Beaver,HOOKSTOWN BORO,President,,REP,Nikki R Haley,1,1,0,0
Beaver,HOOKSTOWN BORO,President,,REP,Write-In Totals,0,0,0,0
Beaver,HOOKSTOWN BORO,President,,REP,Not Assigned,0,0,0,0
Beaver,HOOKSTOWN BORO,U.S. Senate,,REP,Dave Mccormick,12,12,0,0
Beaver,HOOKSTOWN BORO,U.S. Senate,,REP,Joseph J Vodvarka,2,2,0,0
Beaver,HOOKSTOWN BORO,U.S. Senate,,REP,Write-In Totals,0,0,0,0
Beaver,HOOKSTOWN BORO,U.S. Senate,,REP,Not Assigned,0,0,0,0
Beaver,HOOKSTOWN BORO,U.S. House,17,REP,Rob Mercuri,8,8,0,0
Beaver,HOOKSTOWN BORO,U.S. House,17,REP,Write-In Totals,1,1,0,0
Beaver,HOOKSTOWN BORO,U.S. House,17,REP,Not Assigned,1,1,0,0
Beaver,HOOKSTOWN BORO,State Senate,47,REP,Elder Vogel Jr,13,13,0,0
Beaver,HOOKSTOWN BORO,State Senate,47,REP,Write-In Totals,0,0,0,0
Beaver,HOOKSTOWN BORO,State Senate,47,REP,Not Assigned,0,0,0,0
Beaver,HOOKSTOWN BORO,State House,15,REP,Joshua D Kail,10,10,0,0
Beaver,HOOKSTOWN BORO,State House,15,REP,Write-In Totals,1,1,0,0
Beaver,HOOKSTOWN BORO,State House,15,REP,Not Assigned,1,1,0,0
Beaver,HOOKSTOWN BORO,DELEGATE TO THE REPUBLICAN NATIONAL CONVENTION,17,REP,Jack Casey,5,5,0,0
Beaver,HOOKSTOWN BORO,DELEGATE TO THE REPUBLICAN NATIONAL CONVENTION,17,REP,Abby Kail,5,5,0,0
Beaver,HOOKSTOWN BORO,DELEGATE TO THE REPUBLICAN NATIONAL CONVENTION,17,REP,Mike Mcmullen,4,4,0,0
Beaver,HOOKSTOWN BORO,DELEGATE TO THE REPUBLICAN NATIONAL CONVENTION,17,REP,John Fredericks,4,4,0,0
Beaver,HOOKSTOWN BORO,DELEGATE TO THE REPUBLICAN NATIONAL CONVENTION,17,REP,Veronica S Steinkirchner,3,3,0,0
Beaver,HOOKSTOWN BORO,DELEGATE TO THE REPUBLICAN NATIONAL CONVENTION,17,REP,Toni Shuppe,2,2,0,0
Beaver,HOOKSTOWN BORO,DELEGATE TO THE REPUBLICAN NATIONAL CONVENTION,17,REP,Bob Howard,2,2,0,0
Beaver,HOOKSTOWN BORO,DELEGATE TO THE REPUBLICAN NATIONAL CONVENTION,17,REP,Vincent E Fusca,1,1,0,0
Beaver,HOOKSTOWN BORO,DELEGATE TO THE REPUBLICAN NATIONAL CONVENTION,17,REP,Write-In Totals,0,0,0,0
Beaver,HOOKSTOWN BORO,DELEGATE TO THE REPUBLICAN NATIONAL CONVENTION,17,REP,Not Assigned,0,0,0,0
Beaver,HOOKSTOWN BORO,ALTERNATE DELEGATE TO THE REPUBLICAN NATIONAL CONVENTION,17,REP,Christine Mattarochia,8,8,0,0
Beaver,HOOKSTOWN BORO,ALTERNATE DELEGATE TO THE REPUBLICAN NATIONAL CONVENTION,17,REP,Mike Mcmullen,6,6,0,0
Beaver,HOOKSTOWN BORO,ALTERNATE DELEGATE TO THE REPUBLICAN NATIONAL CONVENTION,17,REP,Bob Hamilton,6,6,0,0
Beaver,HOOKSTOWN BORO,ALTERNATE DELEGATE TO THE REPUBLICAN NATIONAL CONVENTION,17,REP,M J Costello,2,2,0,0
Beaver,HOOKSTOWN BORO,ALTERNATE DELEGATE TO THE REPUBLICAN NATIONAL CONVENTION,17,REP,Write-In Totals,0,0,0,0
Beaver,HOOKSTOWN BORO,ALTERNATE DELEGATE TO THE REPUBLICAN NATIONAL CONVENTION,17,REP,Not Assigned,0,0,0,0
Beaver,HOPEWELL TWP 1,President,,DEM,Joseph R Biden Jr,37,19,0,18
Beaver,HOPEWELL TWP 1,President,,DEM,Dean Phillips,10,8,0,2
Beaver,HOPEWELL TWP 1,President,,DEM,Write-In Totals,3,3,0,0
Beaver,HOPEWELL TWP 1,President,,DEM,Not Assigned,3,3,0,0
Beaver,HOPEWELL TWP 1,U.S. Senate,,DEM,Robert P Casey Jr,37,22,0,15
Beaver,HOPEWELL TWP 1,U.S. Senate,,DEM,William Parker,10,5,0,5
Beaver,HOPEWELL TWP 1,U.S. Senate,,DEM,Write-In Totals,1,1,0,0
Beaver,HOPEWELL TWP 1,U.S. Senate,,DEM,Not Assigned,1,1,0,0
Beaver,HOPEWELL TWP 1,U.S. House,17,DEM,Chris Deluzio,48,28,0,20
Beaver,HOPEWELL TWP 1,U.S. House,17,DEM,Write-In Totals,1,1,0,0
Beaver,HOPEWELL TWP 1,U.S. House,17,DEM,Not Assigned,1,1,0,0
Beaver,HOPEWELL TWP 1,State Senate,47,DEM,Write-In: Scattered,5,1,0,4
Beaver,HOPEWELL TWP 1,State Senate,47,DEM,Write-In: Elder Vogel Jr.,3,2,0,1
Beaver,HOPEWELL TWP 1,State Senate,47,DEM,Write-In: Kate Lennen,0,0,0,0
Beaver,HOPEWELL TWP 1,State Senate,47,DEM,Write-In Totals,8,3,0,5
Beaver,HOPEWELL TWP 1,State Senate,47,DEM,Not Assigned,0,0,0,0
Beaver,HOPEWELL TWP 1,State House,16,DEM,Robert F Matzie,44,24,0,20
Beaver,HOPEWELL TWP 1,State House,16,DEM,Write-In Totals,2,2,0,0
Beaver,HOPEWELL TWP 1,State House,16,DEM,Not Assigned,2,2,0,0
Beaver,HOPEWELL TWP 1,DELEGATE TO THE DEMOCRATIC NATIONAL CONVENTION,17,DEM,Dwan B Walker,36,19,0,17
Beaver,HOPEWELL TWP 1,DELEGATE TO THE DEMOCRATIC NATIONAL CONVENTION,17,DEM,Kaylee Werner,35,16,0,19
Beaver,HOPEWELL TWP 1,DELEGATE TO THE DEMOCRATIC NATIONAL CONVENTION,17,DEM,Nancy Werme,34,15,0,19
Beaver,HOPEWELL TWP 1,DELEGATE TO THE DEMOCRATIC NATIONAL CONVENTION,17,DEM,Lisa M Baldis,32,13,0,19
Beaver,HOPEWELL TWP 1,DELEGATE TO THE DEMOCRATIC NATIONAL CONVENTION,17,DEM,Mary Jane Jones-Gilliam,30,13,0,17
Beaver,HOPEWELL TWP 1,DELEGATE TO THE DEMOCRATIC NATIONAL CONVENTION,17,DEM,Kevin Kinross,30,12,0,18
Beaver,HOPEWELL TWP 1,DELEGATE TO THE DEMOCRATIC NATIONAL CONVENTION,17,DEM,Arvind Venkat,26,11,0,15
Beaver,HOPEWELL TWP 1,DELEGATE TO THE DEMOCRATIC NATIONAL CONVENTION,17,DEM,Write-In Totals,7,7,0,0
Beaver,HOPEWELL TWP 1,DELEGATE TO THE DEMOCRATIC NATIONAL CONVENTION,17,DEM,Not Assigned,7,7,0,0
Beaver,HOPEWELL TWP 1,President,,REP,Donald J Trump,29,24,0,5
Beaver,HOPEWELL TWP 1,President,,REP,Nikki R Haley,0,0,0,0
Beaver,HOPEWELL TWP 1,President,,REP,Write-In Totals,1,1,0,0
Beaver,HOPEWELL TWP 1,President,,REP,Not Assigned,1,1,0,0
Beaver,HOPEWELL TWP 1,U.S. Senate,,REP,Dave Mccormick,20,15,0,5
Beaver,HOPEWELL TWP 1,U.S. Senate,,REP,Joseph J Vodvarka,6,6,0,0
Beaver,HOPEWELL TWP 1,U.S. Senate,,REP,Write-In Totals,2,2,0,0
Beaver,HOPEWELL TWP 1,U.S. Senate,,REP,Not Assigned,2,2,0,0
Beaver,HOPEWELL TWP 1,U.S. House,17,REP,Rob Mercuri,24,19,0,5
Beaver,HOPEWELL TWP 1,U.S. House,17,REP,Write-In Totals,1,1,0,0
Beaver,HOPEWELL TWP 1,U.S. House,17,REP,Not Assigned,1,1,0,0
Beaver,HOPEWELL TWP 1,State Senate,47,REP,Elder Vogel Jr,26,21,0,5
Beaver,HOPEWELL TWP 1,State Senate,47,REP,Write-In Totals,0,0,0,0
Beaver,HOPEWELL TWP 1,State Senate,47,REP,Not Assigned,0,0,0,0
Beaver,HOPEWELL TWP 1,State House,16,REP,Michael J Perich,25,20,0,5
Beaver,HOPEWELL TWP 1,State House,16,REP,Write-In Totals,2,2,0,0
Beaver,HOPEWELL TWP 1,State House,16,REP,Not Assigned,2,2,0,0
Beaver,HOPEWELL TWP 1,DELEGATE TO THE REPUBLICAN NATIONAL CONVENTION,17,REP,Mike Mcmullen,18,15,0,3
Beaver,HOPEWELL TWP 1,DELEGATE TO THE REPUBLICAN NATIONAL CONVENTION,17,REP,Abby Kail,10,8,0,2
Beaver,HOPEWELL TWP 1,DELEGATE TO THE REPUBLICAN NATIONAL CONVENTION,17,REP,Toni Shuppe,10,9,0,1
Beaver,HOPEWELL TWP 1,DELEGATE TO THE REPUBLICAN NATIONAL CONVENTION,17,REP,John Fredericks,10,9,0,1
Beaver,HOPEWELL TWP 1,DELEGATE TO THE REPUBLICAN NATIONAL CONVENTION,17,REP,Jack Casey,8,6,0,2
Beaver,HOPEWELL TWP 1,DELEGATE TO THE REPUBLICAN NATIONAL CONVENTION,17,REP,Vincent E Fusca,6,6,0,0
Beaver,HOPEWELL TWP 1,DELEGATE TO THE REPUBLICAN NATIONAL CONVENTION,17,REP,Bob Howard,5,4,0,1
Beaver,HOPEWELL TWP 1,DELEGATE TO THE REPUBLICAN NATIONAL CONVENTION,17,REP,Veronica S Steinkirchner,5,3,0,2
Beaver,HOPEWELL TWP 1,DELEGATE TO THE REPUBLICAN NATIONAL CONVENTION,17,REP,Write-In Totals,0,0,0,0
Beaver,HOPEWELL TWP 1,DELEGATE TO THE REPUBLICAN NATIONAL CONVENTION,17,REP,Not Assigned,0,0,0,0
Beaver,HOPEWELL TWP 1,ALTERNATE DELEGATE TO THE REPUBLICAN NATIONAL CONVENTION,17,REP,Mike Mcmullen,18,15,0,3
Beaver,HOPEWELL TWP 1,ALTERNATE DELEGATE TO THE REPUBLICAN NATIONAL CONVENTION,17,REP,Christine Mattarochia,12,8,0,4
Beaver,HOPEWELL TWP 1,ALTERNATE DELEGATE TO THE REPUBLICAN NATIONAL CONVENTION,17,REP,Bob Hamilton,10,9,0,1
Beaver,HOPEWELL TWP 1,ALTERNATE DELEGATE TO THE REPUBLICAN NATIONAL CONVENTION,17,REP,M J Costello,10,8,0,2
Beaver,HOPEWELL TWP 1,ALTERNATE DELEGATE TO THE REPUBLICAN NATIONAL CONVENTION,17,REP,Write-In Totals,3,3,0,0
Beaver,HOPEWELL TWP 1,ALTERNATE DELEGATE TO THE REPUBLICAN NATIONAL CONVENTION,17,REP,Not Assigned,3,3,0,0
Beaver,HOPEWELL TWP 2,President,,DEM,Joseph R Biden Jr,174,78,0,96
Beaver,HOPEWELL TWP 2,President,,DEM,Dean Phillips,12,9,0,3
Beaver,HOPEWELL TWP 2,President,,DEM,Write-In Totals,10,6,0,4
Beaver,HOPEWELL TWP 2,President,,DEM,Not Assigned,10,6,0,4
Beaver,HOPEWELL TWP 2,U.S. Senate,,DEM,Robert P Casey Jr,170,78,0,92
Beaver,HOPEWELL TWP 2,U.S. Senate,,DEM,William Parker,26,14,0,12
Beaver,HOPEWELL TWP 2,U.S. Senate,,DEM,Write-In Totals,3,1,0,2
Beaver,HOPEWELL TWP 2,U.S. Senate,,DEM,Not Assigned,3,1,0,2
Beaver,HOPEWELL TWP 2,U.S. House,17,DEM,Chris Deluzio,184,85,0,99
Beaver,HOPEWELL TWP 2,U.S. House,17,DEM,Write-In Totals,3,1,0,2
Beaver,HOPEWELL TWP 2,U.S. House,17,DEM,Not Assigned,3,1,0,2
Beaver,HOPEWELL TWP 2,State Senate,47,DEM,Write-In: Kate Lennen,40,20,0,20
Beaver,HOPEWELL TWP 2,State Senate,47,DEM,Write-In: Elder Vogel Jr.,19,9,0,10
Beaver,HOPEWELL TWP 2,State Senate,47,DEM,Write-In: Scattered,6,3,0,3
Beaver,HOPEWELL TWP 2,State Senate,47,DEM,Write-In Totals,65,32,0,33
Beaver,HOPEWELL TWP 2,State Senate,47,DEM,Not Assigned,0,0,0,0
Beaver,HOPEWELL TWP 2,State House,16,DEM,Robert F Matzie,184,87,0,97
Beaver,HOPEWELL TWP 2,State House,16,DEM,Write-In Totals,6,0,0,6
Beaver,HOPEWELL TWP 2,State House,16,DEM,Not Assigned,6,0,0,6
Beaver,HOPEWELL TWP 2,DELEGATE TO THE DEMOCRATIC NATIONAL CONVENTION,17,DEM,Nancy Werme,155,68,0,87
Beaver,HOPEWELL TWP 2,DELEGATE TO THE DEMOCRATIC NATIONAL CONVENTION,17,DEM,Kaylee Werner,144,64,0,80
Beaver,HOPEWELL TWP 2,DELEGATE TO THE DEMOCRATIC NATIONAL CONVENTION,17,DEM,Dwan B Walker,144,63,0,81
Beaver,HOPEWELL TWP 2,DELEGATE TO THE DEMOCRATIC NATIONAL CONVENTION,17,DEM,Lisa M Baldis,140,61,0,79
Beaver,HOPEWELL TWP 2,DELEGATE TO THE DEMOCRATIC NATIONAL CONVENTION,17,DEM,Arvind Venkat,137,58,0,79
Beaver,HOPEWELL TWP 2,DELEGATE TO THE DEMOCRATIC NATIONAL CONVENTION,17,DEM,Mary Jane Jones-Gilliam,137,57,0,80
Beaver,HOPEWELL TWP 2,DELEGATE TO THE DEMOCRATIC NATIONAL CONVENTION,17,DEM,Kevin Kinross,130,55,0,75
Beaver,HOPEWELL TWP 2,DELEGATE TO THE DEMOCRATIC NATIONAL CONVENTION,17,DEM,Write-In Totals,18,3,0,15
Beaver,HOPEWELL TWP 2,DELEGATE TO THE DEMOCRATIC NATIONAL CONVENTION,17,DEM,Not Assigned,18,3,0,15
Beaver,HOPEWELL TWP 2,President,,REP,Donald J Trump,90,75,0,15
Beaver,HOPEWELL TWP 2,President,,REP,Nikki R Haley,14,10,0,4
Beaver,HOPEWELL TWP 2,President,,REP,Write-In Totals,2,2,0,0
Beaver,HOPEWELL TWP 2,President,,REP,Not Assigned,2,2,0,0
Beaver,HOPEWELL TWP 2,U.S. Senate,,REP,Dave Mccormick,92,77,0,15
Beaver,HOPEWELL TWP 2,U.S. Senate,,REP,Joseph J Vodvarka,8,5,0,3
Beaver,HOPEWELL TWP 2,U.S. Senate,,REP,Write-In Totals,2,2,0,0
Beaver,HOPEWELL TWP 2,U.S. Senate,,REP,Not Assigned,2,2,0,0
Beaver,HOPEWELL TWP 2,U.S. House,17,REP,Rob Mercuri,91,73,0,18
Beaver,HOPEWELL TWP 2,U.S. House,17,REP,Write-In Totals,0,0,0,0
Beaver,HOPEWELL TWP 2,U.S. House,17,REP,Not Assigned,0,0,0,0
Beaver,HOPEWELL TWP 2,State Senate,47,REP,Elder Vogel Jr,97,78,0,19
Beaver,HOPEWELL TWP 2,State Senate,47,REP,Write-In Totals,1,1,0,0
Beaver,HOPEWELL TWP 2,State Senate,47,REP,Not Assigned,1,1,0,0
Beaver,HOPEWELL TWP 2,State House,16,REP,Michael J Perich,96,78,0,18
Beaver,HOPEWELL TWP 2,State House,16,REP,Write-In Totals,0,0,0,0
Beaver,HOPEWELL TWP 2,State House,16,REP,Not Assigned,0,0,0,0
Beaver,HOPEWELL TWP 2,DELEGATE TO THE REPUBLICAN NATIONAL CONVENTION,17,REP,Abby Kail,52,39,0,13
Beaver,HOPEWELL TWP 2,DELEGATE TO THE REPUBLICAN NATIONAL CONVENTION,17,REP,Mike Mcmullen,47,38,0,9
Beaver,HOPEWELL TWP 2,DELEGATE TO THE REPUBLICAN NATIONAL CONVENTION,17,REP,Toni Shuppe,26,19,0,7
Beaver,HOPEWELL TWP 2,DELEGATE TO THE REPUBLICAN NATIONAL CONVENTION,17,REP,John Fredericks,26,20,0,6
Beaver,HOPEWELL TWP 2,DELEGATE TO THE REPUBLICAN NATIONAL CONVENTION,17,REP,Veronica S Steinkirchner,22,17,0,5
Beaver,HOPEWELL TWP 2,DELEGATE TO THE REPUBLICAN NATIONAL CONVENTION,17,REP,Vincent E Fusca,22,19,0,3
Beaver,HOPEWELL TWP 2,DELEGATE TO THE REPUBLICAN NATIONAL CONVENTION,17,REP,Jack Casey,19,14,0,5
Beaver,HOPEWELL TWP 2,DELEGATE TO THE REPUBLICAN NATIONAL CONVENTION,17,REP,Bob Howard,17,11,0,6
Beaver,HOPEWELL TWP 2,DELEGATE TO THE REPUBLICAN NATIONAL CONVENTION,17,REP,Write-In Totals,0,0,0,0
Beaver,HOPEWELL TWP 2,DELEGATE TO THE REPUBLICAN NATIONAL CONVENTION,17,REP,Not Assigned,0,0,0,0
Beaver,HOPEWELL TWP 2,ALTERNATE DELEGATE TO THE REPUBLICAN NATIONAL CONVENTION,17,REP,Mike Mcmullen,54,42,0,12
Beaver,HOPEWELL TWP 2,ALTERNATE DELEGATE TO THE REPUBLICAN NATIONAL CONVENTION,17,REP,Bob Hamilton,44,31,0,13
Beaver,HOPEWELL TWP 2,ALTERNATE DELEGATE TO THE REPUBLICAN NATIONAL CONVENTION,17,REP,Christine Mattarochia,43,30,0,13
Beaver,HOPEWELL TWP 2,ALTERNATE DELEGATE TO THE REPUBLICAN NATIONAL CONVENTION,17,REP,M J Costello,42,33,0,9
Beaver,HOPEWELL TWP 2,ALTERNATE DELEGATE TO THE REPUBLICAN NATIONAL CONVENTION,17,REP,Write-In Totals,0,0,0,0
Beaver,HOPEWELL TWP 2,ALTERNATE DELEGATE TO THE REPUBLICAN NATIONAL CONVENTION,17,REP,Not Assigned,0,0,0,0
Beaver,HOPEWELL TWP 3,President,,DEM,Joseph R Biden Jr,85,56,1,28
Beaver,HOPEWELL TWP 3,President,,DEM,Dean Phillips,9,8,0,1
Beaver,HOPEWELL TWP 3,President,,DEM,Write-In Totals,6,4,0,2
Beaver,HOPEWELL TWP 3,President,,DEM,Not Assigned,6,4,0,2
Beaver,HOPEWELL TWP 3,U.S. Senate,,DEM,Robert P Casey Jr,76,47,1,28
Beaver,HOPEWELL TWP 3,U.S. Senate,,DEM,William Parker,21,19,0,2
Beaver,HOPEWELL TWP 3,U.S. Senate,,DEM,Write-In Totals,1,0,0,1
Beaver,HOPEWELL TWP 3,U.S. Senate,,DEM,Not Assigned,1,0,0,1
Beaver,HOPEWELL TWP 3,U.S. House,17,DEM,Chris Deluzio,91,61,1,29
Beaver,HOPEWELL TWP 3,U.S. House,17,DEM,Write-In Totals,1,0,0,1
Beaver,HOPEWELL TWP 3,U.S. House,17,DEM,Not Assigned,1,0,0,1
Beaver,HOPEWELL TWP 3,State Senate,47,DEM,Write-In: Elder Vogel Jr.,14,4,0,10
Beaver,HOPEWELL TWP 3,State Senate,47,DEM,Write-In: Kate Lennen,10,10,0,0
Beaver,HOPEWELL TWP 3,State Senate,47,DEM,Write-In: Scattered,4,3,0,1
Beaver,HOPEWELL TWP 3,State Senate,47,DEM,Write-In Totals,28,17,0,11
Beaver,HOPEWELL TWP 3,State Senate,47,DEM,Not Assigned,0,0,0,0
Beaver,HOPEWELL TWP 3,State House,16,DEM,Robert F Matzie,90,61,1,28
Beaver,HOPEWELL TWP 3,State House,16,DEM,Write-In Totals,2,1,0,1
Beaver,HOPEWELL TWP 3,State House,16,DEM,Not Assigned,2,1,0,1
Beaver,HOPEWELL TWP 3,DELEGATE TO THE DEMOCRATIC NATIONAL CONVENTION,17,DEM,Nancy Werme,83,54,1,28
Beaver,HOPEWELL TWP 3,DELEGATE TO THE DEMOCRATIC NATIONAL CONVENTION,17,DEM,Dwan B Walker,66,45,0,21
Beaver,HOPEWELL TWP 3,DELEGATE TO THE DEMOCRATIC NATIONAL CONVENTION,17,DEM,Mary Jane Jones-Gilliam,65,41,0,24
Beaver,HOPEWELL TWP 3,DELEGATE TO THE DEMOCRATIC NATIONAL CONVENTION,17,DEM,Kaylee Werner,64,40,0,24
Beaver,HOPEWELL TWP 3,DELEGATE TO THE DEMOCRATIC NATIONAL CONVENTION,17,DEM,Kevin Kinross,63,39,0,24
Beaver,HOPEWELL TWP 3,DELEGATE TO THE DEMOCRATIC NATIONAL CONVENTION,17,DEM,Arvind Venkat,62,38,0,24
Beaver,HOPEWELL TWP 3,DELEGATE TO THE DEMOCRATIC NATIONAL CONVENTION,17,DEM,Lisa M Baldis,62,39,0,23
Beaver,HOPEWELL TWP 3,DELEGATE TO THE DEMOCRATIC NATIONAL CONVENTION,17,DEM,Write-In Totals,2,1,0,1
Beaver,HOPEWELL TWP 3,DELEGATE TO THE DEMOCRATIC NATIONAL CONVENTION,17,DEM,Not Assigned,2,1,0,1
Beaver,HOPEWELL TWP 3,President,,REP,Donald J Trump,44,42,0,2
Beaver,HOPEWELL TWP 3,President,,REP,Nikki R Haley,13,10,0,3
Beaver,HOPEWELL TWP 3,President,,REP,Write-In Totals,0,0,0,0
Beaver,HOPEWELL TWP 3,President,,REP,Not Assigned,0,0,0,0
Beaver,HOPEWELL TWP 3,U.S. Senate,,REP,Dave Mccormick,46,43,0,3
Beaver,HOPEWELL TWP 3,U.S. Senate,,REP,Joseph J Vodvarka,7,6,0,1
Beaver,HOPEWELL TWP 3,U.S. Senate,,REP,Write-In Totals,2,1,0,1
Beaver,HOPEWELL TWP 3,U.S. Senate,,REP,Not Assigned,2,1,0,1
Beaver,HOPEWELL TWP 3,U.S. House,17,REP,Rob Mercuri,49,45,0,4
Beaver,HOPEWELL TWP 3,U.S. House,17,REP,Write-In Totals,0,0,0,0
Beaver,HOPEWELL TWP 3,U.S. House,17,REP,Not Assigned,0,0,0,0
Beaver,HOPEWELL TWP 3,State Senate,47,REP,Elder Vogel Jr,54,50,0,4
Beaver,HOPEWELL TWP 3,State Senate,47,REP,Write-In Totals,0,0,0,0
Beaver,HOPEWELL TWP 3,State Senate,47,REP,Not Assigned,0,0,0,0
Beaver,HOPEWELL TWP 3,State House,16,REP,Michael J Perich,47,44,0,3
Beaver,HOPEWELL TWP 3,State House,16,REP,Write-In Totals,0,0,0,0
Beaver,HOPEWELL TWP 3,State House,16,REP,Not Assigned,0,0,0,0
Beaver,HOPEWELL TWP 3,DELEGATE TO THE REPUBLICAN NATIONAL CONVENTION,17,REP,Mike Mcmullen,23,20,0,3
Beaver,HOPEWELL TWP 3,DELEGATE TO THE REPUBLICAN NATIONAL CONVENTION,17,REP,Abby Kail,22,19,0,3
Beaver,HOPEWELL TWP 3,DELEGATE TO THE REPUBLICAN NATIONAL CONVENTION,17,REP,Jack Casey,19,16,0,3
Beaver,HOPEWELL TWP 3,DELEGATE TO THE REPUBLICAN NATIONAL CONVENTION,17,REP,John Fredericks,16,15,0,1
Beaver,HOPEWELL TWP 3,DELEGATE TO THE REPUBLICAN NATIONAL CONVENTION,17,REP,Veronica S Steinkirchner,14,12,0,2
Beaver,HOPEWELL TWP 3,DELEGATE TO THE REPUBLICAN NATIONAL CONVENTION,17,REP,Toni Shuppe,12,12,0,0
Beaver,HOPEWELL TWP 3,DELEGATE TO THE REPUBLICAN NATIONAL CONVENTION,17,REP,Bob Howard,12,12,0,0
Beaver,HOPEWELL TWP 3,DELEGATE TO THE REPUBLICAN NATIONAL CONVENTION,17,REP,Vincent E Fusca,12,11,0,1
Beaver,HOPEWELL TWP 3,DELEGATE TO THE REPUBLICAN NATIONAL CONVENTION,17,REP,Write-In Totals,0,0,0,0
Beaver,HOPEWELL TWP 3,DELEGATE TO THE REPUBLICAN NATIONAL CONVENTION,17,REP,Not Assigned,0,0,0,0
Beaver,HOPEWELL TWP 3,ALTERNATE DELEGATE TO THE REPUBLICAN NATIONAL CONVENTION,17,REP,Christine Mattarochia,29,27,0,2
Beaver,HOPEWELL TWP 3,ALTERNATE DELEGATE TO THE REPUBLICAN NATIONAL CONVENTION,17,REP,Mike Mcmullen,25,22,0,3
Beaver,HOPEWELL TWP 3,ALTERNATE DELEGATE TO THE REPUBLICAN NATIONAL CONVENTION,17,REP,Bob Hamilton,21,18,0,3
Beaver,HOPEWELL TWP 3,ALTERNATE DELEGATE TO THE REPUBLICAN NATIONAL CONVENTION,17,REP,M J Costello,19,17,0,2
Beaver,HOPEWELL TWP 3,ALTERNATE DELEGATE TO THE REPUBLICAN NATIONAL CONVENTION,17,REP,Write-In Totals,0,0,0,0
Beaver,HOPEWELL TWP 3,ALTERNATE DELEGATE TO THE REPUBLICAN NATIONAL CONVENTION,17,REP,Not Assigned,0,0,0,0
Beaver,HOPEWELL TWP 4,President,,DEM,Joseph R Biden Jr,129,72,0,57
Beaver,HOPEWELL TWP 4,President,,DEM,Dean Phillips,15,14,0,1
Beaver,HOPEWELL TWP 4,President,,DEM,Write-In Totals,4,4,0,0
Beaver,HOPEWELL TWP 4,President,,DEM,Not Assigned,4,4,0,0
Beaver,HOPEWELL TWP 4,U.S. Senate,,DEM,Robert P Casey Jr,124,72,0,52
Beaver,HOPEWELL TWP 4,U.S. Senate,,DEM,William Parker,30,25,0,5
Beaver,HOPEWELL TWP 4,U.S. Senate,,DEM,Write-In Totals,1,0,0,1
Beaver,HOPEWELL TWP 4,U.S. Senate,,DEM,Not Assigned,1,0,0,1
Beaver,HOPEWELL TWP 4,U.S. House,17,DEM,Chris Deluzio,145,87,0,58
Beaver,HOPEWELL TWP 4,U.S. House,17,DEM,Write-In Totals,3,3,0,0
Beaver,HOPEWELL TWP 4,U.S. House,17,DEM,Not Assigned,3,3,0,0
Beaver,HOPEWELL TWP 4,State Senate,47,DEM,Write-In: Elder Vogel Jr.,10,7,0,3
Beaver,HOPEWELL TWP 4,State Senate,47,DEM,Write-In: Kate Lennen,7,2,0,5
Beaver,HOPEWELL TWP 4,State Senate,47,DEM,Write-In: Scattered,5,4,0,1
Beaver,HOPEWELL TWP 4,State Senate,47,DEM,Write-In Totals,22,13,0,9
Beaver,HOPEWELL TWP 4,State Senate,47,DEM,Not Assigned,0,0,0,0
Beaver,HOPEWELL TWP 4,State House,16,DEM,Robert F Matzie,143,90,0,53
Beaver,HOPEWELL TWP 4,State House,16,DEM,Write-In Totals,1,1,0,0
Beaver,HOPEWELL TWP 4,State House,16,DEM,Not Assigned,1,1,0,0
Beaver,HOPEWELL TWP 4,DELEGATE TO THE DEMOCRATIC NATIONAL CONVENTION,17,DEM,Nancy Werme,125,70,0,55
Beaver,HOPEWELL TWP 4,DELEGATE TO THE DEMOCRATIC NATIONAL CONVENTION,17,DEM,Dwan B Walker,111,62,0,49
Beaver,HOPEWELL TWP 4,DELEGATE TO THE DEMOCRATIC NATIONAL CONVENTION,17,DEM,Kaylee Werner,109,60,0,49
Beaver,HOPEWELL TWP 4,DELEGATE TO THE DEMOCRATIC NATIONAL CONVENTION,17,DEM,Mary Jane Jones-Gilliam,108,62,0,46
Beaver,HOPEWELL TWP 4,DELEGATE TO THE DEMOCRATIC NATIONAL CONVENTION,17,DEM,Lisa M Baldis,106,57,0,49
Beaver,HOPEWELL TWP 4,DELEGATE TO THE DEMOCRATIC NATIONAL CONVENTION,17,DEM,Arvind Venkat,102,53,0,49
Beaver,HOPEWELL TWP 4,DELEGATE TO THE DEMOCRATIC NATIONAL CONVENTION,17,DEM,Kevin Kinross,99,53,0,46
Beaver,HOPEWELL TWP 4,DELEGATE TO THE DEMOCRATIC NATIONAL CONVENTION,17,DEM,Write-In Totals,2,2,0,0
Beaver,HOPEWELL TWP 4,DELEGATE TO THE DEMOCRATIC NATIONAL CONVENTION,17,DEM,Not Assigned,2,2,0,0
Beaver,HOPEWELL TWP 4,President,,REP,Donald J Trump,89,79,0,10
Beaver,HOPEWELL TWP 4,President,,REP,Nikki R Haley,12,7,0,5
Beaver,HOPEWELL TWP 4,President,,REP,Write-In Totals,1,1,0,0
Beaver,HOPEWELL TWP 4,President,,REP,Not Assigned,1,1,0,0
Beaver,HOPEWELL TWP 4,U.S. Senate,,REP,Dave Mccormick,88,74,0,14
Beaver,HOPEWELL TWP 4,U.S. Senate,,REP,Joseph J Vodvarka,11,11,0,0
Beaver,HOPEWELL TWP 4,U.S. Senate,,REP,Write-In Totals,1,1,0,0
Beaver,HOPEWELL TWP 4,U.S. Senate,,REP,Not Assigned,1,1,0,0
Beaver,HOPEWELL TWP 4,U.S. House,17,REP,Rob Mercuri,93,81,0,12
Beaver,HOPEWELL TWP 4,U.S. House,17,REP,Write-In Totals,1,0,0,1
Beaver,HOPEWELL TWP 4,U.S. House,17,REP,Not Assigned,1,0,0,1
Beaver,HOPEWELL TWP 4,State Senate,47,REP,Elder Vogel Jr,97,83,0,14
Beaver,HOPEWELL TWP 4,State Senate,47,REP,Write-In Totals,2,1,0,1
Beaver,HOPEWELL TWP 4,State Senate,47,REP,Not Assigned,2,1,0,1
Beaver,HOPEWELL TWP 4,State House,16,REP,Michael J Perich,92,80,0,12
Beaver,HOPEWELL TWP 4,State House,16,REP,Write-In Totals,1,0,0,1
Beaver,HOPEWELL TWP 4,State House,16,REP,Not Assigned,1,0,0,1
Beaver,HOPEWELL TWP 4,DELEGATE TO THE REPUBLICAN NATIONAL CONVENTION,17,REP,Mike Mcmullen,51,46,0,5
Beaver,HOPEWELL TWP 4,DELEGATE TO THE REPUBLICAN NATIONAL CONVENTION,17,REP,Abby Kail,46,42,0,4
Beaver,HOPEWELL TWP 4,DELEGATE TO THE REPUBLICAN NATIONAL CONVENTION,17,REP,Veronica S Steinkirchner,34,27,0,7
Beaver,HOPEWELL TWP 4,DELEGATE TO THE REPUBLICAN NATIONAL CONVENTION,17,REP,John Fredericks,30,23,0,7
Beaver,HOPEWELL TWP 4,DELEGATE TO THE REPUBLICAN NATIONAL CONVENTION,17,REP,Jack Casey,27,22,0,5
Beaver,HOPEWELL TWP 4,DELEGATE TO THE REPUBLICAN NATIONAL CONVENTION,17,REP,Toni Shuppe,27,19,0,8
Beaver,HOPEWELL TWP 4,DELEGATE TO THE REPUBLICAN NATIONAL CONVENTION,17,REP,Bob Howard,19,18,0,1
Beaver,HOPEWELL TWP 4,DELEGATE TO THE REPUBLICAN NATIONAL CONVENTION,17,REP,Vincent E Fusca,12,11,0,1
Beaver,HOPEWELL TWP 4,DELEGATE TO THE REPUBLICAN NATIONAL CONVENTION,17,REP,Write-In Totals,1,1,0,0
Beaver,HOPEWELL TWP 4,DELEGATE TO THE REPUBLICAN NATIONAL CONVENTION,17,REP,Not Assigned,1,1,0,0
Beaver,HOPEWELL TWP 4,ALTERNATE DELEGATE TO THE REPUBLICAN NATIONAL CONVENTION,17,REP,Christine Mattarochia,61,50,0,11
Beaver,HOPEWELL TWP 4,ALTERNATE DELEGATE TO THE REPUBLICAN NATIONAL CONVENTION,17,REP,Bob Hamilton,56,45,0,11
Beaver,HOPEWELL TWP 4,ALTERNATE DELEGATE TO THE REPUBLICAN NATIONAL CONVENTION,17,REP,Mike Mcmullen,49,43,0,6
Beaver,HOPEWELL TWP 4,ALTERNATE DELEGATE TO THE REPUBLICAN NATIONAL CONVENTION,17,REP,M J Costello,43,34,0,9
Beaver,HOPEWELL TWP 4,ALTERNATE DELEGATE TO THE REPUBLICAN NATIONAL CONVENTION,17,REP,Write-In Totals,0,0,0,0
Beaver,HOPEWELL TWP 4,ALTERNATE DELEGATE TO THE REPUBLICAN NATIONAL CONVENTION,17,REP,Not Assigned,0,0,0,0
Beaver,HOPEWELL TWP 5,President,,DEM,Joseph R Biden Jr,147,70,0,77
Beaver,HOPEWELL TWP 5,President,,DEM,Dean Phillips,18,13,0,5
Beaver,HOPEWELL TWP 5,President,,DEM,Write-In Totals,10,7,0,3
Beaver,HOPEWELL TWP 5,President,,DEM,Not Assigned,10,7,0,3
Beaver,HOPEWELL TWP 5,U.S. Senate,,DEM,Robert P Casey Jr,143,67,0,76
Beaver,HOPEWELL TWP 5,U.S. Senate,,DEM,William Parker,30,20,0,10
Beaver,HOPEWELL TWP 5,U.S. Senate,,DEM,Write-In Totals,2,2,0,0
Beaver,HOPEWELL TWP 5,U.S. Senate,,DEM,Not Assigned,2,2,0,0
Beaver,HOPEWELL TWP 5,U.S. House,17,DEM,Chris Deluzio,169,85,0,84
Beaver,HOPEWELL TWP 5,U.S. House,17,DEM,Write-In Totals,2,1,0,1
Beaver,HOPEWELL TWP 5,U.S. House,17,DEM,Not Assigned,2,1,0,1
Beaver,HOPEWELL TWP 5,State Senate,47,DEM,Write-In: Kate Lennen,23,17,0,6
Beaver,HOPEWELL TWP 5,State Senate,47,DEM,Write-In: Elder Vogel Jr.,22,13,0,9
Beaver,HOPEWELL TWP 5,State Senate,47,DEM,Write-In: Scattered,13,9,0,4
Beaver,HOPEWELL TWP 5,State Senate,47,DEM,Write-In Totals,58,39,0,19
Beaver,HOPEWELL TWP 5,State Senate,47,DEM,Not Assigned,0,0,0,0
Beaver,HOPEWELL TWP 5,State House,16,DEM,Robert F Matzie,172,88,0,84
Beaver,HOPEWELL TWP 5,State House,16,DEM,Write-In Totals,1,0,0,1
Beaver,HOPEWELL TWP 5,State House,16,DEM,Not Assigned,1,0,0,1
Beaver,HOPEWELL TWP 5,DELEGATE TO THE DEMOCRATIC NATIONAL CONVENTION,17,DEM,Nancy Werme,147,74,0,73
Beaver,HOPEWELL TWP 5,DELEGATE TO THE DEMOCRATIC NATIONAL CONVENTION,17,DEM,Dwan B Walker,133,63,0,70
Beaver,HOPEWELL TWP 5,DELEGATE TO THE DEMOCRATIC NATIONAL CONVENTION,17,DEM,Kaylee Werner,131,63,0,68
Beaver,HOPEWELL TWP 5,DELEGATE TO THE DEMOCRATIC NATIONAL CONVENTION,17,DEM,Mary Jane Jones-Gilliam,128,64,0,64
Beaver,HOPEWELL TWP 5,DELEGATE TO THE DEMOCRATIC NATIONAL CONVENTION,17,DEM,Lisa M Baldis,125,60,0,65
Beaver,HOPEWELL TWP 5,DELEGATE TO THE DEMOCRATIC NATIONAL CONVENTION,17,DEM,Arvind Venkat,114,59,0,55
Beaver,HOPEWELL TWP 5,DELEGATE TO THE DEMOCRATIC NATIONAL CONVENTION,17,DEM,Kevin Kinross,113,54,0,59
Beaver,HOPEWELL TWP 5,DELEGATE TO THE DEMOCRATIC NATIONAL CONVENTION,17,DEM,Write-In Totals,17,9,0,8
Beaver,HOPEWELL TWP 5,DELEGATE TO THE DEMOCRATIC NATIONAL CONVENTION,17,DEM,Not Assigned,17,9,0,8
Beaver,HOPEWELL TWP 5,President,,REP,Donald J Trump,129,115,0,14
Beaver,HOPEWELL TWP 5,President,,REP,Nikki R Haley,8,6,0,2
Beaver,HOPEWELL TWP 5,President,,REP,Write-In Totals,1,1,0,0
Beaver,HOPEWELL TWP 5,President,,REP,Not Assigned,1,1,0,0
Beaver,HOPEWELL TWP 5,U.S. Senate,,REP,Dave Mccormick,123,109,0,14
Beaver,HOPEWELL TWP 5,U.S. Senate,,REP,Joseph J Vodvarka,11,8,0,3
Beaver,HOPEWELL TWP 5,U.S. Senate,,REP,Write-In Totals,2,2,0,0
Beaver,HOPEWELL TWP 5,U.S. Senate,,REP,Not Assigned,2,2,0,0
Beaver,HOPEWELL TWP 5,U.S. House,17,REP,Rob Mercuri,118,102,0,16
Beaver,HOPEWELL TWP 5,U.S. House,17,REP,Write-In Totals,1,1,0,0
Beaver,HOPEWELL TWP 5,U.S. House,17,REP,Not Assigned,1,1,0,0
Beaver,HOPEWELL TWP 5,State Senate,47,REP,Elder Vogel Jr,131,114,0,17
Beaver,HOPEWELL TWP 5,State Senate,47,REP,Write-In Totals,3,3,0,0
Beaver,HOPEWELL TWP 5,State Senate,47,REP,Not Assigned,3,3,0,0
Beaver,HOPEWELL TWP 5,State House,16,REP,Michael J Perich,126,109,0,17
Beaver,HOPEWELL TWP 5,State House,16,REP,Write-In Totals,1,1,0,0
Beaver,HOPEWELL TWP 5,State House,16,REP,Not Assigned,1,1,0,0
Beaver,HOPEWELL TWP 5,DELEGATE TO THE REPUBLICAN NATIONAL CONVENTION,17,REP,Mike Mcmullen,58,48,0,10
Beaver,HOPEWELL TWP 5,DELEGATE TO THE REPUBLICAN NATIONAL CONVENTION,17,REP,Abby Kail,55,50,0,5
Beaver,HOPEWELL TWP 5,DELEGATE TO THE REPUBLICAN NATIONAL CONVENTION,17,REP,John Fredericks,50,45,0,5
Beaver,HOPEWELL TWP 5,DELEGATE TO THE REPUBLICAN NATIONAL CONVENTION,17,REP,Jack Casey,38,32,0,6
Beaver,HOPEWELL TWP 5,DELEGATE TO THE REPUBLICAN NATIONAL CONVENTION,17,REP,Toni Shuppe,35,28,0,7
Beaver,HOPEWELL TWP 5,DELEGATE TO THE REPUBLICAN NATIONAL CONVENTION,17,REP,Veronica S Steinkirchner,31,31,0,0
Beaver,HOPEWELL TWP 5,DELEGATE TO THE REPUBLICAN NATIONAL CONVENTION,17,REP,Vincent E Fusca,28,27,0,1
Beaver,HOPEWELL TWP 5,DELEGATE TO THE REPUBLICAN NATIONAL CONVENTION,17,REP,Bob Howard,24,20,0,4
Beaver,HOPEWELL TWP 5,DELEGATE TO THE REPUBLICAN NATIONAL CONVENTION,17,REP,Write-In Totals,0,0,0,0
Beaver,HOPEWELL TWP 5,DELEGATE TO THE REPUBLICAN NATIONAL CONVENTION,17,REP,Not Assigned,0,0,0,0
Beaver,HOPEWELL TWP 5,ALTERNATE DELEGATE TO THE REPUBLICAN NATIONAL CONVENTION,17,REP,Mike Mcmullen,71,62,0,9
Beaver,HOPEWELL TWP 5,ALTERNATE DELEGATE TO THE REPUBLICAN NATIONAL CONVENTION,17,REP,Christine Mattarochia,59,51,0,8
Beaver,HOPEWELL TWP 5,ALTERNATE DELEGATE TO THE REPUBLICAN NATIONAL CONVENTION,17,REP,M J Costello,59,50,0,9
Beaver,HOPEWELL TWP 5,ALTERNATE DELEGATE TO THE REPUBLICAN NATIONAL CONVENTION,17,REP,Bob Hamilton,54,48,0,6
Beaver,HOPEWELL TWP 5,ALTERNATE DELEGATE TO THE REPUBLICAN NATIONAL CONVENTION,17,REP,Write-In Totals,0,0,0,0
Beaver,HOPEWELL TWP 5,ALTERNATE DELEGATE TO THE REPUBLICAN NATIONAL CONVENTION,17,REP,Not Assigned,0,0,0,0
Beaver,HOPEWELL TWP 6,President,,DEM,Joseph R Biden Jr,177,73,0,104
Beaver,HOPEWELL TWP 6,President,,DEM,Dean Phillips,11,7,0,4
Beaver,HOPEWELL TWP 6,President,,DEM,Write-In Totals,12,11,0,1
Beaver,HOPEWELL TWP 6,President,,DEM,Not Assigned,12,11,0,1
Beaver,HOPEWELL TWP 6,U.S. Senate,,DEM,Robert P Casey Jr,157,65,0,92
Beaver,HOPEWELL TWP 6,U.S. Senate,,DEM,William Parker,40,23,0,17
Beaver,HOPEWELL TWP 6,U.S. Senate,,DEM,Write-In Totals,7,5,0,2
Beaver,HOPEWELL TWP 6,U.S. Senate,,DEM,Not Assigned,7,5,0,2
Beaver,HOPEWELL TWP 6,U.S. House,17,DEM,Chris Deluzio,195,85,0,110
Beaver,HOPEWELL TWP 6,U.S. House,17,DEM,Write-In Totals,6,6,0,0
Beaver,HOPEWELL TWP 6,U.S. House,17,DEM,Not Assigned,6,6,0,0
Beaver,HOPEWELL TWP 6,State Senate,47,DEM,Write-In: Kate Lennen,19,14,0,5
Beaver,HOPEWELL TWP 6,State Senate,47,DEM,Write-In: Elder Vogel Jr.,17,8,0,9
Beaver,HOPEWELL TWP 6,State Senate,47,DEM,Write-In: Scattered,8,7,0,1
Beaver,HOPEWELL TWP 6,State Senate,47,DEM,Write-In Totals,44,29,0,15
Beaver,HOPEWELL TWP 6,State Senate,47,DEM,Not Assigned,0,0,0,0
Beaver,HOPEWELL TWP 6,State House,16,DEM,Robert F Matzie,196,86,0,110
Beaver,HOPEWELL TWP 6,State House,16,DEM,Write-In Totals,3,3,0,0
Beaver,HOPEWELL TWP 6,State House,16,DEM,Not Assigned,3,3,0,0
Beaver,HOPEWELL TWP 6,DELEGATE TO THE DEMOCRATIC NATIONAL CONVENTION,17,DEM,Nancy Werme,156,65,0,91
Beaver,HOPEWELL TWP 6,DELEGATE TO THE DEMOCRATIC NATIONAL CONVENTION,17,DEM,Dwan B Walker,154,62,0,92
Beaver,HOPEWELL TWP 6,DELEGATE TO THE DEMOCRATIC NATIONAL CONVENTION,17,DEM,Kaylee Werner,146,58,0,88
Beaver,HOPEWELL TWP 6,DELEGATE TO THE DEMOCRATIC NATIONAL CONVENTION,17,DEM,Lisa M Baldis,133,52,0,81
Beaver,HOPEWELL TWP 6,DELEGATE TO THE DEMOCRATIC NATIONAL CONVENTION,17,DEM,Mary Jane Jones-Gilliam,132,53,0,79
Beaver,HOPEWELL TWP 6,DELEGATE TO THE DEMOCRATIC NATIONAL CONVENTION,17,DEM,Kevin Kinross,130,51,0,79
Beaver,HOPEWELL TWP 6,DELEGATE TO THE DEMOCRATIC NATIONAL CONVENTION,17,DEM,Arvind Venkat,125,48,0,77
Beaver,HOPEWELL TWP 6,DELEGATE TO THE DEMOCRATIC NATIONAL CONVENTION,17,DEM,Write-In Totals,9,9,0,0
Beaver,HOPEWELL TWP 6,DELEGATE TO THE DEMOCRATIC NATIONAL CONVENTION,17,DEM,Not Assigned,9,9,0,0
Beaver,HOPEWELL TWP 6,President,,REP,Donald J Trump,83,66,0,17
Beaver,HOPEWELL TWP 6,President,,REP,Nikki R Haley,12,7,0,5
Beaver,HOPEWELL TWP 6,President,,REP,Write-In Totals,4,3,0,1
Beaver,HOPEWELL TWP 6,President,,REP,Not Assigned,4,3,0,1
Beaver,HOPEWELL TWP 6,U.S. Senate,,REP,Dave Mccormick,87,70,0,17
Beaver,HOPEWELL TWP 6,U.S. Senate,,REP,Joseph J Vodvarka,5,3,0,2
Beaver,HOPEWELL TWP 6,U.S. Senate,,REP,Write-In Totals,5,3,0,2
Beaver,HOPEWELL TWP 6,U.S. Senate,,REP,Not Assigned,5,3,0,2
Beaver,HOPEWELL TWP 6,U.S. House,17,REP,Rob Mercuri,89,71,0,18
Beaver,HOPEWELL TWP 6,U.S. House,17,REP,Write-In Totals,2,1,0,1
Beaver,HOPEWELL TWP 6,U.S. House,17,REP,Not Assigned,2,1,0,1
Beaver,HOPEWELL TWP 6,State Senate,47,REP,Elder Vogel Jr,97,75,0,22
Beaver,HOPEWELL TWP 6,State Senate,47,REP,Write-In Totals,1,0,0,1
Beaver,HOPEWELL TWP 6,State Senate,47,REP,Not Assigned,1,0,0,1
Beaver,HOPEWELL TWP 6,State House,16,REP,Michael J Perich,91,72,0,19
Beaver,HOPEWELL TWP 6,State House,16,REP,Write-In Totals,1,0,0,1
Beaver,HOPEWELL TWP 6,State House,16,REP,Not Assigned,1,0,0,1
Beaver,HOPEWELL TWP 6,DELEGATE TO THE REPUBLICAN NATIONAL CONVENTION,17,REP,Abby Kail,42,37,0,5
Beaver,HOPEWELL TWP 6,DELEGATE TO THE REPUBLICAN NATIONAL CONVENTION,17,REP,Mike Mcmullen,41,36,0,5
Beaver,HOPEWELL TWP 6,DELEGATE TO THE REPUBLICAN NATIONAL CONVENTION,17,REP,Jack Casey,32,30,0,2
Beaver,HOPEWELL TWP 6,DELEGATE TO THE REPUBLICAN NATIONAL CONVENTION,17,REP,John Fredericks,31,23,0,8
Beaver,HOPEWELL TWP 6,DELEGATE TO THE REPUBLICAN NATIONAL CONVENTION,17,REP,Toni Shuppe,25,16,0,9
Beaver,HOPEWELL TWP 6,DELEGATE TO THE REPUBLICAN NATIONAL CONVENTION,17,REP,Veronica S Steinkirchner,25,20,0,5
Beaver,HOPEWELL TWP 6,DELEGATE TO THE REPUBLICAN NATIONAL CONVENTION,17,REP,Bob Howard,18,14,0,4
Beaver,HOPEWELL TWP 6,DELEGATE TO THE REPUBLICAN NATIONAL CONVENTION,17,REP,Vincent E Fusca,10,10,0,0
Beaver,HOPEWELL TWP 6,DELEGATE TO THE REPUBLICAN NATIONAL CONVENTION,17,REP,Write-In Totals,5,2,0,3
Beaver,HOPEWELL TWP 6,DELEGATE TO THE REPUBLICAN NATIONAL CONVENTION,17,REP,Not Assigned,5,2,0,3
Beaver,HOPEWELL TWP 6,ALTERNATE DELEGATE TO THE REPUBLICAN NATIONAL CONVENTION,17,REP,Christine Mattarochia,56,43,0,13
Beaver,HOPEWELL TWP 6,ALTERNATE DELEGATE TO THE REPUBLICAN NATIONAL CONVENTION,17,REP,Mike Mcmullen,48,39,0,9
Beaver,HOPEWELL TWP 6,ALTERNATE DELEGATE TO THE REPUBLICAN NATIONAL CONVENTION,17,REP,Bob Hamilton,48,38,0,10
Beaver,HOPEWELL TWP 6,ALTERNATE DELEGATE TO THE REPUBLICAN NATIONAL CONVENTION,17,REP,M J Costello,37,28,0,9
Beaver,HOPEWELL TWP 6,ALTERNATE DELEGATE TO THE REPUBLICAN NATIONAL CONVENTION,17,REP,Write-In Totals,3,0,0,3
Beaver,HOPEWELL TWP 6,ALTERNATE DELEGATE TO THE REPUBLICAN NATIONAL CONVENTION,17,REP,Not Assigned,3,0,0,3
Beaver,HOPEWELL TWP 7,President,,DEM,Joseph R Biden Jr,178,76,1,101
Beaver,HOPEWELL TWP 7,President,,DEM,Dean Phillips,30,19,0,11
Beaver,HOPEWELL TWP 7,President,,DEM,Write-In Totals,21,18,0,3
Beaver,HOPEWELL TWP 7,President,,DEM,Not Assigned,21,18,0,3
Beaver,HOPEWELL TWP 7,U.S. Senate,,DEM,Robert P Casey Jr,165,75,1,89
Beaver,HOPEWELL TWP 7,U.S. Senate,,DEM,William Parker,64,38,0,26
Beaver,HOPEWELL TWP 7,U.S. Senate,,DEM,Write-In Totals,4,4,0,0
Beaver,HOPEWELL TWP 7,U.S. Senate,,DEM,Not Assigned,4,4,0,0
Beaver,HOPEWELL TWP 7,U.S. House,17,DEM,Chris Deluzio,219,108,1,110
Beaver,HOPEWELL TWP 7,U.S. House,17,DEM,Write-In Totals,3,2,0,1
Beaver,HOPEWELL TWP 7,U.S. House,17,DEM,Not Assigned,3,2,0,1
Beaver,HOPEWELL TWP 7,State Senate,47,DEM,Write-In: Scattered,25,7,1,17
Beaver,HOPEWELL TWP 7,State Senate,47,DEM,Write-In: Elder Vogel Jr.,14,11,0,3
Beaver,HOPEWELL TWP 7,State Senate,47,DEM,Write-In: Kate Lennen,11,6,0,5
Beaver,HOPEWELL TWP 7,State Senate,47,DEM,Write-In Totals,50,24,1,25
Beaver,HOPEWELL TWP 7,State Senate,47,DEM,Not Assigned,0,0,0,0
Beaver,HOPEWELL TWP 7,State House,16,DEM,Robert F Matzie,223,109,1,113
Beaver,HOPEWELL TWP 7,State House,16,DEM,Write-In Totals,5,4,0,1
Beaver,HOPEWELL TWP 7,State House,16,DEM,Not Assigned,5,4,0,1
Beaver,HOPEWELL TWP 7,DELEGATE TO THE DEMOCRATIC NATIONAL CONVENTION,17,DEM,Nancy Werme,173,80,1,92
Beaver,HOPEWELL TWP 7,DELEGATE TO THE DEMOCRATIC NATIONAL CONVENTION,17,DEM,Dwan B Walker,160,70,1,89
Beaver,HOPEWELL TWP 7,DELEGATE TO THE DEMOCRATIC NATIONAL CONVENTION,17,DEM,Lisa M Baldis,151,64,1,86
Beaver,HOPEWELL TWP 7,DELEGATE TO THE DEMOCRATIC NATIONAL CONVENTION,17,DEM,Kaylee Werner,149,68,1,80
Beaver,HOPEWELL TWP 7,DELEGATE TO THE DEMOCRATIC NATIONAL CONVENTION,17,DEM,Mary Jane Jones-Gilliam,148,63,1,84
Beaver,HOPEWELL TWP 7,DELEGATE TO THE DEMOCRATIC NATIONAL CONVENTION,17,DEM,Arvind Venkat,139,64,1,74
Beaver,HOPEWELL TWP 7,DELEGATE TO THE DEMOCRATIC NATIONAL CONVENTION,17,DEM,Kevin Kinross,135,60,1,74
Beaver,HOPEWELL TWP 7,DELEGATE TO THE DEMOCRATIC NATIONAL CONVENTION,17,DEM,Write-In Totals,14,13,0,1
Beaver,HOPEWELL TWP 7,DELEGATE TO THE DEMOCRATIC NATIONAL CONVENTION,17,DEM,Not Assigned,14,13,0,1
Beaver,HOPEWELL TWP 7,President,,REP,Donald J Trump,131,113,0,18
Beaver,HOPEWELL TWP 7,President,,REP,Nikki R Haley,12,6,0,6
Beaver,HOPEWELL TWP 7,President,,REP,Write-In Totals,4,2,0,2
Beaver,HOPEWELL TWP 7,President,,REP,Not Assigned,4,2,0,2
Beaver,HOPEWELL TWP 7,U.S. Senate,,REP,Dave Mccormick,121,103,0,18
Beaver,HOPEWELL TWP 7,U.S. Senate,,REP,Joseph J Vodvarka,15,10,0,5
Beaver,HOPEWELL TWP 7,U.S. Senate,,REP,Write-In Totals,2,1,0,1
Beaver,HOPEWELL TWP 7,U.S. Senate,,REP,Not Assigned,2,1,0,1
Beaver,HOPEWELL TWP 7,U.S. House,17,REP,Rob Mercuri,130,106,0,24
Beaver,HOPEWELL TWP 7,U.S. House,17,REP,Write-In Totals,0,0,0,0
Beaver,HOPEWELL TWP 7,U.S. House,17,REP,Not Assigned,0,0,0,0
Beaver,HOPEWELL TWP 7,State Senate,47,REP,Elder Vogel Jr,134,111,0,23
Beaver,HOPEWELL TWP 7,State Senate,47,REP,Write-In Totals,1,0,0,1
Beaver,HOPEWELL TWP 7,State Senate,47,REP,Not Assigned,1,0,0,1
Beaver,HOPEWELL TWP 7,State House,16,REP,Michael J Perich,130,107,0,23
Beaver,HOPEWELL TWP 7,State House,16,REP,Write-In Totals,2,1,0,1
Beaver,HOPEWELL TWP 7,State House,16,REP,Not Assigned,2,1,0,1
Beaver,HOPEWELL TWP 7,DELEGATE TO THE REPUBLICAN NATIONAL CONVENTION,17,REP,Mike Mcmullen,66,58,0,8
Beaver,HOPEWELL TWP 7,DELEGATE TO THE REPUBLICAN NATIONAL CONVENTION,17,REP,Abby Kail,64,55,0,9
Beaver,HOPEWELL TWP 7,DELEGATE TO THE REPUBLICAN NATIONAL CONVENTION,17,REP,Jack Casey,47,41,0,6
Beaver,HOPEWELL TWP 7,DELEGATE TO THE REPUBLICAN NATIONAL CONVENTION,17,REP,John Fredericks,45,34,0,11
Beaver,HOPEWELL TWP 7,DELEGATE TO THE REPUBLICAN NATIONAL CONVENTION,17,REP,Toni Shuppe,43,33,0,10
Beaver,HOPEWELL TWP 7,DELEGATE TO THE REPUBLICAN NATIONAL CONVENTION,17,REP,Veronica S Steinkirchner,37,27,0,10
Beaver,HOPEWELL TWP 7,DELEGATE TO THE REPUBLICAN NATIONAL CONVENTION,17,REP,Bob Howard,30,25,0,5
Beaver,HOPEWELL TWP 7,DELEGATE TO THE REPUBLICAN NATIONAL CONVENTION,17,REP,Vincent E Fusca,29,24,0,5
Beaver,HOPEWELL TWP 7,DELEGATE TO THE REPUBLICAN NATIONAL CONVENTION,17,REP,Write-In Totals,0,0,0,0
Beaver,HOPEWELL TWP 7,DELEGATE TO THE REPUBLICAN NATIONAL CONVENTION,17,REP,Not Assigned,0,0,0,0
Beaver,HOPEWELL TWP 7,ALTERNATE DELEGATE TO THE REPUBLICAN NATIONAL CONVENTION,17,REP,Mike Mcmullen,89,77,0,12
Beaver,HOPEWELL TWP 7,ALTERNATE DELEGATE TO THE REPUBLICAN NATIONAL CONVENTION,17,REP,Christine Mattarochia,81,62,0,19
Beaver,HOPEWELL TWP 7,ALTERNATE DELEGATE TO THE REPUBLICAN NATIONAL CONVENTION,17,REP,Bob Hamilton,70,55,0,15
Beaver,HOPEWELL TWP 7,ALTERNATE DELEGATE TO THE REPUBLICAN NATIONAL CONVENTION,17,REP,M J Costello,57,46,0,11
Beaver,HOPEWELL TWP 7,ALTERNATE DELEGATE TO THE REPUBLICAN NATIONAL CONVENTION,17,REP,Write-In Totals,2,2,0,0
Beaver,HOPEWELL TWP 7,ALTERNATE DELEGATE TO THE REPUBLICAN NATIONAL CONVENTION,17,REP,Not Assigned,2,2,0,0
Beaver,HOPEWELL TWP 8,President,,DEM,Joseph R Biden Jr,75,35,0,40
Beaver,HOPEWELL TWP 8,President,,DEM,Dean Phillips,13,6,0,7
Beaver,HOPEWELL TWP 8,President,,DEM,Write-In Totals,3,2,0,1
Beaver,HOPEWELL TWP 8,President,,DEM,Not Assigned,3,2,0,1
Beaver,HOPEWELL TWP 8,U.S. Senate,,DEM,Robert P Casey Jr,67,26,0,41
Beaver,HOPEWELL TWP 8,U.S. Senate,,DEM,William Parker,27,19,0,8
Beaver,HOPEWELL TWP 8,U.S. Senate,,DEM,Write-In Totals,0,0,0,0
Beaver,HOPEWELL TWP 8,U.S. Senate,,DEM,Not Assigned,0,0,0,0
Beaver,HOPEWELL TWP 8,U.S. House,17,DEM,Chris Deluzio,89,41,0,48
Beaver,HOPEWELL TWP 8,U.S. House,17,DEM,Write-In Totals,0,0,0,0
Beaver,HOPEWELL TWP 8,U.S. House,17,DEM,Not Assigned,0,0,0,0
Beaver,HOPEWELL TWP 8,State Senate,47,DEM,Write-In: Elder Vogel Jr.,11,5,0,6
Beaver,HOPEWELL TWP 8,State Senate,47,DEM,Write-In: Scattered,6,1,0,5
Beaver,HOPEWELL TWP 8,State Senate,47,DEM,Write-In: Kate Lennen,2,1,0,1
Beaver,HOPEWELL TWP 8,State Senate,47,DEM,Write-In Totals,19,7,0,12
Beaver,HOPEWELL TWP 8,State Senate,47,DEM,Not Assigned,0,0,0,0
Beaver,HOPEWELL TWP 8,State House,16,DEM,Robert F Matzie,89,41,0,48
Beaver,HOPEWELL TWP 8,State House,16,DEM,Write-In Totals,0,0,0,0
Beaver,HOPEWELL TWP 8,State House,16,DEM,Not Assigned,0,0,0,0
Beaver,HOPEWELL TWP 8,DELEGATE TO THE DEMOCRATIC NATIONAL CONVENTION,17,DEM,Nancy Werme,78,34,0,44
Beaver,HOPEWELL TWP 8,DELEGATE TO THE DEMOCRATIC NATIONAL CONVENTION,17,DEM,Kaylee Werner,77,34,0,43
Beaver,HOPEWELL TWP 8,DELEGATE TO THE DEMOCRATIC NATIONAL CONVENTION,17,DEM,Dwan B Walker,73,33,0,40
Beaver,HOPEWELL TWP 8,DELEGATE TO THE DEMOCRATIC NATIONAL CONVENTION,17,DEM,Mary Jane Jones-Gilliam,73,31,0,42
Beaver,HOPEWELL TWP 8,DELEGATE TO THE DEMOCRATIC NATIONAL CONVENTION,17,DEM,Lisa M Baldis,72,29,0,43
Beaver,HOPEWELL TWP 8,DELEGATE TO THE DEMOCRATIC NATIONAL CONVENTION,17,DEM,Arvind Venkat,71,34,0,37
Beaver,HOPEWELL TWP 8,DELEGATE TO THE DEMOCRATIC NATIONAL CONVENTION,17,DEM,Kevin Kinross,70,31,0,39
Beaver,HOPEWELL TWP 8,DELEGATE TO THE DEMOCRATIC NATIONAL CONVENTION,17,DEM,Write-In Totals,0,0,0,0
Beaver,HOPEWELL TWP 8,DELEGATE TO THE DEMOCRATIC NATIONAL CONVENTION,17,DEM,Not Assigned,0,0,0,0
Beaver,HOPEWELL TWP 8,President,,REP,Donald J Trump,51,43,0,8
Beaver,HOPEWELL TWP 8,President,,REP,Nikki R Haley,5,3,0,2
Beaver,HOPEWELL TWP 8,President,,REP,Write-In Totals,0,0,0,0
Beaver,HOPEWELL TWP 8,President,,REP,Not Assigned,0,0,0,0
Beaver,HOPEWELL TWP 8,U.S. Senate,,REP,Dave Mccormick,48,40,0,8
Beaver,HOPEWELL TWP 8,U.S. Senate,,REP,Joseph J Vodvarka,7,6,0,1
Beaver,HOPEWELL TWP 8,U.S. Senate,,REP,Write-In Totals,0,0,0,0
Beaver,HOPEWELL TWP 8,U.S. Senate,,REP,Not Assigned,0,0,0,0
Beaver,HOPEWELL TWP 8,U.S. House,17,REP,Rob Mercuri,51,44,0,7
Beaver,HOPEWELL TWP 8,U.S. House,17,REP,Write-In Totals,0,0,0,0
Beaver,HOPEWELL TWP 8,U.S. House,17,REP,Not Assigned,0,0,0,0
Beaver,HOPEWELL TWP 8,State Senate,47,REP,Elder Vogel Jr,53,44,0,9
Beaver,HOPEWELL TWP 8,State Senate,47,REP,Write-In Totals,1,1,0,0
Beaver,HOPEWELL TWP 8,State Senate,47,REP,Not Assigned,1,1,0,0
Beaver,HOPEWELL TWP 8,State House,16,REP,Michael J Perich,51,42,0,9
Beaver,HOPEWELL TWP 8,State House,16,REP,Write-In Totals,1,1,0,0
Beaver,HOPEWELL TWP 8,State House,16,REP,Not Assigned,1,1,0,0
Beaver,HOPEWELL TWP 8,DELEGATE TO THE REPUBLICAN NATIONAL CONVENTION,17,REP,Mike Mcmullen,25,21,0,4
Beaver,HOPEWELL TWP 8,DELEGATE TO THE REPUBLICAN NATIONAL CONVENTION,17,REP,John Fredericks,22,17,0,5
Beaver,HOPEWELL TWP 8,DELEGATE TO THE REPUBLICAN NATIONAL CONVENTION,17,REP,Jack Casey,21,17,0,4
Beaver,HOPEWELL TWP 8,DELEGATE TO THE REPUBLICAN NATIONAL CONVENTION,17,REP,Toni Shuppe,15,10,0,5
Beaver,HOPEWELL TWP 8,DELEGATE TO THE REPUBLICAN NATIONAL CONVENTION,17,REP,Abby Kail,13,11,0,2
Beaver,HOPEWELL TWP 8,DELEGATE TO THE REPUBLICAN NATIONAL CONVENTION,17,REP,Bob Howard,13,13,0,0
Beaver,HOPEWELL TWP 8,DELEGATE TO THE REPUBLICAN NATIONAL CONVENTION,17,REP,Veronica S Steinkirchner,10,7,0,3
Beaver,HOPEWELL TWP 8,DELEGATE TO THE REPUBLICAN NATIONAL CONVENTION,17,REP,Vincent E Fusca,5,4,0,1
Beaver,HOPEWELL TWP 8,DELEGATE TO THE REPUBLICAN NATIONAL CONVENTION,17,REP,Write-In Totals,0,0,0,0
Beaver,HOPEWELL TWP 8,DELEGATE TO THE REPUBLICAN NATIONAL CONVENTION,17,REP,Not Assigned,0,0,0,0
Beaver,HOPEWELL TWP 8,ALTERNATE DELEGATE TO THE REPUBLICAN NATIONAL CONVENTION,17,REP,Mike Mcmullen,27,24,0,3
Beaver,HOPEWELL TWP 8,ALTERNATE DELEGATE TO THE REPUBLICAN NATIONAL CONVENTION,17,REP,Bob Hamilton,24,17,0,7
Beaver,HOPEWELL TWP 8,ALTERNATE DELEGATE TO THE REPUBLICAN NATIONAL CONVENTION,17,REP,Christine Mattarochia,23,19,0,4
Beaver,HOPEWELL TWP 8,ALTERNATE DELEGATE TO THE REPUBLICAN NATIONAL CONVENTION,17,REP,M J Costello,18,15,0,3
Beaver,HOPEWELL TWP 8,ALTERNATE DELEGATE TO THE REPUBLICAN NATIONAL CONVENTION,17,REP,Write-In Totals,3,2,0,1
Beaver,HOPEWELL TWP 8,ALTERNATE DELEGATE TO THE REPUBLICAN NATIONAL CONVENTION,17,REP,Not Assigned,3,2,0,1
Beaver,HOPEWELL TWP 9,President,,DEM,Joseph R Biden Jr,132,66,0,66
Beaver,HOPEWELL TWP 9,President,,DEM,Dean Phillips,13,11,0,2
Beaver,HOPEWELL TWP 9,President,,DEM,Write-In Totals,10,9,0,1
Beaver,HOPEWELL TWP 9,President,,DEM,Not Assigned,10,9,0,1
Beaver,HOPEWELL TWP 9,U.S. Senate,,DEM,Robert P Casey Jr,124,69,0,55
Beaver,HOPEWELL TWP 9,U.S. Senate,,DEM,William Parker,24,11,0,13
Beaver,HOPEWELL TWP 9,U.S. Senate,,DEM,Write-In Totals,3,2,0,1
Beaver,HOPEWELL TWP 9,U.S. Senate,,DEM,Not Assigned,3,2,0,1
Beaver,HOPEWELL TWP 9,U.S. House,17,DEM,Chris Deluzio,146,77,0,69
Beaver,HOPEWELL TWP 9,U.S. House,17,DEM,Write-In Totals,2,2,0,0
Beaver,HOPEWELL TWP 9,U.S. House,17,DEM,Not Assigned,2,2,0,0
Beaver,HOPEWELL TWP 9,State Senate,47,DEM,Write-In: Elder Vogel Jr.,11,9,0,2
Beaver,HOPEWELL TWP 9,State Senate,47,DEM,Write-In: Scattered,9,6,0,3
Beaver,HOPEWELL TWP 9,State Senate,47,DEM,Write-In: Kate Lennen,6,3,0,3
Beaver,HOPEWELL TWP 9,State Senate,47,DEM,Write-In Totals,26,18,0,8
Beaver,HOPEWELL TWP 9,State Senate,47,DEM,Not Assigned,0,0,0,0
Beaver,HOPEWELL TWP 9,State House,16,DEM,Robert F Matzie,145,77,0,68
Beaver,HOPEWELL TWP 9,State House,16,DEM,Write-In Totals,5,4,0,1
Beaver,HOPEWELL TWP 9,State House,16,DEM,Not Assigned,5,4,0,1
Beaver,HOPEWELL TWP 9,DELEGATE TO THE DEMOCRATIC NATIONAL CONVENTION,17,DEM,Nancy Werme,138,72,0,66
Beaver,HOPEWELL TWP 9,DELEGATE TO THE DEMOCRATIC NATIONAL CONVENTION,17,DEM,Kaylee Werner,121,59,0,62
Beaver,HOPEWELL TWP 9,DELEGATE TO THE DEMOCRATIC NATIONAL CONVENTION,17,DEM,Dwan B Walker,119,56,0,63
Beaver,HOPEWELL TWP 9,DELEGATE TO THE DEMOCRATIC NATIONAL CONVENTION,17,DEM,Mary Jane Jones-Gilliam,117,56,0,61
Beaver,HOPEWELL TWP 9,DELEGATE TO THE DEMOCRATIC NATIONAL CONVENTION,17,DEM,Lisa M Baldis,116,54,0,62
Beaver,HOPEWELL TWP 9,DELEGATE TO THE DEMOCRATIC NATIONAL CONVENTION,17,DEM,Kevin Kinross,115,56,0,59
Beaver,HOPEWELL TWP 9,DELEGATE TO THE DEMOCRATIC NATIONAL CONVENTION,17,DEM,Arvind Venkat,110,52,0,58
Beaver,HOPEWELL TWP 9,DELEGATE TO THE DEMOCRATIC NATIONAL CONVENTION,17,DEM,Write-In Totals,3,3,0,0
Beaver,HOPEWELL TWP 9,DELEGATE TO THE DEMOCRATIC NATIONAL CONVENTION,17,DEM,Not Assigned,3,3,0,0
Beaver,HOPEWELL TWP 9,President,,REP,Donald J Trump,106,96,0,10
Beaver,HOPEWELL TWP 9,President,,REP,Nikki R Haley,18,14,0,4
Beaver,HOPEWELL TWP 9,President,,REP,Write-In Totals,3,1,0,2
Beaver,HOPEWELL TWP 9,President,,REP,Not Assigned,3,1,0,2
Beaver,HOPEWELL TWP 9,U.S. Senate,,REP,Dave Mccormick,111,100,0,11
Beaver,HOPEWELL TWP 9,U.S. Senate,,REP,Joseph J Vodvarka,13,10,0,3
Beaver,HOPEWELL TWP 9,U.S. Senate,,REP,Write-In Totals,2,1,0,1
Beaver,HOPEWELL TWP 9,U.S. Senate,,REP,Not Assigned,2,1,0,1
Beaver,HOPEWELL TWP 9,U.S. House,17,REP,Rob Mercuri,120,108,0,12
Beaver,HOPEWELL TWP 9,U.S. House,17,REP,Write-In Totals,1,1,0,0
Beaver,HOPEWELL TWP 9,U.S. House,17,REP,Not Assigned,1,1,0,0
Beaver,HOPEWELL TWP 9,State Senate,47,REP,Elder Vogel Jr,124,109,0,15
Beaver,HOPEWELL TWP 9,State Senate,47,REP,Write-In Totals,0,0,0,0
Beaver,HOPEWELL TWP 9,State Senate,47,REP,Not Assigned,0,0,0,0
Beaver,HOPEWELL TWP 9,State House,16,REP,Michael J Perich,123,108,0,15
Beaver,HOPEWELL TWP 9,State House,16,REP,Write-In Totals,0,0,0,0
Beaver,HOPEWELL TWP 9,State House,16,REP,Not Assigned,0,0,0,0
Beaver,HOPEWELL TWP 9,DELEGATE TO THE REPUBLICAN NATIONAL CONVENTION,17,REP,Mike Mcmullen,61,55,0,6
Beaver,HOPEWELL TWP 9,DELEGATE TO THE REPUBLICAN NATIONAL CONVENTION,17,REP,Abby Kail,46,41,0,5
Beaver,HOPEWELL TWP 9,DELEGATE TO THE REPUBLICAN NATIONAL CONVENTION,17,REP,John Fredericks,43,39,0,4
Beaver,HOPEWELL TWP 9,DELEGATE TO THE REPUBLICAN NATIONAL CONVENTION,17,REP,Jack Casey,37,33,0,4
Beaver,HOPEWELL TWP 9,DELEGATE TO THE REPUBLICAN NATIONAL CONVENTION,17,REP,Bob Howard,36,35,0,1
Beaver,HOPEWELL TWP 9,DELEGATE TO THE REPUBLICAN NATIONAL CONVENTION,17,REP,Veronica S Steinkirchner,34,31,0,3
Beaver,HOPEWELL TWP 9,DELEGATE TO THE REPUBLICAN NATIONAL CONVENTION,17,REP,Vincent E Fusca,28,24,0,4
Beaver,HOPEWELL TWP 9,DELEGATE TO THE REPUBLICAN NATIONAL CONVENTION,17,REP,Toni Shuppe,21,15,0,6
Beaver,HOPEWELL TWP 9,DELEGATE TO THE REPUBLICAN NATIONAL CONVENTION,17,REP,Write-In Totals,1,1,0,0
Beaver,HOPEWELL TWP 9,DELEGATE TO THE REPUBLICAN NATIONAL CONVENTION,17,REP,Not Assigned,1,1,0,0
Beaver,HOPEWELL TWP 9,ALTERNATE DELEGATE TO THE REPUBLICAN NATIONAL CONVENTION,17,REP,Bob Hamilton,72,63,0,9
Beaver,HOPEWELL TWP 9,ALTERNATE DELEGATE TO THE REPUBLICAN NATIONAL CONVENTION,17,REP,Mike Mcmullen,67,59,0,8
Beaver,HOPEWELL TWP 9,ALTERNATE DELEGATE TO THE REPUBLICAN NATIONAL CONVENTION,17,REP,M J Costello,64,57,0,7
Beaver,HOPEWELL TWP 9,ALTERNATE DELEGATE TO THE REPUBLICAN NATIONAL CONVENTION,17,REP,Christine Mattarochia,59,53,0,6
Beaver,HOPEWELL TWP 9,ALTERNATE DELEGATE TO THE REPUBLICAN NATIONAL CONVENTION,17,REP,Write-In Totals,3,3,0,0
Beaver,HOPEWELL TWP 9,ALTERNATE DELEGATE TO THE REPUBLICAN NATIONAL CONVENTION,17,REP,Not Assigned,3,3,0,0
Beaver,INDEPENDENCE TWP,President,,DEM,Joseph R Biden Jr,119,70,0,49
Beaver,INDEPENDENCE TWP,President,,DEM,Dean Phillips,17,11,0,6
Beaver,INDEPENDENCE TWP,President,,DEM,Write-In Totals,11,9,0,2
Beaver,INDEPENDENCE TWP,President,,DEM,Not Assigned,11,9,0,2
Beaver,INDEPENDENCE TWP,U.S. Senate,,DEM,Robert P Casey Jr,113,63,0,50
Beaver,INDEPENDENCE TWP,U.S. Senate,,DEM,William Parker,34,26,0,8
Beaver,INDEPENDENCE TWP,U.S. Senate,,DEM,Write-In Totals,2,2,0,0
Beaver,INDEPENDENCE TWP,U.S. Senate,,DEM,Not Assigned,2,2,0,0
Beaver,INDEPENDENCE TWP,U.S. House,17,DEM,Chris Deluzio,141,85,0,56
Beaver,INDEPENDENCE TWP,U.S. House,17,DEM,Write-In Totals,1,1,0,0
Beaver,INDEPENDENCE TWP,U.S. House,17,DEM,Not Assigned,1,1,0,0
Beaver,INDEPENDENCE TWP,State House,15,DEM,Ashlee Caul,143,86,0,57
Beaver,INDEPENDENCE TWP,State House,15,DEM,Write-In Totals,0,0,0,0
Beaver,INDEPENDENCE TWP,State House,15,DEM,Not Assigned,0,0,0,0
Beaver,INDEPENDENCE TWP,DELEGATE TO THE DEMOCRATIC NATIONAL CONVENTION,17,DEM,Nancy Werme,118,67,0,51
Beaver,INDEPENDENCE TWP,DELEGATE TO THE DEMOCRATIC NATIONAL CONVENTION,17,DEM,Mary Jane Jones-Gilliam,112,66,0,46
Beaver,INDEPENDENCE TWP,DELEGATE TO THE DEMOCRATIC NATIONAL CONVENTION,17,DEM,Dwan B Walker,111,65,0,46
Beaver,INDEPENDENCE TWP,DELEGATE TO THE DEMOCRATIC NATIONAL CONVENTION,17,DEM,Kaylee Werner,109,65,0,44
Beaver,INDEPENDENCE TWP,DELEGATE TO THE DEMOCRATIC NATIONAL CONVENTION,17,DEM,Lisa M Baldis,106,63,0,43
Beaver,INDEPENDENCE TWP,DELEGATE TO THE DEMOCRATIC NATIONAL CONVENTION,17,DEM,Arvind Venkat,104,61,0,43
Beaver,INDEPENDENCE TWP,DELEGATE TO THE DEMOCRATIC NATIONAL CONVENTION,17,DEM,Kevin Kinross,103,61,0,42
Beaver,INDEPENDENCE TWP,DELEGATE TO THE DEMOCRATIC NATIONAL CONVENTION,17,DEM,Write-In Totals,9,9,0,0
Beaver,INDEPENDENCE TWP,DELEGATE TO THE DEMOCRATIC NATIONAL CONVENTION,17,DEM,Not Assigned,9,9,0,0
Beaver,INDEPENDENCE TWP,President,,REP,Donald J Trump,235,222,2,11
Beaver,INDEPENDENCE TWP,President,,REP,Nikki R Haley,15,12,0,3
Beaver,INDEPENDENCE TWP,President,,REP,Write-In Totals,5,5,0,0
Beaver,INDEPENDENCE TWP,President,,REP,Not Assigned,5,5,0,0
Beaver,INDEPENDENCE TWP,U.S. Senate,,REP,Dave Mccormick,229,215,2,12
Beaver,INDEPENDENCE TWP,U.S. Senate,,REP,Joseph J Vodvarka,17,16,0,1
Beaver,INDEPENDENCE TWP,U.S. Senate,,REP,Write-In Totals,1,1,0,0
Beaver,INDEPENDENCE TWP,U.S. Senate,,REP,Not Assigned,1,1,0,0
Beaver,INDEPENDENCE TWP,U.S. House,17,REP,Rob Mercuri,220,207,2,11
Beaver,INDEPENDENCE TWP,U.S. House,17,REP,Write-In Totals,3,3,0,0
Beaver,INDEPENDENCE TWP,U.S. House,17,REP,Not Assigned,3,3,0,0
Beaver,INDEPENDENCE TWP,State House,15,REP,Joshua D Kail,242,227,2,13
Beaver,INDEPENDENCE TWP,State House,15,REP,Write-In Totals,1,1,0,0
Beaver,INDEPENDENCE TWP,State House,15,REP,Not Assigned,1,1,0,0
Beaver,INDEPENDENCE TWP,DELEGATE TO THE REPUBLICAN NATIONAL CONVENTION,17,REP,Abby Kail,135,125,2,8
Beaver,INDEPENDENCE TWP,DELEGATE TO THE REPUBLICAN NATIONAL CONVENTION,17,REP,John Fredericks,112,107,1,4
Beaver,INDEPENDENCE TWP,DELEGATE TO THE REPUBLICAN NATIONAL CONVENTION,17,REP,Mike Mcmullen,97,93,0,4
Beaver,INDEPENDENCE TWP,DELEGATE TO THE REPUBLICAN NATIONAL CONVENTION,17,REP,Toni Shuppe,51,45,1,5
Beaver,INDEPENDENCE TWP,DELEGATE TO THE REPUBLICAN NATIONAL CONVENTION,17,REP,Jack Casey,44,41,2,1
Beaver,INDEPENDENCE TWP,DELEGATE TO THE REPUBLICAN NATIONAL CONVENTION,17,REP,Bob Howard,43,39,0,4
Beaver,INDEPENDENCE TWP,DELEGATE TO THE REPUBLICAN NATIONAL CONVENTION,17,REP,Veronica S Steinkirchner,40,36,0,4
Beaver,INDEPENDENCE TWP,DELEGATE TO THE REPUBLICAN NATIONAL CONVENTION,17,REP,Vincent E Fusca,29,24,0,5
Beaver,INDEPENDENCE TWP,DELEGATE TO THE REPUBLICAN NATIONAL CONVENTION,17,REP,Write-In Totals,1,1,0,0
Beaver,INDEPENDENCE TWP,DELEGATE TO THE REPUBLICAN NATIONAL CONVENTION,17,REP,Not Assigned,1,1,0,0
Beaver,INDEPENDENCE TWP,ALTERNATE DELEGATE TO THE REPUBLICAN NATIONAL CONVENTION,17,REP,Mike Mcmullen,149,140,2,7
Beaver,INDEPENDENCE TWP,ALTERNATE DELEGATE TO THE REPUBLICAN NATIONAL CONVENTION,17,REP,Bob Hamilton,105,96,2,7
Beaver,INDEPENDENCE TWP,ALTERNATE DELEGATE TO THE REPUBLICAN NATIONAL CONVENTION,17,REP,Christine Mattarochia,96,85,2,9
Beaver,INDEPENDENCE TWP,ALTERNATE DELEGATE TO THE REPUBLICAN NATIONAL CONVENTION,17,REP,M J Costello,90,84,0,6
Beaver,INDEPENDENCE TWP,ALTERNATE DELEGATE TO THE REPUBLICAN NATIONAL CONVENTION,17,REP,Write-In Totals,0,0,0,0
Beaver,INDEPENDENCE TWP,ALTERNATE DELEGATE TO THE REPUBLICAN NATIONAL CONVENTION,17,REP,Not Assigned,0,0,0,0
Beaver,INDUSTRY BORO,President,,DEM,Joseph R Biden Jr,130,71,0,59
Beaver,INDUSTRY BORO,President,,DEM,Dean Phillips,15,14,0,1
Beaver,INDUSTRY BORO,President,,DEM,Write-In Totals,11,11,0,0
Beaver,INDUSTRY BORO,President,,DEM,Not Assigned,11,11,0,0
Beaver,INDUSTRY BORO,U.S. Senate,,DEM,Robert P Casey Jr,114,70,0,44
Beaver,INDUSTRY BORO,U.S. Senate,,DEM,William Parker,44,29,0,15
Beaver,INDUSTRY BORO,U.S. Senate,,DEM,Write-In Totals,3,0,0,3
Beaver,INDUSTRY BORO,U.S. Senate,,DEM,Not Assigned,3,0,0,3
Beaver,INDUSTRY BORO,U.S. House,17,DEM,Chris Deluzio,146,86,0,60
Beaver,INDUSTRY BORO,U.S. House,17,DEM,Write-In Totals,0,0,0,0
Beaver,INDUSTRY BORO,U.S. House,17,DEM,Not Assigned,0,0,0,0
Beaver,INDUSTRY BORO,State Senate,47,DEM,Write-In: Elder Vogel Jr.,16,11,0,5
Beaver,INDUSTRY BORO,State Senate,47,DEM,Write-In: Scattered,13,8,0,5
Beaver,INDUSTRY BORO,State Senate,47,DEM,Write-In: Kate Lennen,9,2,0,7
Beaver,INDUSTRY BORO,State Senate,47,DEM,Write-In Totals,38,21,0,17
Beaver,INDUSTRY BORO,State Senate,47,DEM,Not Assigned,0,0,0,0
Beaver,INDUSTRY BORO,State House,15,DEM,Ashlee Caul,145,87,0,58
Beaver,INDUSTRY BORO,State House,15,DEM,Write-In Totals,0,0,0,0
Beaver,INDUSTRY BORO,State House,15,DEM,Not Assigned,0,0,0,0
Beaver,INDUSTRY BORO,DELEGATE TO THE DEMOCRATIC NATIONAL CONVENTION,17,DEM,Nancy Werme,129,72,0,57
Beaver,INDUSTRY BORO,DELEGATE TO THE DEMOCRATIC NATIONAL CONVENTION,17,DEM,Lisa M Baldis,125,70,0,55
Beaver,INDUSTRY BORO,DELEGATE TO THE DEMOCRATIC NATIONAL CONVENTION,17,DEM,Kaylee Werner,124,66,0,58
Beaver,INDUSTRY BORO,DELEGATE TO THE DEMOCRATIC NATIONAL CONVENTION,17,DEM,Mary Jane Jones-Gilliam,117,61,0,56
Beaver,INDUSTRY BORO,DELEGATE TO THE DEMOCRATIC NATIONAL CONVENTION,17,DEM,Kevin Kinross,111,60,0,51
Beaver,INDUSTRY BORO,DELEGATE TO THE DEMOCRATIC NATIONAL CONVENTION,17,DEM,Arvind Venkat,108,59,0,49
Beaver,INDUSTRY BORO,DELEGATE TO THE DEMOCRATIC NATIONAL CONVENTION,17,DEM,Dwan B Walker,108,59,0,49
Beaver,INDUSTRY BORO,DELEGATE TO THE DEMOCRATIC NATIONAL CONVENTION,17,DEM,Write-In Totals,11,10,0,1
Beaver,INDUSTRY BORO,DELEGATE TO THE DEMOCRATIC NATIONAL CONVENTION,17,DEM,Not Assigned,11,10,0,1
Beaver,INDUSTRY BORO,President,,REP,Donald J Trump,122,118,0,4
Beaver,INDUSTRY BORO,President,,REP,Nikki R Haley,12,11,0,1
Beaver,INDUSTRY BORO,President,,REP,Write-In Totals,0,0,0,0
Beaver,INDUSTRY BORO,President,,REP,Not Assigned,0,0,0,0
Beaver,INDUSTRY BORO,U.S. Senate,,REP,Dave Mccormick,120,115,0,5
Beaver,INDUSTRY BORO,U.S. Senate,,REP,Joseph J Vodvarka,9,9,0,0
Beaver,INDUSTRY BORO,U.S. Senate,,REP,Write-In Totals,0,0,0,0
Beaver,INDUSTRY BORO,U.S. Senate,,REP,Not Assigned,0,0,0,0
Beaver,INDUSTRY BORO,U.S. House,17,REP,Rob Mercuri,119,114,0,5
Beaver,INDUSTRY BORO,U.S. House,17,REP,Write-In Totals,0,0,0,0
Beaver,INDUSTRY BORO,U.S. House,17,REP,Not Assigned,0,0,0,0
Beaver,INDUSTRY BORO,State Senate,47,REP,Elder Vogel Jr,126,121,0,5
Beaver,INDUSTRY BORO,State Senate,47,REP,Write-In Totals,0,0,0,0
Beaver,INDUSTRY BORO,State Senate,47,REP,Not Assigned,0,0,0,0
Beaver,INDUSTRY BORO,State House,15,REP,Joshua D Kail,127,122,0,5
Beaver,INDUSTRY BORO,State House,15,REP,Write-In Totals,0,0,0,0
Beaver,INDUSTRY BORO,State House,15,REP,Not Assigned,0,0,0,0
Beaver,INDUSTRY BORO,DELEGATE TO THE REPUBLICAN NATIONAL CONVENTION,17,REP,Abby Kail,81,78,0,3
Beaver,INDUSTRY BORO,DELEGATE TO THE REPUBLICAN NATIONAL CONVENTION,17,REP,Mike Mcmullen,57,56,0,1
Beaver,INDUSTRY BORO,DELEGATE TO THE REPUBLICAN NATIONAL CONVENTION,17,REP,John Fredericks,49,47,0,2
Beaver,INDUSTRY BORO,DELEGATE TO THE REPUBLICAN NATIONAL CONVENTION,17,REP,Bob Howard,36,35,0,1
Beaver,INDUSTRY BORO,DELEGATE TO THE REPUBLICAN NATIONAL CONVENTION,17,REP,Jack Casey,33,31,0,2
Beaver,INDUSTRY BORO,DELEGATE TO THE REPUBLICAN NATIONAL CONVENTION,17,REP,Toni Shuppe,29,26,0,3
Beaver,INDUSTRY BORO,DELEGATE TO THE REPUBLICAN NATIONAL CONVENTION,17,REP,Veronica S Steinkirchner,28,26,0,2
Beaver,INDUSTRY BORO,DELEGATE TO THE REPUBLICAN NATIONAL CONVENTION,17,REP,Vincent E Fusca,14,13,0,1
Beaver,INDUSTRY BORO,DELEGATE TO THE REPUBLICAN NATIONAL CONVENTION,17,REP,Write-In Totals,0,0,0,0
Beaver,INDUSTRY BORO,DELEGATE TO THE REPUBLICAN NATIONAL CONVENTION,17,REP,Not Assigned,0,0,0,0
Beaver,INDUSTRY BORO,ALTERNATE DELEGATE TO THE REPUBLICAN NATIONAL CONVENTION,17,REP,Mike Mcmullen,83,78,0,5
Beaver,INDUSTRY BORO,ALTERNATE DELEGATE TO THE REPUBLICAN NATIONAL CONVENTION,17,REP,Bob Hamilton,74,72,0,2
Beaver,INDUSTRY BORO,ALTERNATE DELEGATE TO THE REPUBLICAN NATIONAL CONVENTION,17,REP,Christine Mattarochia,66,64,0,2
Beaver,INDUSTRY BORO,ALTERNATE DELEGATE TO THE REPUBLICAN NATIONAL CONVENTION,17,REP,M J Costello,49,44,0,5
Beaver,INDUSTRY BORO,ALTERNATE DELEGATE TO THE REPUBLICAN NATIONAL CONVENTION,17,REP,Write-In Totals,0,0,0,0
Beaver,INDUSTRY BORO,ALTERNATE DELEGATE TO THE REPUBLICAN NATIONAL CONVENTION,17,REP,Not Assigned,0,0,0,0
Beaver,KOPPEL BORO,President,,DEM,Joseph R Biden Jr,42,24,0,18
Beaver,KOPPEL BORO,President,,DEM,Dean Phillips,7,6,0,1
Beaver,KOPPEL BORO,President,,DEM,Write-In Totals,8,7,0,1
Beaver,KOPPEL BORO,President,,DEM,Not Assigned,8,7,0,1
Beaver,KOPPEL BORO,U.S. Senate,,DEM,Robert P Casey Jr,44,28,0,16
Beaver,KOPPEL BORO,U.S. Senate,,DEM,William Parker,13,9,0,4
Beaver,KOPPEL BORO,U.S. Senate,,DEM,Write-In Totals,1,1,0,0
Beaver,KOPPEL BORO,U.S. Senate,,DEM,Not Assigned,1,1,0,0
Beaver,KOPPEL BORO,U.S. House,17,DEM,Chris Deluzio,55,36,0,19
Beaver,KOPPEL BORO,U.S. House,17,DEM,Write-In Totals,2,1,0,1
Beaver,KOPPEL BORO,U.S. House,17,DEM,Not Assigned,2,1,0,1
Beaver,KOPPEL BORO,State Senate,47,DEM,Write-In: Elder Vogel Jr.,6,6,0,0
Beaver,KOPPEL BORO,State Senate,47,DEM,Write-In: Scattered,2,2,0,0
Beaver,KOPPEL BORO,State Senate,47,DEM,Write-In: Kate Lennen,0,0,0,0
Beaver,KOPPEL BORO,State Senate,47,DEM,Write-In Totals,8,8,0,0
Beaver,KOPPEL BORO,State Senate,47,DEM,Not Assigned,0,0,0,0
Beaver,KOPPEL BORO,State House,14,DEM,Kenya Johns,51,32,0,19
Beaver,KOPPEL BORO,State House,14,DEM,Write-In Totals,2,2,0,0
Beaver,KOPPEL BORO,State House,14,DEM,Not Assigned,2,2,0,0
Beaver,KOPPEL BORO,DELEGATE TO THE DEMOCRATIC NATIONAL CONVENTION,17,DEM,Nancy Werme,40,23,0,17
Beaver,KOPPEL BORO,DELEGATE TO THE DEMOCRATIC NATIONAL CONVENTION,17,DEM,Kaylee Werner,36,21,0,15
Beaver,KOPPEL BORO,DELEGATE TO THE DEMOCRATIC NATIONAL CONVENTION,17,DEM,Mary Jane Jones-Gilliam,36,20,0,16
Beaver,KOPPEL BORO,DELEGATE TO THE DEMOCRATIC NATIONAL CONVENTION,17,DEM,Lisa M Baldis,35,18,0,17
Beaver,KOPPEL BORO,DELEGATE TO THE DEMOCRATIC NATIONAL CONVENTION,17,DEM,Dwan B Walker,34,20,0,14
Beaver,KOPPEL BORO,DELEGATE TO THE DEMOCRATIC NATIONAL CONVENTION,17,DEM,Arvind Venkat,32,17,0,15
Beaver,KOPPEL BORO,DELEGATE TO THE DEMOCRATIC NATIONAL CONVENTION,17,DEM,Kevin Kinross,30,17,0,13
Beaver,KOPPEL BORO,DELEGATE TO THE DEMOCRATIC NATIONAL CONVENTION,17,DEM,Write-In Totals,2,2,0,0
Beaver,KOPPEL BORO,DELEGATE TO THE DEMOCRATIC NATIONAL CONVENTION,17,DEM,Not Assigned,2,2,0,0
Beaver,KOPPEL BORO,President,,REP,Donald J Trump,42,41,0,1
Beaver,KOPPEL BORO,President,,REP,Nikki R Haley,2,2,0,0
Beaver,KOPPEL BORO,President,,REP,Write-In Totals,0,0,0,0
Beaver,KOPPEL BORO,President,,REP,Not Assigned,0,0,0,0
Beaver,KOPPEL BORO,U.S. Senate,,REP,Dave Mccormick,36,35,0,1
Beaver,KOPPEL BORO,U.S. Senate,,REP,Joseph J Vodvarka,3,3,0,0
Beaver,KOPPEL BORO,U.S. Senate,,REP,Write-In Totals,0,0,0,0
Beaver,KOPPEL BORO,U.S. Senate,,REP,Not Assigned,0,0,0,0
Beaver,KOPPEL BORO,U.S. House,17,REP,Rob Mercuri,37,36,0,1
Beaver,KOPPEL BORO,U.S. House,17,REP,Write-In Totals,0,0,0,0
Beaver,KOPPEL BORO,U.S. House,17,REP,Not Assigned,0,0,0,0
Beaver,KOPPEL BORO,State Senate,47,REP,Elder Vogel Jr,39,38,0,1
Beaver,KOPPEL BORO,State Senate,47,REP,Write-In Totals,0,0,0,0
Beaver,KOPPEL BORO,State Senate,47,REP,Not Assigned,0,0,0,0
Beaver,KOPPEL BORO,State House,14,REP,Roman Kozak,34,33,0,1
Beaver,KOPPEL BORO,State House,14,REP,Write-In Totals,1,1,0,0
Beaver,KOPPEL BORO,State House,14,REP,Not Assigned,1,1,0,0
Beaver,KOPPEL BORO,DELEGATE TO THE REPUBLICAN NATIONAL CONVENTION,17,REP,Mike Mcmullen,22,22,0,0
Beaver,KOPPEL BORO,DELEGATE TO THE REPUBLICAN NATIONAL CONVENTION,17,REP,Jack Casey,15,14,0,1
Beaver,KOPPEL BORO,DELEGATE TO THE REPUBLICAN NATIONAL CONVENTION,17,REP,Abby Kail,12,12,0,0
Beaver,KOPPEL BORO,DELEGATE TO THE REPUBLICAN NATIONAL CONVENTION,17,REP,John Fredericks,12,12,0,0
Beaver,KOPPEL BORO,DELEGATE TO THE REPUBLICAN NATIONAL CONVENTION,17,REP,Toni Shuppe,10,9,0,1
Beaver,KOPPEL BORO,DELEGATE TO THE REPUBLICAN NATIONAL CONVENTION,17,REP,Bob Howard,9,8,0,1
Beaver,KOPPEL BORO,DELEGATE TO THE REPUBLICAN NATIONAL CONVENTION,17,REP,Veronica S Steinkirchner,7,7,0,0
Beaver,KOPPEL BORO,DELEGATE TO THE REPUBLICAN NATIONAL CONVENTION,17,REP,Vincent E Fusca,7,7,0,0
Beaver,KOPPEL BORO,DELEGATE TO THE REPUBLICAN NATIONAL CONVENTION,17,REP,Write-In Totals,0,0,0,0
Beaver,KOPPEL BORO,DELEGATE TO THE REPUBLICAN NATIONAL CONVENTION,17,REP,Not Assigned,0,0,0,0
Beaver,KOPPEL BORO,ALTERNATE DELEGATE TO THE REPUBLICAN NATIONAL CONVENTION,17,REP,Mike Mcmullen,25,24,0,1
Beaver,KOPPEL BORO,ALTERNATE DELEGATE TO THE REPUBLICAN NATIONAL CONVENTION,17,REP,Christine Mattarochia,19,18,0,1
Beaver,KOPPEL BORO,ALTERNATE DELEGATE TO THE REPUBLICAN NATIONAL CONVENTION,17,REP,Bob Hamilton,15,15,0,0
Beaver,KOPPEL BORO,ALTERNATE DELEGATE TO THE REPUBLICAN NATIONAL CONVENTION,17,REP,M J Costello,9,8,0,1
Beaver,KOPPEL BORO,ALTERNATE DELEGATE TO THE REPUBLICAN NATIONAL CONVENTION,17,REP,Write-In Totals,0,0,0,0
Beaver,KOPPEL BORO,ALTERNATE DELEGATE TO THE REPUBLICAN NATIONAL CONVENTION,17,REP,Not Assigned,0,0,0,0
Beaver,MARION TWP,President,,DEM,Joseph R Biden Jr,38,21,0,17
Beaver,MARION TWP,President,,DEM,Dean Phillips,1,0,0,1
Beaver,MARION TWP,President,,DEM,Write-In Totals,2,1,0,1
Beaver,MARION TWP,President,,DEM,Not Assigned,2,1,0,1
Beaver,MARION TWP,U.S. Senate,,DEM,Robert P Casey Jr,35,19,0,16
Beaver,MARION TWP,U.S. Senate,,DEM,William Parker,5,3,0,2
Beaver,MARION TWP,U.S. Senate,,DEM,Write-In Totals,3,2,0,1
Beaver,MARION TWP,U.S. Senate,,DEM,Not Assigned,3,2,0,1
Beaver,MARION TWP,U.S. House,17,DEM,Chris Deluzio,40,24,0,16
Beaver,MARION TWP,U.S. House,17,DEM,Write-In Totals,2,0,0,2
Beaver,MARION TWP,U.S. House,17,DEM,Not Assigned,2,0,0,2
Beaver,MARION TWP,State Senate,47,DEM,Write-In: Elder Vogel Jr.,7,4,0,3
Beaver,MARION TWP,State Senate,47,DEM,Write-In: Kate Lennen,1,1,0,0
Beaver,MARION TWP,State Senate,47,DEM,Write-In: Scattered,0,0,0,0
Beaver,MARION TWP,State Senate,47,DEM,Write-In Totals,8,5,0,3
Beaver,MARION TWP,State Senate,47,DEM,Not Assigned,0,0,0,0
Beaver,MARION TWP,State House,14,DEM,Kenya Johns,38,21,0,17
Beaver,MARION TWP,State House,14,DEM,Write-In Totals,1,0,0,1
Beaver,MARION TWP,State House,14,DEM,Not Assigned,1,0,0,1
Beaver,MARION TWP,DELEGATE TO THE DEMOCRATIC NATIONAL CONVENTION,17,DEM,Lisa M Baldis,33,20,0,13
Beaver,MARION TWP,DELEGATE TO THE DEMOCRATIC NATIONAL CONVENTION,17,DEM,Nancy Werme,32,18,0,14
Beaver,MARION TWP,DELEGATE TO THE DEMOCRATIC NATIONAL CONVENTION,17,DEM,Arvind Venkat,30,17,0,13
Beaver,MARION TWP,DELEGATE TO THE DEMOCRATIC NATIONAL CONVENTION,17,DEM,Kaylee Werner,30,18,0,12
Beaver,MARION TWP,DELEGATE TO THE DEMOCRATIC NATIONAL CONVENTION,17,DEM,Mary Jane Jones-Gilliam,30,18,0,12
Beaver,MARION TWP,DELEGATE TO THE DEMOCRATIC NATIONAL CONVENTION,17,DEM,Dwan B Walker,29,17,0,12
Beaver,MARION TWP,DELEGATE TO THE DEMOCRATIC NATIONAL CONVENTION,17,DEM,Kevin Kinross,28,18,0,10
Beaver,MARION TWP,DELEGATE TO THE DEMOCRATIC NATIONAL CONVENTION,17,DEM,Write-In Totals,0,0,0,0
Beaver,MARION TWP,DELEGATE TO THE DEMOCRATIC NATIONAL CONVENTION,17,DEM,Not Assigned,0,0,0,0
Beaver,MARION TWP,President,,REP,Donald J Trump,94,88,0,6
Beaver,MARION TWP,President,,REP,Nikki R Haley,18,13,0,5
Beaver,MARION TWP,President,,REP,Write-In Totals,0,0,0,0
Beaver,MARION TWP,President,,REP,Not Assigned,0,0,0,0
Beaver,MARION TWP,U.S. Senate,,REP,Dave Mccormick,103,95,0,8
Beaver,MARION TWP,U.S. Senate,,REP,Joseph J Vodvarka,6,4,0,2
Beaver,MARION TWP,U.S. Senate,,REP,Write-In Totals,1,0,0,1
Beaver,MARION TWP,U.S. Senate,,REP,Not Assigned,1,0,0,1
Beaver,MARION TWP,U.S. House,17,REP,Rob Mercuri,101,91,0,10
Beaver,MARION TWP,U.S. House,17,REP,Write-In Totals,1,1,0,0
Beaver,MARION TWP,U.S. House,17,REP,Not Assigned,1,1,0,0
Beaver,MARION TWP,State Senate,47,REP,Elder Vogel Jr,105,94,0,11
Beaver,MARION TWP,State Senate,47,REP,Write-In Totals,0,0,0,0
Beaver,MARION TWP,State Senate,47,REP,Not Assigned,0,0,0,0
Beaver,MARION TWP,State House,14,REP,Roman Kozak,103,93,0,10
Beaver,MARION TWP,State House,14,REP,Write-In Totals,0,0,0,0
Beaver,MARION TWP,State House,14,REP,Not Assigned,0,0,0,0
Beaver,MARION TWP,DELEGATE TO THE REPUBLICAN NATIONAL CONVENTION,17,REP,Mike Mcmullen,53,49,0,4
Beaver,MARION TWP,DELEGATE TO THE REPUBLICAN NATIONAL CONVENTION,17,REP,John Fredericks,47,44,0,3
Beaver,MARION TWP,DELEGATE TO THE REPUBLICAN NATIONAL CONVENTION,17,REP,Abby Kail,44,39,0,5
Beaver,MARION TWP,DELEGATE TO THE REPUBLICAN NATIONAL CONVENTION,17,REP,Jack Casey,32,30,0,2
Beaver,MARION TWP,DELEGATE TO THE REPUBLICAN NATIONAL CONVENTION,17,REP,Toni Shuppe,26,22,0,4
Beaver,MARION TWP,DELEGATE TO THE REPUBLICAN NATIONAL CONVENTION,17,REP,Veronica S Steinkirchner,23,20,0,3
Beaver,MARION TWP,DELEGATE TO THE REPUBLICAN NATIONAL CONVENTION,17,REP,Bob Howard,22,22,0,0
Beaver,MARION TWP,DELEGATE TO THE REPUBLICAN NATIONAL CONVENTION,17,REP,Vincent E Fusca,8,7,0,1
Beaver,MARION TWP,DELEGATE TO THE REPUBLICAN NATIONAL CONVENTION,17,REP,Write-In Totals,0,0,0,0
Beaver,MARION TWP,DELEGATE TO THE REPUBLICAN NATIONAL CONVENTION,17,REP,Not Assigned,0,0,0,0
Beaver,MARION TWP,ALTERNATE DELEGATE TO THE REPUBLICAN NATIONAL CONVENTION,17,REP,Mike Mcmullen,65,59,0,6
Beaver,MARION TWP,ALTERNATE DELEGATE TO THE REPUBLICAN NATIONAL CONVENTION,17,REP,Bob Hamilton,58,54,0,4
Beaver,MARION TWP,ALTERNATE DELEGATE TO THE REPUBLICAN NATIONAL CONVENTION,17,REP,Christine Mattarochia,53,49,0,4
Beaver,MARION TWP,ALTERNATE DELEGATE TO THE REPUBLICAN NATIONAL CONVENTION,17,REP,M J Costello,31,29,0,2
Beaver,MARION TWP,ALTERNATE DELEGATE TO THE REPUBLICAN NATIONAL CONVENTION,17,REP,Write-In Totals,0,0,0,0
Beaver,MARION TWP,ALTERNATE DELEGATE TO THE REPUBLICAN NATIONAL CONVENTION,17,REP,Not Assigned,0,0,0,0
Beaver,MIDLAND BORO 1,President,,DEM,Joseph R Biden Jr,137,58,0,79
Beaver,MIDLAND BORO 1,President,,DEM,Dean Phillips,11,5,1,5
Beaver,MIDLAND BORO 1,President,,DEM,Write-In Totals,9,7,0,2
Beaver,MIDLAND BORO 1,President,,DEM,Not Assigned,9,7,0,2
Beaver,MIDLAND BORO 1,U.S. Senate,,DEM,Robert P Casey Jr,129,54,1,74
Beaver,MIDLAND BORO 1,U.S. Senate,,DEM,William Parker,30,16,0,14
Beaver,MIDLAND BORO 1,U.S. Senate,,DEM,Write-In Totals,3,3,0,0
Beaver,MIDLAND BORO 1,U.S. Senate,,DEM,Not Assigned,3,3,0,0
Beaver,MIDLAND BORO 1,U.S. House,17,DEM,Chris Deluzio,152,66,1,85
Beaver,MIDLAND BORO 1,U.S. House,17,DEM,Write-In Totals,1,1,0,0
Beaver,MIDLAND BORO 1,U.S. House,17,DEM,Not Assigned,1,1,0,0
Beaver,MIDLAND BORO 1,State Senate,47,DEM,Write-In: Kate Lennen,40,30,0,10
Beaver,MIDLAND BORO 1,State Senate,47,DEM,Write-In: Elder Vogel Jr.,9,1,1,7
Beaver,MIDLAND BORO 1,State Senate,47,DEM,Write-In: Scattered,5,3,0,2
Beaver,MIDLAND BORO 1,State Senate,47,DEM,Write-In Totals,54,34,1,19
Beaver,MIDLAND BORO 1,State Senate,47,DEM,Not Assigned,0,0,0,0
Beaver,MIDLAND BORO 1,State House,15,DEM,Ashlee Caul,143,65,1,77
Beaver,MIDLAND BORO 1,State House,15,DEM,Write-In Totals,1,1,0,0
Beaver,MIDLAND BORO 1,State House,15,DEM,Not Assigned,1,1,0,0
Beaver,MIDLAND BORO 1,DELEGATE TO THE DEMOCRATIC NATIONAL CONVENTION,17,DEM,Nancy Werme,133,57,0,76
Beaver,MIDLAND BORO 1,DELEGATE TO THE DEMOCRATIC NATIONAL CONVENTION,17,DEM,Kaylee Werner,120,52,0,68
Beaver,MIDLAND BORO 1,DELEGATE TO THE DEMOCRATIC NATIONAL CONVENTION,17,DEM,Arvind Venkat,119,52,0,67
Beaver,MIDLAND BORO 1,DELEGATE TO THE DEMOCRATIC NATIONAL CONVENTION,17,DEM,Dwan B Walker,119,50,0,69
Beaver,MIDLAND BORO 1,DELEGATE TO THE DEMOCRATIC NATIONAL CONVENTION,17,DEM,Mary Jane Jones-Gilliam,119,51,0,68
Beaver,MIDLAND BORO 1,DELEGATE TO THE DEMOCRATIC NATIONAL CONVENTION,17,DEM,Lisa M Baldis,118,52,0,66
Beaver,MIDLAND BORO 1,DELEGATE TO THE DEMOCRATIC NATIONAL CONVENTION,17,DEM,Kevin Kinross,115,51,0,64
Beaver,MIDLAND BORO 1,DELEGATE TO THE DEMOCRATIC NATIONAL CONVENTION,17,DEM,Write-In Totals,8,5,0,3
Beaver,MIDLAND BORO 1,DELEGATE TO THE DEMOCRATIC NATIONAL CONVENTION,17,DEM,Not Assigned,8,5,0,3
Beaver,MIDLAND BORO 1,President,,REP,Donald J Trump,39,33,0,6
Beaver,MIDLAND BORO 1,President,,REP,Nikki R Haley,12,5,0,7
Beaver,MIDLAND BORO 1,President,,REP,Write-In Totals,0,0,0,0
Beaver,MIDLAND BORO 1,President,,REP,Not Assigned,0,0,0,0
Beaver,MIDLAND BORO 1,U.S. Senate,,REP,Dave Mccormick,47,35,0,12
Beaver,MIDLAND BORO 1,U.S. Senate,,REP,Joseph J Vodvarka,4,3,0,1
Beaver,MIDLAND BORO 1,U.S. Senate,,REP,Write-In Totals,0,0,0,0
Beaver,MIDLAND BORO 1,U.S. Senate,,REP,Not Assigned,0,0,0,0
Beaver,MIDLAND BORO 1,U.S. House,17,REP,Rob Mercuri,48,36,0,12
Beaver,MIDLAND BORO 1,U.S. House,17,REP,Write-In Totals,0,0,0,0
Beaver,MIDLAND BORO 1,U.S. House,17,REP,Not Assigned,0,0,0,0
Beaver,MIDLAND BORO 1,State Senate,47,REP,Elder Vogel Jr,50,38,0,12
Beaver,MIDLAND BORO 1,State Senate,47,REP,Write-In Totals,0,0,0,0
Beaver,MIDLAND BORO 1,State Senate,47,REP,Not Assigned,0,0,0,0
Beaver,MIDLAND BORO 1,State House,15,REP,Joshua D Kail,50,37,0,13
Beaver,MIDLAND BORO 1,State House,15,REP,Write-In Totals,0,0,0,0
Beaver,MIDLAND BORO 1,State House,15,REP,Not Assigned,0,0,0,0
Beaver,MIDLAND BORO 1,DELEGATE TO THE REPUBLICAN NATIONAL CONVENTION,17,REP,Abby Kail,29,20,0,9
Beaver,MIDLAND BORO 1,DELEGATE TO THE REPUBLICAN NATIONAL CONVENTION,17,REP,Mike Mcmullen,24,22,0,2
Beaver,MIDLAND BORO 1,DELEGATE TO THE REPUBLICAN NATIONAL CONVENTION,17,REP,Toni Shuppe,15,9,0,6
Beaver,MIDLAND BORO 1,DELEGATE TO THE REPUBLICAN NATIONAL CONVENTION,17,REP,Veronica S Steinkirchner,15,9,0,6
Beaver,MIDLAND BORO 1,DELEGATE TO THE REPUBLICAN NATIONAL CONVENTION,17,REP,John Fredericks,15,11,0,4
Beaver,MIDLAND BORO 1,DELEGATE TO THE REPUBLICAN NATIONAL CONVENTION,17,REP,Jack Casey,13,10,0,3
Beaver,MIDLAND BORO 1,DELEGATE TO THE REPUBLICAN NATIONAL CONVENTION,17,REP,Bob Howard,9,9,0,0
Beaver,MIDLAND BORO 1,DELEGATE TO THE REPUBLICAN NATIONAL CONVENTION,17,REP,Vincent E Fusca,5,5,0,0
Beaver,MIDLAND BORO 1,DELEGATE TO THE REPUBLICAN NATIONAL CONVENTION,17,REP,Write-In Totals,0,0,0,0
Beaver,MIDLAND BORO 1,DELEGATE TO THE REPUBLICAN NATIONAL CONVENTION,17,REP,Not Assigned,0,0,0,0
Beaver,MIDLAND BORO 1,ALTERNATE DELEGATE TO THE REPUBLICAN NATIONAL CONVENTION,17,REP,Christine Mattarochia,30,21,0,9
Beaver,MIDLAND BORO 1,ALTERNATE DELEGATE TO THE REPUBLICAN NATIONAL CONVENTION,17,REP,Bob Hamilton,26,21,0,5
Beaver,MIDLAND BORO 1,ALTERNATE DELEGATE TO THE REPUBLICAN NATIONAL CONVENTION,17,REP,M J Costello,23,18,0,5
Beaver,MIDLAND BORO 1,ALTERNATE DELEGATE TO THE REPUBLICAN NATIONAL CONVENTION,17,REP,Mike Mcmullen,22,19,0,3
Beaver,MIDLAND BORO 1,ALTERNATE DELEGATE TO THE REPUBLICAN NATIONAL CONVENTION,17,REP,Write-In Totals,0,0,0,0
Beaver,MIDLAND BORO 1,ALTERNATE DELEGATE TO THE REPUBLICAN NATIONAL CONVENTION,17,REP,Not Assigned,0,0,0,0
Beaver,MIDLAND BORO 2,President,,DEM,Joseph R Biden Jr,58,37,0,21
Beaver,MIDLAND BORO 2,President,,DEM,Dean Phillips,7,5,0,2
Beaver,MIDLAND BORO 2,President,,DEM,Write-In Totals,2,2,0,0
Beaver,MIDLAND BORO 2,President,,DEM,Not Assigned,2,2,0,0
Beaver,MIDLAND BORO 2,U.S. Senate,,DEM,Robert P Casey Jr,49,32,0,17
Beaver,MIDLAND BORO 2,U.S. Senate,,DEM,William Parker,17,11,0,6
Beaver,MIDLAND BORO 2,U.S. Senate,,DEM,Write-In Totals,0,0,0,0
Beaver,MIDLAND BORO 2,U.S. Senate,,DEM,Not Assigned,0,0,0,0
Beaver,MIDLAND BORO 2,U.S. House,17,DEM,Chris Deluzio,64,41,0,23
Beaver,MIDLAND BORO 2,U.S. House,17,DEM,Write-In Totals,2,2,0,0
Beaver,MIDLAND BORO 2,U.S. House,17,DEM,Not Assigned,2,2,0,0
Beaver,MIDLAND BORO 2,State Senate,47,DEM,Write-In: Scattered,4,2,0,2
Beaver,MIDLAND BORO 2,State Senate,47,DEM,Write-In: Kate Lennen,1,1,0,0
Beaver,MIDLAND BORO 2,State Senate,47,DEM,Write-In: Elder Vogel Jr.,1,1,0,0
Beaver,MIDLAND BORO 2,State Senate,47,DEM,Write-In Totals,6,4,0,2
Beaver,MIDLAND BORO 2,State Senate,47,DEM,Not Assigned,0,0,0,0
Beaver,MIDLAND BORO 2,State House,15,DEM,Ashlee Caul,63,40,0,23
Beaver,MIDLAND BORO 2,State House,15,DEM,Write-In Totals,2,2,0,0
Beaver,MIDLAND BORO 2,State House,15,DEM,Not Assigned,2,2,0,0
Beaver,MIDLAND BORO 2,DELEGATE TO THE DEMOCRATIC NATIONAL CONVENTION,17,DEM,Nancy Werme,53,36,0,17
Beaver,MIDLAND BORO 2,DELEGATE TO THE DEMOCRATIC NATIONAL CONVENTION,17,DEM,Kaylee Werner,50,35,0,15
Beaver,MIDLAND BORO 2,DELEGATE TO THE DEMOCRATIC NATIONAL CONVENTION,17,DEM,Dwan B Walker,49,31,0,18
Beaver,MIDLAND BORO 2,DELEGATE TO THE DEMOCRATIC NATIONAL CONVENTION,17,DEM,Mary Jane Jones-Gilliam,49,31,0,18
Beaver,MIDLAND BORO 2,DELEGATE TO THE DEMOCRATIC NATIONAL CONVENTION,17,DEM,Lisa M Baldis,48,32,0,16
Beaver,MIDLAND BORO 2,DELEGATE TO THE DEMOCRATIC NATIONAL CONVENTION,17,DEM,Arvind Venkat,44,29,0,15
Beaver,MIDLAND BORO 2,DELEGATE TO THE DEMOCRATIC NATIONAL CONVENTION,17,DEM,Kevin Kinross,43,30,0,13
Beaver,MIDLAND BORO 2,DELEGATE TO THE DEMOCRATIC NATIONAL CONVENTION,17,DEM,Write-In Totals,1,1,0,0
Beaver,MIDLAND BORO 2,DELEGATE TO THE DEMOCRATIC NATIONAL CONVENTION,17,DEM,Not Assigned,1,1,0,0
Beaver,MIDLAND BORO 2,President,,REP,Donald J Trump,9,9,0,0
Beaver,MIDLAND BORO 2,President,,REP,Nikki R Haley,1,0,0,1
Beaver,MIDLAND BORO 2,President,,REP,Write-In Totals,0,0,0,0
Beaver,MIDLAND BORO 2,President,,REP,Not Assigned,0,0,0,0
Beaver,MIDLAND BORO 2,U.S. Senate,,REP,Dave Mccormick,5,5,0,0
Beaver,MIDLAND BORO 2,U.S. Senate,,REP,Joseph J Vodvarka,3,3,0,0
Beaver,MIDLAND BORO 2,U.S. Senate,,REP,Write-In Totals,1,1,0,0
Beaver,MIDLAND BORO 2,U.S. Senate,,REP,Not Assigned,1,1,0,0
Beaver,MIDLAND BORO 2,U.S. House,17,REP,Rob Mercuri,4,4,0,0
Beaver,MIDLAND BORO 2,U.S. House,17,REP,Write-In Totals,1,1,0,0
Beaver,MIDLAND BORO 2,U.S. House,17,REP,Not Assigned,1,1,0,0
Beaver,MIDLAND BORO 2,State Senate,47,REP,Elder Vogel Jr,6,6,0,0
Beaver,MIDLAND BORO 2,State Senate,47,REP,Write-In Totals,1,1,0,0
Beaver,MIDLAND BORO 2,State Senate,47,REP,Not Assigned,1,1,0,0
Beaver,MIDLAND BORO 2,State House,15,REP,Joshua D Kail,5,5,0,0
Beaver,MIDLAND BORO 2,State House,15,REP,Write-In Totals,1,1,0,0
Beaver,MIDLAND BORO 2,State House,15,REP,Not Assigned,1,1,0,0
Beaver,MIDLAND BORO 2,DELEGATE TO THE REPUBLICAN NATIONAL CONVENTION,17,REP,Mike Mcmullen,4,4,0,0
Beaver,MIDLAND BORO 2,DELEGATE TO THE REPUBLICAN NATIONAL CONVENTION,17,REP,Veronica S Steinkirchner,4,4,0,0
Beaver,MIDLAND BORO 2,DELEGATE TO THE REPUBLICAN NATIONAL CONVENTION,17,REP,John Fredericks,4,4,0,0
Beaver,MIDLAND BORO 2,DELEGATE TO THE REPUBLICAN NATIONAL CONVENTION,17,REP,Abby Kail,3,3,0,0
Beaver,MIDLAND BORO 2,DELEGATE TO THE REPUBLICAN NATIONAL CONVENTION,17,REP,Vincent E Fusca,3,3,0,0
Beaver,MIDLAND BORO 2,DELEGATE TO THE REPUBLICAN NATIONAL CONVENTION,17,REP,Jack Casey,1,1,0,0
Beaver,MIDLAND BORO 2,DELEGATE TO THE REPUBLICAN NATIONAL CONVENTION,17,REP,Toni Shuppe,1,1,0,0
Beaver,MIDLAND BORO 2,DELEGATE TO THE REPUBLICAN NATIONAL CONVENTION,17,REP,Bob Howard,1,1,0,0
Beaver,MIDLAND BORO 2,DELEGATE TO THE REPUBLICAN NATIONAL CONVENTION,17,REP,Write-In Totals,3,3,0,0
Beaver,MIDLAND BORO 2,DELEGATE TO THE REPUBLICAN NATIONAL CONVENTION,17,REP,Not Assigned,3,3,0,0
Beaver,MIDLAND BORO 2,ALTERNATE DELEGATE TO THE REPUBLICAN NATIONAL CONVENTION,17,REP,Christine Mattarochia,4,4,0,0
Beaver,MIDLAND BORO 2,ALTERNATE DELEGATE TO THE REPUBLICAN NATIONAL CONVENTION,17,REP,Mike Mcmullen,3,3,0,0
Beaver,MIDLAND BORO 2,ALTERNATE DELEGATE TO THE REPUBLICAN NATIONAL CONVENTION,17,REP,Bob Hamilton,3,3,0,0
Beaver,MIDLAND BORO 2,ALTERNATE DELEGATE TO THE REPUBLICAN NATIONAL CONVENTION,17,REP,M J Costello,3,3,0,0
Beaver,MIDLAND BORO 2,ALTERNATE DELEGATE TO THE REPUBLICAN NATIONAL CONVENTION,17,REP,Write-In Totals,3,3,0,0
Beaver,MIDLAND BORO 2,ALTERNATE DELEGATE TO THE REPUBLICAN NATIONAL CONVENTION,17,REP,Not Assigned,3,3,0,0
Beaver,MIDLAND BORO 3,President,,DEM,Joseph R Biden Jr,13,7,0,6
Beaver,MIDLAND BORO 3,President,,DEM,Dean Phillips,0,0,0,0
Beaver,MIDLAND BORO 3,President,,DEM,Write-In Totals,2,1,0,1
Beaver,MIDLAND BORO 3,President,,DEM,Not Assigned,2,1,0,1
Beaver,MIDLAND BORO 3,U.S. Senate,,DEM,Robert P Casey Jr,10,6,0,4
Beaver,MIDLAND BORO 3,U.S. Senate,,DEM,William Parker,3,1,0,2
Beaver,MIDLAND BORO 3,U.S. Senate,,DEM,Write-In Totals,2,1,0,1
Beaver,MIDLAND BORO 3,U.S. Senate,,DEM,Not Assigned,2,1,0,1
Beaver,MIDLAND BORO 3,U.S. House,17,DEM,Chris Deluzio,14,7,0,7
Beaver,MIDLAND BORO 3,U.S. House,17,DEM,Write-In Totals,0,0,0,0
Beaver,MIDLAND BORO 3,U.S. House,17,DEM,Not Assigned,0,0,0,0
Beaver,MIDLAND BORO 3,State Senate,47,DEM,Write-In: Elder Vogel Jr.,3,0,0,3
Beaver,MIDLAND BORO 3,State Senate,47,DEM,Write-In: Scattered,0,0,0,0
Beaver,MIDLAND BORO 3,State Senate,47,DEM,Write-In: Kate Lennen,0,0,0,0
Beaver,MIDLAND BORO 3,State Senate,47,DEM,Write-In Totals,3,0,0,3
Beaver,MIDLAND BORO 3,State Senate,47,DEM,Not Assigned,0,0,0,0
Beaver,MIDLAND BORO 3,State House,15,DEM,Ashlee Caul,14,7,0,7
Beaver,MIDLAND BORO 3,State House,15,DEM,Write-In Totals,0,0,0,0
Beaver,MIDLAND BORO 3,State House,15,DEM,Not Assigned,0,0,0,0
Beaver,MIDLAND BORO 3,DELEGATE TO THE DEMOCRATIC NATIONAL CONVENTION,17,DEM,Kaylee Werner,12,6,0,6
Beaver,MIDLAND BORO 3,DELEGATE TO THE DEMOCRATIC NATIONAL CONVENTION,17,DEM,Nancy Werme,11,5,0,6
Beaver,MIDLAND BORO 3,DELEGATE TO THE DEMOCRATIC NATIONAL CONVENTION,17,DEM,Mary Jane Jones-Gilliam,10,5,0,5
Beaver,MIDLAND BORO 3,DELEGATE TO THE DEMOCRATIC NATIONAL CONVENTION,17,DEM,Arvind Venkat,9,5,0,4
Beaver,MIDLAND BORO 3,DELEGATE TO THE DEMOCRATIC NATIONAL CONVENTION,17,DEM,Lisa M Baldis,9,4,0,5
Beaver,MIDLAND BORO 3,DELEGATE TO THE DEMOCRATIC NATIONAL CONVENTION,17,DEM,Kevin Kinross,9,4,0,5
Beaver,MIDLAND BORO 3,DELEGATE TO THE DEMOCRATIC NATIONAL CONVENTION,17,DEM,Dwan B Walker,8,4,0,4
Beaver,MIDLAND BORO 3,DELEGATE TO THE DEMOCRATIC NATIONAL CONVENTION,17,DEM,Write-In Totals,0,0,0,0
Beaver,MIDLAND BORO 3,DELEGATE TO THE DEMOCRATIC NATIONAL CONVENTION,17,DEM,Not Assigned,0,0,0,0
Beaver,MIDLAND BORO 3,President,,REP,Donald J Trump,6,4,0,2
Beaver,MIDLAND BORO 3,President,,REP,Nikki R Haley,0,0,0,0
Beaver,MIDLAND BORO 3,President,,REP,Write-In Totals,0,0,0,0
Beaver,MIDLAND BORO 3,President,,REP,Not Assigned,0,0,0,0
Beaver,MIDLAND BORO 3,U.S. Senate,,REP,Dave Mccormick,3,2,0,1
Beaver,MIDLAND BORO 3,U.S. Senate,,REP,Joseph J Vodvarka,1,0,0,1
Beaver,MIDLAND BORO 3,U.S. Senate,,REP,Write-In Totals,2,2,0,0
Beaver,MIDLAND BORO 3,U.S. Senate,,REP,Not Assigned,2,2,0,0
Beaver,MIDLAND BORO 3,U.S. House,17,REP,Rob Mercuri,6,4,0,2
Beaver,MIDLAND BORO 3,U.S. House,17,REP,Write-In Totals,0,0,0,0
Beaver,MIDLAND BORO 3,U.S. House,17,REP,Not Assigned,0,0,0,0
Beaver,MIDLAND BORO 3,State Senate,47,REP,Elder Vogel Jr,6,4,0,2
Beaver,MIDLAND BORO 3,State Senate,47,REP,Write-In Totals,0,0,0,0
Beaver,MIDLAND BORO 3,State Senate,47,REP,Not Assigned,0,0,0,0
Beaver,MIDLAND BORO 3,State House,15,REP,Joshua D Kail,6,4,0,2
Beaver,MIDLAND BORO 3,State House,15,REP,Write-In Totals,0,0,0,0
Beaver,MIDLAND BORO 3,State House,15,REP,Not Assigned,0,0,0,0
Beaver,MIDLAND BORO 3,DELEGATE TO THE REPUBLICAN NATIONAL CONVENTION,17,REP,Mike Mcmullen,3,2,0,1
Beaver,MIDLAND BORO 3,DELEGATE TO THE REPUBLICAN NATIONAL CONVENTION,17,REP,Abby Kail,3,2,0,1
Beaver,MIDLAND BORO 3,DELEGATE TO THE REPUBLICAN NATIONAL CONVENTION,17,REP,John Fredericks,3,2,0,1
Beaver,MIDLAND BORO 3,DELEGATE TO THE REPUBLICAN NATIONAL CONVENTION,17,REP,Toni Shuppe,2,1,0,1
Beaver,MIDLAND BORO 3,DELEGATE TO THE REPUBLICAN NATIONAL CONVENTION,17,REP,Bob Howard,2,1,0,1
Beaver,MIDLAND BORO 3,DELEGATE TO THE REPUBLICAN NATIONAL CONVENTION,17,REP,Vincent E Fusca,2,1,0,1
Beaver,MIDLAND BORO 3,DELEGATE TO THE REPUBLICAN NATIONAL CONVENTION,17,REP,Jack Casey,1,1,0,0
Beaver,MIDLAND BORO 3,DELEGATE TO THE REPUBLICAN NATIONAL CONVENTION,17,REP,Veronica S Steinkirchner,0,0,0,0
Beaver,MIDLAND BORO 3,DELEGATE TO THE REPUBLICAN NATIONAL CONVENTION,17,REP,Write-In Totals,0,0,0,0
Beaver,MIDLAND BORO 3,DELEGATE TO THE REPUBLICAN NATIONAL CONVENTION,17,REP,Not Assigned,0,0,0,0
Beaver,MIDLAND BORO 3,ALTERNATE DELEGATE TO THE REPUBLICAN NATIONAL CONVENTION,17,REP,Christine Mattarochia,5,3,0,2
Beaver,MIDLAND BORO 3,ALTERNATE DELEGATE TO THE REPUBLICAN NATIONAL CONVENTION,17,REP,Mike Mcmullen,4,3,0,1
Beaver,MIDLAND BORO 3,ALTERNATE DELEGATE TO THE REPUBLICAN NATIONAL CONVENTION,17,REP,Bob Hamilton,3,3,0,0
Beaver,MIDLAND BORO 3,ALTERNATE DELEGATE TO THE REPUBLICAN NATIONAL CONVENTION,17,REP,M J Costello,1,1,0,0
Beaver,MIDLAND BORO 3,ALTERNATE DELEGATE TO THE REPUBLICAN NATIONAL CONVENTION,17,REP,Write-In Totals,0,0,0,0
Beaver,MIDLAND BORO 3,ALTERNATE DELEGATE TO THE REPUBLICAN NATIONAL CONVENTION,17,REP,Not Assigned,0,0,0,0
Beaver,MONACA BORO 1,President,,DEM,Joseph R Biden Jr,39,19,1,19
Beaver,MONACA BORO 1,President,,DEM,Dean Phillips,6,6,0,0
Beaver,MONACA BORO 1,President,,DEM,Write-In Totals,6,5,0,1
Beaver,MONACA BORO 1,President,,DEM,Not Assigned,6,5,0,1
Beaver,MONACA BORO 1,U.S. Senate,,DEM,Robert P Casey Jr,41,23,1,17
Beaver,MONACA BORO 1,U.S. Senate,,DEM,William Parker,6,4,0,2
Beaver,MONACA BORO 1,U.S. Senate,,DEM,Write-In Totals,4,3,0,1
Beaver,MONACA BORO 1,U.S. Senate,,DEM,Not Assigned,4,3,0,1
Beaver,MONACA BORO 1,U.S. House,17,DEM,Chris Deluzio,50,30,1,19
Beaver,MONACA BORO 1,U.S. House,17,DEM,Write-In Totals,0,0,0,0
Beaver,MONACA BORO 1,U.S. House,17,DEM,Not Assigned,0,0,0,0
Beaver,MONACA BORO 1,State Senate,47,DEM,Write-In: Kate Lennen,7,3,0,4
Beaver,MONACA BORO 1,State Senate,47,DEM,Write-In: Scattered,4,4,0,0
Beaver,MONACA BORO 1,State Senate,47,DEM,Write-In: Elder Vogel Jr.,4,1,0,3
Beaver,MONACA BORO 1,State Senate,47,DEM,Write-In Totals,15,8,0,7
Beaver,MONACA BORO 1,State Senate,47,DEM,Not Assigned,0,0,0,0
Beaver,MONACA BORO 1,State House,16,DEM,Robert F Matzie,49,28,1,20
Beaver,MONACA BORO 1,State House,16,DEM,Write-In Totals,1,1,0,0
Beaver,MONACA BORO 1,State House,16,DEM,Not Assigned,1,1,0,0
Beaver,MONACA BORO 1,DELEGATE TO THE DEMOCRATIC NATIONAL CONVENTION,17,DEM,Nancy Werme,40,23,0,17
Beaver,MONACA BORO 1,DELEGATE TO THE DEMOCRATIC NATIONAL CONVENTION,17,DEM,Dwan B Walker,35,21,0,14
Beaver,MONACA BORO 1,DELEGATE TO THE DEMOCRATIC NATIONAL CONVENTION,17,DEM,Kaylee Werner,34,19,1,14
Beaver,MONACA BORO 1,DELEGATE TO THE DEMOCRATIC NATIONAL CONVENTION,17,DEM,Mary Jane Jones-Gilliam,34,20,0,14
Beaver,MONACA BORO 1,DELEGATE TO THE DEMOCRATIC NATIONAL CONVENTION,17,DEM,Lisa M Baldis,32,19,0,13
Beaver,MONACA BORO 1,DELEGATE TO THE DEMOCRATIC NATIONAL CONVENTION,17,DEM,Arvind Venkat,31,19,0,12
Beaver,MONACA BORO 1,DELEGATE TO THE DEMOCRATIC NATIONAL CONVENTION,17,DEM,Kevin Kinross,31,20,0,11
Beaver,MONACA BORO 1,DELEGATE TO THE DEMOCRATIC NATIONAL CONVENTION,17,DEM,Write-In Totals,2,2,0,0
Beaver,MONACA BORO 1,DELEGATE TO THE DEMOCRATIC NATIONAL CONVENTION,17,DEM,Not Assigned,2,2,0,0
Beaver,MONACA BORO 1,President,,REP,Donald J Trump,33,31,0,2
Beaver,MONACA BORO 1,President,,REP,Nikki R Haley,7,6,0,1
Beaver,MONACA BORO 1,President,,REP,Write-In Totals,2,2,0,0
Beaver,MONACA BORO 1,President,,REP,Not Assigned,2,2,0,0
Beaver,MONACA BORO 1,U.S. Senate,,REP,Dave Mccormick,36,33,0,3
Beaver,MONACA BORO 1,U.S. Senate,,REP,Joseph J Vodvarka,4,3,0,1
Beaver,MONACA BORO 1,U.S. Senate,,REP,Write-In Totals,1,1,0,0
Beaver,MONACA BORO 1,U.S. Senate,,REP,Not Assigned,1,1,0,0
Beaver,MONACA BORO 1,U.S. House,17,REP,Rob Mercuri,36,33,0,3
Beaver,MONACA BORO 1,U.S. House,17,REP,Write-In Totals,0,0,0,0
Beaver,MONACA BORO 1,U.S. House,17,REP,Not Assigned,0,0,0,0
Beaver,MONACA BORO 1,State Senate,47,REP,Elder Vogel Jr,41,37,0,4
Beaver,MONACA BORO 1,State Senate,47,REP,Write-In Totals,1,1,0,0
Beaver,MONACA BORO 1,State Senate,47,REP,Not Assigned,1,1,0,0
Beaver,MONACA BORO 1,State House,16,REP,Michael J Perich,41,37,0,4
Beaver,MONACA BORO 1,State House,16,REP,Write-In Totals,1,1,0,0
Beaver,MONACA BORO 1,State House,16,REP,Not Assigned,1,1,0,0
Beaver,MONACA BORO 1,DELEGATE TO THE REPUBLICAN NATIONAL CONVENTION,17,REP,Abby Kail,19,19,0,0
Beaver,MONACA BORO 1,DELEGATE TO THE REPUBLICAN NATIONAL CONVENTION,17,REP,John Fredericks,16,14,0,2
Beaver,MONACA BORO 1,DELEGATE TO THE REPUBLICAN NATIONAL CONVENTION,17,REP,Jack Casey,14,14,0,0
Beaver,MONACA BORO 1,DELEGATE TO THE REPUBLICAN NATIONAL CONVENTION,17,REP,Toni Shuppe,10,8,0,2
Beaver,MONACA BORO 1,DELEGATE TO THE REPUBLICAN NATIONAL CONVENTION,17,REP,Bob Howard,10,10,0,0
Beaver,MONACA BORO 1,DELEGATE TO THE REPUBLICAN NATIONAL CONVENTION,17,REP,Mike Mcmullen,9,9,0,0
Beaver,MONACA BORO 1,DELEGATE TO THE REPUBLICAN NATIONAL CONVENTION,17,REP,Veronica S Steinkirchner,8,8,0,0
Beaver,MONACA BORO 1,DELEGATE TO THE REPUBLICAN NATIONAL CONVENTION,17,REP,Vincent E Fusca,6,5,0,1
Beaver,MONACA BORO 1,DELEGATE TO THE REPUBLICAN NATIONAL CONVENTION,17,REP,Write-In Totals,0,0,0,0
Beaver,MONACA BORO 1,DELEGATE TO THE REPUBLICAN NATIONAL CONVENTION,17,REP,Not Assigned,0,0,0,0
Beaver,MONACA BORO 1,ALTERNATE DELEGATE TO THE REPUBLICAN NATIONAL CONVENTION,17,REP,Mike Mcmullen,21,21,0,0
Beaver,MONACA BORO 1,ALTERNATE DELEGATE TO THE REPUBLICAN NATIONAL CONVENTION,17,REP,Bob Hamilton,19,18,0,1
Beaver,MONACA BORO 1,ALTERNATE DELEGATE TO THE REPUBLICAN NATIONAL CONVENTION,17,REP,Christine Mattarochia,18,17,0,1
Beaver,MONACA BORO 1,ALTERNATE DELEGATE TO THE REPUBLICAN NATIONAL CONVENTION,17,REP,M J Costello,16,13,0,3
Beaver,MONACA BORO 1,ALTERNATE DELEGATE TO THE REPUBLICAN NATIONAL CONVENTION,17,REP,Write-In Totals,1,1,0,0
Beaver,MONACA BORO 1,ALTERNATE DELEGATE TO THE REPUBLICAN NATIONAL CONVENTION,17,REP,Not Assigned,1,1,0,0
Beaver,MONACA BORO 2,President,,DEM,Joseph R Biden Jr,65,27,0,38
Beaver,MONACA BORO 2,President,,DEM,Dean Phillips,16,9,0,7
Beaver,MONACA BORO 2,President,,DEM,Write-In Totals,4,4,0,0
Beaver,MONACA BORO 2,President,,DEM,Not Assigned,4,4,0,0
Beaver,MONACA BORO 2,U.S. Senate,,DEM,Robert P Casey Jr,74,35,0,39
Beaver,MONACA BORO 2,U.S. Senate,,DEM,William Parker,10,3,0,7
Beaver,MONACA BORO 2,U.S. Senate,,DEM,Write-In Totals,4,4,0,0
Beaver,MONACA BORO 2,U.S. Senate,,DEM,Not Assigned,4,4,0,0
Beaver,MONACA BORO 2,U.S. House,17,DEM,Chris Deluzio,79,36,0,43
Beaver,MONACA BORO 2,U.S. House,17,DEM,Write-In Totals,5,3,0,2
Beaver,MONACA BORO 2,U.S. House,17,DEM,Not Assigned,5,3,0,2
Beaver,MONACA BORO 2,State Senate,47,DEM,Write-In: Elder Vogel Jr.,11,4,0,7
Beaver,MONACA BORO 2,State Senate,47,DEM,Write-In: Scattered,7,4,0,3
Beaver,MONACA BORO 2,State Senate,47,DEM,Write-In: Kate Lennen,5,2,0,3
Beaver,MONACA BORO 2,State Senate,47,DEM,Write-In Totals,23,10,0,13
Beaver,MONACA BORO 2,State Senate,47,DEM,Not Assigned,0,0,0,0
Beaver,MONACA BORO 2,State House,16,DEM,Robert F Matzie,78,38,0,40
Beaver,MONACA BORO 2,State House,16,DEM,Write-In Totals,5,4,0,1
Beaver,MONACA BORO 2,State House,16,DEM,Not Assigned,5,4,0,1
Beaver,MONACA BORO 2,DELEGATE TO THE DEMOCRATIC NATIONAL CONVENTION,17,DEM,Nancy Werme,66,29,0,37
Beaver,MONACA BORO 2,DELEGATE TO THE DEMOCRATIC NATIONAL CONVENTION,17,DEM,Lisa M Baldis,54,22,0,32
Beaver,MONACA BORO 2,DELEGATE TO THE DEMOCRATIC NATIONAL CONVENTION,17,DEM,Kaylee Werner,52,21,0,31
Beaver,MONACA BORO 2,DELEGATE TO THE DEMOCRATIC NATIONAL CONVENTION,17,DEM,Dwan B Walker,52,20,0,32
Beaver,MONACA BORO 2,DELEGATE TO THE DEMOCRATIC NATIONAL CONVENTION,17,DEM,Mary Jane Jones-Gilliam,49,19,0,30
Beaver,MONACA BORO 2,DELEGATE TO THE DEMOCRATIC NATIONAL CONVENTION,17,DEM,Arvind Venkat,46,15,0,31
Beaver,MONACA BORO 2,DELEGATE TO THE DEMOCRATIC NATIONAL CONVENTION,17,DEM,Kevin Kinross,43,17,0,26
Beaver,MONACA BORO 2,DELEGATE TO THE DEMOCRATIC NATIONAL CONVENTION,17,DEM,Write-In Totals,21,21,0,0
Beaver,MONACA BORO 2,DELEGATE TO THE DEMOCRATIC NATIONAL CONVENTION,17,DEM,Not Assigned,21,21,0,0
Beaver,MONACA BORO 2,President,,REP,Donald J Trump,51,45,0,6
Beaver,MONACA BORO 2,President,,REP,Nikki R Haley,3,3,0,0
Beaver,MONACA BORO 2,President,,REP,Write-In Totals,1,0,0,1
Beaver,MONACA BORO 2,President,,REP,Not Assigned,1,0,0,1
Beaver,MONACA BORO 2,U.S. Senate,,REP,Dave Mccormick,45,38,0,7
Beaver,MONACA BORO 2,U.S. Senate,,REP,Joseph J Vodvarka,0,0,0,0
Beaver,MONACA BORO 2,U.S. Senate,,REP,Write-In Totals,6,6,0,0
Beaver,MONACA BORO 2,U.S. Senate,,REP,Not Assigned,6,6,0,0
Beaver,MONACA BORO 2,U.S. House,17,REP,Rob Mercuri,49,42,0,7
Beaver,MONACA BORO 2,U.S. House,17,REP,Write-In Totals,0,0,0,0
Beaver,MONACA BORO 2,U.S. House,17,REP,Not Assigned,0,0,0,0
Beaver,MONACA BORO 2,State Senate,47,REP,Elder Vogel Jr,51,45,0,6
Beaver,MONACA BORO 2,State Senate,47,REP,Write-In Totals,1,0,0,1
Beaver,MONACA BORO 2,State Senate,47,REP,Not Assigned,1,0,0,1
Beaver,MONACA BORO 2,State House,16,REP,Michael J Perich,54,47,0,7
Beaver,MONACA BORO 2,State House,16,REP,Write-In Totals,0,0,0,0
Beaver,MONACA BORO 2,State House,16,REP,Not Assigned,0,0,0,0
Beaver,MONACA BORO 2,DELEGATE TO THE REPUBLICAN NATIONAL CONVENTION,17,REP,Mike Mcmullen,25,23,0,2
Beaver,MONACA BORO 2,DELEGATE TO THE REPUBLICAN NATIONAL CONVENTION,17,REP,John Fredericks,25,21,0,4
Beaver,MONACA BORO 2,DELEGATE TO THE REPUBLICAN NATIONAL CONVENTION,17,REP,Abby Kail,23,19,0,4
Beaver,MONACA BORO 2,DELEGATE TO THE REPUBLICAN NATIONAL CONVENTION,17,REP,Jack Casey,19,19,0,0
Beaver,MONACA BORO 2,DELEGATE TO THE REPUBLICAN NATIONAL CONVENTION,17,REP,Toni Shuppe,15,9,0,6
Beaver,MONACA BORO 2,DELEGATE TO THE REPUBLICAN NATIONAL CONVENTION,17,REP,Bob Howard,15,14,0,1
Beaver,MONACA BORO 2,DELEGATE TO THE REPUBLICAN NATIONAL CONVENTION,17,REP,Vincent E Fusca,9,8,0,1
Beaver,MONACA BORO 2,DELEGATE TO THE REPUBLICAN NATIONAL CONVENTION,17,REP,Veronica S Steinkirchner,7,7,0,0
Beaver,MONACA BORO 2,DELEGATE TO THE REPUBLICAN NATIONAL CONVENTION,17,REP,Write-In Totals,1,1,0,0
Beaver,MONACA BORO 2,DELEGATE TO THE REPUBLICAN NATIONAL CONVENTION,17,REP,Not Assigned,1,1,0,0
Beaver,MONACA BORO 2,ALTERNATE DELEGATE TO THE REPUBLICAN NATIONAL CONVENTION,17,REP,Mike Mcmullen,31,29,0,2
Beaver,MONACA BORO 2,ALTERNATE DELEGATE TO THE REPUBLICAN NATIONAL CONVENTION,17,REP,Christine Mattarochia,29,24,0,5
Beaver,MONACA BORO 2,ALTERNATE DELEGATE TO THE REPUBLICAN NATIONAL CONVENTION,17,REP,Bob Hamilton,29,24,0,5
Beaver,MONACA BORO 2,ALTERNATE DELEGATE TO THE REPUBLICAN NATIONAL CONVENTION,17,REP,M J Costello,16,10,0,6
Beaver,MONACA BORO 2,ALTERNATE DELEGATE TO THE REPUBLICAN NATIONAL CONVENTION,17,REP,Write-In Totals,1,1,0,0
Beaver,MONACA BORO 2,ALTERNATE DELEGATE TO THE REPUBLICAN NATIONAL CONVENTION,17,REP,Not Assigned,1,1,0,0
Beaver,MONACA BORO 3,President,,DEM,Joseph R Biden Jr,94,48,0,46
Beaver,MONACA BORO 3,President,,DEM,Dean Phillips,14,6,0,8
Beaver,MONACA BORO 3,President,,DEM,Write-In Totals,12,8,0,4
Beaver,MONACA BORO 3,President,,DEM,Not Assigned,12,8,0,4
Beaver,MONACA BORO 3,U.S. Senate,,DEM,Robert P Casey Jr,88,41,0,47
Beaver,MONACA BORO 3,U.S. Senate,,DEM,William Parker,28,17,0,11
Beaver,MONACA BORO 3,U.S. Senate,,DEM,Write-In Totals,5,4,0,1
Beaver,MONACA BORO 3,U.S. Senate,,DEM,Not Assigned,5,4,0,1
Beaver,MONACA BORO 3,U.S. House,17,DEM,Chris Deluzio,113,55,0,58
Beaver,MONACA BORO 3,U.S. House,17,DEM,Write-In Totals,2,2,0,0
Beaver,MONACA BORO 3,U.S. House,17,DEM,Not Assigned,2,2,0,0
Beaver,MONACA BORO 3,State Senate,47,DEM,Write-In: Kate Lennen,12,10,0,2
Beaver,MONACA BORO 3,State Senate,47,DEM,Write-In: Elder Vogel Jr.,8,6,0,2
Beaver,MONACA BORO 3,State Senate,47,DEM,Write-In: Scattered,6,4,0,2
Beaver,MONACA BORO 3,State Senate,47,DEM,Write-In Totals,26,20,0,6
Beaver,MONACA BORO 3,State Senate,47,DEM,Not Assigned,0,0,0,0
Beaver,MONACA BORO 3,State House,16,DEM,Robert F Matzie,113,54,0,59
Beaver,MONACA BORO 3,State House,16,DEM,Write-In Totals,2,2,0,0
Beaver,MONACA BORO 3,State House,16,DEM,Not Assigned,2,2,0,0
Beaver,MONACA BORO 3,DELEGATE TO THE DEMOCRATIC NATIONAL CONVENTION,17,DEM,Nancy Werme,92,48,0,44
Beaver,MONACA BORO 3,DELEGATE TO THE DEMOCRATIC NATIONAL CONVENTION,17,DEM,Kaylee Werner,83,44,0,39
Beaver,MONACA BORO 3,DELEGATE TO THE DEMOCRATIC NATIONAL CONVENTION,17,DEM,Lisa M Baldis,76,42,0,34
Beaver,MONACA BORO 3,DELEGATE TO THE DEMOCRATIC NATIONAL CONVENTION,17,DEM,Dwan B Walker,75,42,0,33
Beaver,MONACA BORO 3,DELEGATE TO THE DEMOCRATIC NATIONAL CONVENTION,17,DEM,Mary Jane Jones-Gilliam,74,42,0,32
Beaver,MONACA BORO 3,DELEGATE TO THE DEMOCRATIC NATIONAL CONVENTION,17,DEM,Arvind Venkat,64,36,0,28
Beaver,MONACA BORO 3,DELEGATE TO THE DEMOCRATIC NATIONAL CONVENTION,17,DEM,Kevin Kinross,62,34,0,28
Beaver,MONACA BORO 3,DELEGATE TO THE DEMOCRATIC NATIONAL CONVENTION,17,DEM,Write-In Totals,5,5,0,0
Beaver,MONACA BORO 3,DELEGATE TO THE DEMOCRATIC NATIONAL CONVENTION,17,DEM,Not Assigned,5,5,0,0
Beaver,MONACA BORO 3,President,,REP,Donald J Trump,78,64,0,14
Beaver,MONACA BORO 3,President,,REP,Nikki R Haley,9,7,0,2
Beaver,MONACA BORO 3,President,,REP,Write-In Totals,2,0,0,2
Beaver,MONACA BORO 3,President,,REP,Not Assigned,2,0,0,2
Beaver,MONACA BORO 3,U.S. Senate,,REP,Dave Mccormick,78,65,0,13
Beaver,MONACA BORO 3,U.S. Senate,,REP,Joseph J Vodvarka,7,5,0,2
Beaver,MONACA BORO 3,U.S. Senate,,REP,Write-In Totals,2,0,0,2
Beaver,MONACA BORO 3,U.S. Senate,,REP,Not Assigned,2,0,0,2
Beaver,MONACA BORO 3,U.S. House,17,REP,Rob Mercuri,76,66,0,10
Beaver,MONACA BORO 3,U.S. House,17,REP,Write-In Totals,4,2,0,2
Beaver,MONACA BORO 3,U.S. House,17,REP,Not Assigned,4,2,0,2
Beaver,MONACA BORO 3,State Senate,47,REP,Elder Vogel Jr,87,70,0,17
Beaver,MONACA BORO 3,State Senate,47,REP,Write-In Totals,0,0,0,0
Beaver,MONACA BORO 3,State Senate,47,REP,Not Assigned,0,0,0,0
Beaver,MONACA BORO 3,State House,16,REP,Michael J Perich,80,68,0,12
Beaver,MONACA BORO 3,State House,16,REP,Write-In Totals,2,1,0,1
Beaver,MONACA BORO 3,State House,16,REP,Not Assigned,2,1,0,1
Beaver,MONACA BORO 3,DELEGATE TO THE REPUBLICAN NATIONAL CONVENTION,17,REP,Mike Mcmullen,34,29,0,5
Beaver,MONACA BORO 3,DELEGATE TO THE REPUBLICAN NATIONAL CONVENTION,17,REP,John Fredericks,34,23,0,11
Beaver,MONACA BORO 3,DELEGATE TO THE REPUBLICAN NATIONAL CONVENTION,17,REP,Jack Casey,31,27,0,4
Beaver,MONACA BORO 3,DELEGATE TO THE REPUBLICAN NATIONAL CONVENTION,17,REP,Abby Kail,29,24,0,5
Beaver,MONACA BORO 3,DELEGATE TO THE REPUBLICAN NATIONAL CONVENTION,17,REP,Toni Shuppe,27,18,0,9
Beaver,MONACA BORO 3,DELEGATE TO THE REPUBLICAN NATIONAL CONVENTION,17,REP,Veronica S Steinkirchner,20,16,0,4
Beaver,MONACA BORO 3,DELEGATE TO THE REPUBLICAN NATIONAL CONVENTION,17,REP,Bob Howard,16,14,0,2
Beaver,MONACA BORO 3,DELEGATE TO THE REPUBLICAN NATIONAL CONVENTION,17,REP,Vincent E Fusca,11,7,0,4
Beaver,MONACA BORO 3,DELEGATE TO THE REPUBLICAN NATIONAL CONVENTION,17,REP,Write-In Totals,0,0,0,0
Beaver,MONACA BORO 3,DELEGATE TO THE REPUBLICAN NATIONAL CONVENTION,17,REP,Not Assigned,0,0,0,0
Beaver,MONACA BORO 3,ALTERNATE DELEGATE TO THE REPUBLICAN NATIONAL CONVENTION,17,REP,Mike Mcmullen,45,38,0,7
Beaver,MONACA BORO 3,ALTERNATE DELEGATE TO THE REPUBLICAN NATIONAL CONVENTION,17,REP,Bob Hamilton,45,32,0,13
Beaver,MONACA BORO 3,ALTERNATE DELEGATE TO THE REPUBLICAN NATIONAL CONVENTION,17,REP,Christine Mattarochia,41,28,0,13
Beaver,MONACA BORO 3,ALTERNATE DELEGATE TO THE REPUBLICAN NATIONAL CONVENTION,17,REP,M J Costello,36,27,0,9
Beaver,MONACA BORO 3,ALTERNATE DELEGATE TO THE REPUBLICAN NATIONAL CONVENTION,17,REP,Write-In Totals,1,0,0,1
Beaver,MONACA BORO 3,ALTERNATE DELEGATE TO THE REPUBLICAN NATIONAL CONVENTION,17,REP,Not Assigned,1,0,0,1
Beaver,MONACA BORO 4,President,,DEM,Joseph R Biden Jr,125,75,0,50
Beaver,MONACA BORO 4,President,,DEM,Dean Phillips,17,11,1,5
Beaver,MONACA BORO 4,President,,DEM,Write-In Totals,11,10,0,1
Beaver,MONACA BORO 4,President,,DEM,Not Assigned,11,10,0,1
Beaver,MONACA BORO 4,U.S. Senate,,DEM,Robert P Casey Jr,114,68,0,46
Beaver,MONACA BORO 4,U.S. Senate,,DEM,William Parker,36,24,1,11
Beaver,MONACA BORO 4,U.S. Senate,,DEM,Write-In Totals,3,2,0,1
Beaver,MONACA BORO 4,U.S. Senate,,DEM,Not Assigned,3,2,0,1
Beaver,MONACA BORO 4,U.S. House,17,DEM,Chris Deluzio,144,88,1,55
Beaver,MONACA BORO 4,U.S. House,17,DEM,Write-In Totals,2,2,0,0
Beaver,MONACA BORO 4,U.S. House,17,DEM,Not Assigned,2,2,0,0
Beaver,MONACA BORO 4,State Senate,47,DEM,Write-In: Scattered,10,6,0,4
Beaver,MONACA BORO 4,State Senate,47,DEM,Write-In: Elder Vogel Jr.,10,8,0,2
Beaver,MONACA BORO 4,State Senate,47,DEM,Write-In: Kate Lennen,8,4,0,4
Beaver,MONACA BORO 4,State Senate,47,DEM,Write-In Totals,28,18,0,10
Beaver,MONACA BORO 4,State Senate,47,DEM,Not Assigned,0,0,0,0
Beaver,MONACA BORO 4,State House,16,DEM,Robert F Matzie,141,86,1,54
Beaver,MONACA BORO 4,State House,16,DEM,Write-In Totals,5,5,0,0
Beaver,MONACA BORO 4,State House,16,DEM,Not Assigned,5,5,0,0
Beaver,MONACA BORO 4,DELEGATE TO THE DEMOCRATIC NATIONAL CONVENTION,17,DEM,Nancy Werme,124,71,1,52
Beaver,MONACA BORO 4,DELEGATE TO THE DEMOCRATIC NATIONAL CONVENTION,17,DEM,Kaylee Werner,114,63,1,50
Beaver,MONACA BORO 4,DELEGATE TO THE DEMOCRATIC NATIONAL CONVENTION,17,DEM,Dwan B Walker,106,55,1,50
Beaver,MONACA BORO 4,DELEGATE TO THE DEMOCRATIC NATIONAL CONVENTION,17,DEM,Mary Jane Jones-Gilliam,106,58,1,47
Beaver,MONACA BORO 4,DELEGATE TO THE DEMOCRATIC NATIONAL CONVENTION,17,DEM,Lisa M Baldis,105,55,1,49
Beaver,MONACA BORO 4,DELEGATE TO THE DEMOCRATIC NATIONAL CONVENTION,17,DEM,Arvind Venkat,100,53,1,46
Beaver,MONACA BORO 4,DELEGATE TO THE DEMOCRATIC NATIONAL CONVENTION,17,DEM,Kevin Kinross,97,51,1,45
Beaver,MONACA BORO 4,DELEGATE TO THE DEMOCRATIC NATIONAL CONVENTION,17,DEM,Write-In Totals,16,16,0,0
Beaver,MONACA BORO 4,DELEGATE TO THE DEMOCRATIC NATIONAL CONVENTION,17,DEM,Not Assigned,16,16,0,0
Beaver,MONACA BORO 4,President,,REP,Donald J Trump,79,71,0,8
Beaver,MONACA BORO 4,President,,REP,Nikki R Haley,7,7,0,0
Beaver,MONACA BORO 4,President,,REP,Write-In Totals,0,0,0,0
Beaver,MONACA BORO 4,President,,REP,Not Assigned,0,0,0,0
Beaver,MONACA BORO 4,U.S. Senate,,REP,Dave Mccormick,76,68,0,8
Beaver,MONACA BORO 4,U.S. Senate,,REP,Joseph J Vodvarka,10,10,0,0
Beaver,MONACA BORO 4,U.S. Senate,,REP,Write-In Totals,0,0,0,0
Beaver,MONACA BORO 4,U.S. Senate,,REP,Not Assigned,0,0,0,0
Beaver,MONACA BORO 4,U.S. House,17,REP,Rob Mercuri,81,74,0,7
Beaver,MONACA BORO 4,U.S. House,17,REP,Write-In Totals,0,0,0,0
Beaver,MONACA BORO 4,U.S. House,17,REP,Not Assigned,0,0,0,0
Beaver,MONACA BORO 4,State Senate,47,REP,Elder Vogel Jr,85,77,0,8
Beaver,MONACA BORO 4,State Senate,47,REP,Write-In Totals,0,0,0,0
Beaver,MONACA BORO 4,State Senate,47,REP,Not Assigned,0,0,0,0
Beaver,MONACA BORO 4,State House,16,REP,Michael J Perich,79,71,0,8
Beaver,MONACA BORO 4,State House,16,REP,Write-In Totals,0,0,0,0
Beaver,MONACA BORO 4,State House,16,REP,Not Assigned,0,0,0,0
Beaver,MONACA BORO 4,DELEGATE TO THE REPUBLICAN NATIONAL CONVENTION,17,REP,Mike Mcmullen,44,40,0,4
Beaver,MONACA BORO 4,DELEGATE TO THE REPUBLICAN NATIONAL CONVENTION,17,REP,John Fredericks,30,28,0,2
Beaver,MONACA BORO 4,DELEGATE TO THE REPUBLICAN NATIONAL CONVENTION,17,REP,Jack Casey,27,27,0,0
Beaver,MONACA BORO 4,DELEGATE TO THE REPUBLICAN NATIONAL CONVENTION,17,REP,Abby Kail,26,19,0,7
Beaver,MONACA BORO 4,DELEGATE TO THE REPUBLICAN NATIONAL CONVENTION,17,REP,Bob Howard,24,23,0,1
Beaver,MONACA BORO 4,DELEGATE TO THE REPUBLICAN NATIONAL CONVENTION,17,REP,Toni Shuppe,18,15,0,3
Beaver,MONACA BORO 4,DELEGATE TO THE REPUBLICAN NATIONAL CONVENTION,17,REP,Veronica S Steinkirchner,18,15,0,3
Beaver,MONACA BORO 4,DELEGATE TO THE REPUBLICAN NATIONAL CONVENTION,17,REP,Vincent E Fusca,16,16,0,0
Beaver,MONACA BORO 4,DELEGATE TO THE REPUBLICAN NATIONAL CONVENTION,17,REP,Write-In Totals,0,0,0,0
Beaver,MONACA BORO 4,DELEGATE TO THE REPUBLICAN NATIONAL CONVENTION,17,REP,Not Assigned,0,0,0,0
Beaver,MONACA BORO 4,ALTERNATE DELEGATE TO THE REPUBLICAN NATIONAL CONVENTION,17,REP,Mike Mcmullen,57,52,0,5
Beaver,MONACA BORO 4,ALTERNATE DELEGATE TO THE REPUBLICAN NATIONAL CONVENTION,17,REP,M J Costello,39,35,0,4
Beaver,MONACA BORO 4,ALTERNATE DELEGATE TO THE REPUBLICAN NATIONAL CONVENTION,17,REP,Bob Hamilton,38,33,0,5
Beaver,MONACA BORO 4,ALTERNATE DELEGATE TO THE REPUBLICAN NATIONAL CONVENTION,17,REP,Christine Mattarochia,30,25,0,5
Beaver,MONACA BORO 4,ALTERNATE DELEGATE TO THE REPUBLICAN NATIONAL CONVENTION,17,REP,Write-In Totals,0,0,0,0
Beaver,MONACA BORO 4,ALTERNATE DELEGATE TO THE REPUBLICAN NATIONAL CONVENTION,17,REP,Not Assigned,0,0,0,0
Beaver,MONACA BORO 5,President,,DEM,Joseph R Biden Jr,54,31,1,22
Beaver,MONACA BORO 5,President,,DEM,Dean Phillips,13,12,0,1
Beaver,MONACA BORO 5,President,,DEM,Write-In Totals,4,4,0,0
Beaver,MONACA BORO 5,President,,DEM,Not Assigned,4,4,0,0
Beaver,MONACA BORO 5,U.S. Senate,,DEM,Robert P Casey Jr,53,35,1,17
Beaver,MONACA BORO 5,U.S. Senate,,DEM,William Parker,17,12,0,5
Beaver,MONACA BORO 5,U.S. Senate,,DEM,Write-In Totals,2,2,0,0
Beaver,MONACA BORO 5,U.S. Senate,,DEM,Not Assigned,2,2,0,0
Beaver,MONACA BORO 5,U.S. House,17,DEM,Chris Deluzio,67,46,1,20
Beaver,MONACA BORO 5,U.S. House,17,DEM,Write-In Totals,1,1,0,0
Beaver,MONACA BORO 5,U.S. House,17,DEM,Not Assigned,1,1,0,0
Beaver,MONACA BORO 5,State Senate,47,DEM,Write-In: Kate Lennen,8,7,0,1
Beaver,MONACA BORO 5,State Senate,47,DEM,Write-In: Elder Vogel Jr.,8,4,0,4
Beaver,MONACA BORO 5,State Senate,47,DEM,Write-In: Scattered,4,3,0,1
Beaver,MONACA BORO 5,State Senate,47,DEM,Write-In Totals,20,14,0,6
Beaver,MONACA BORO 5,State Senate,47,DEM,Not Assigned,0,0,0,0
Beaver,MONACA BORO 5,State House,16,DEM,Robert F Matzie,68,46,1,21
Beaver,MONACA BORO 5,State House,16,DEM,Write-In Totals,0,0,0,0
Beaver,MONACA BORO 5,State House,16,DEM,Not Assigned,0,0,0,0
Beaver,MONACA BORO 5,DELEGATE TO THE DEMOCRATIC NATIONAL CONVENTION,17,DEM,Nancy Werme,56,34,1,21
Beaver,MONACA BORO 5,DELEGATE TO THE DEMOCRATIC NATIONAL CONVENTION,17,DEM,Kaylee Werner,46,28,1,17
Beaver,MONACA BORO 5,DELEGATE TO THE DEMOCRATIC NATIONAL CONVENTION,17,DEM,Dwan B Walker,42,25,1,16
Beaver,MONACA BORO 5,DELEGATE TO THE DEMOCRATIC NATIONAL CONVENTION,17,DEM,Mary Jane Jones-Gilliam,42,23,1,18
Beaver,MONACA BORO 5,DELEGATE TO THE DEMOCRATIC NATIONAL CONVENTION,17,DEM,Kevin Kinross,42,25,1,16
Beaver,MONACA BORO 5,DELEGATE TO THE DEMOCRATIC NATIONAL CONVENTION,17,DEM,Lisa M Baldis,41,24,1,16
Beaver,MONACA BORO 5,DELEGATE TO THE DEMOCRATIC NATIONAL CONVENTION,17,DEM,Arvind Venkat,38,21,1,16
Beaver,MONACA BORO 5,DELEGATE TO THE DEMOCRATIC NATIONAL CONVENTION,17,DEM,Write-In Totals,1,1,0,0
Beaver,MONACA BORO 5,DELEGATE TO THE DEMOCRATIC NATIONAL CONVENTION,17,DEM,Not Assigned,1,1,0,0
Beaver,MONACA BORO 5,President,,REP,Donald J Trump,57,50,0,7
Beaver,MONACA BORO 5,President,,REP,Nikki R Haley,6,5,0,1
Beaver,MONACA BORO 5,President,,REP,Write-In Totals,0,0,0,0
Beaver,MONACA BORO 5,President,,REP,Not Assigned,0,0,0,0
Beaver,MONACA BORO 5,U.S. Senate,,REP,Dave Mccormick,52,45,0,7
Beaver,MONACA BORO 5,U.S. Senate,,REP,Joseph J Vodvarka,9,8,0,1
Beaver,MONACA BORO 5,U.S. Senate,,REP,Write-In Totals,1,1,0,0
Beaver,MONACA BORO 5,U.S. Senate,,REP,Not Assigned,1,1,0,0
Beaver,MONACA BORO 5,U.S. House,17,REP,Rob Mercuri,59,53,0,6
Beaver,MONACA BORO 5,U.S. House,17,REP,Write-In Totals,0,0,0,0
Beaver,MONACA BORO 5,U.S. House,17,REP,Not Assigned,0,0,0,0
Beaver,MONACA BORO 5,State Senate,47,REP,Elder Vogel Jr,61,54,0,7
Beaver,MONACA BORO 5,State Senate,47,REP,Write-In Totals,0,0,0,0
Beaver,MONACA BORO 5,State Senate,47,REP,Not Assigned,0,0,0,0
Beaver,MONACA BORO 5,State House,16,REP,Michael J Perich,61,54,0,7
Beaver,MONACA BORO 5,State House,16,REP,Write-In Totals,0,0,0,0
Beaver,MONACA BORO 5,State House,16,REP,Not Assigned,0,0,0,0
Beaver,MONACA BORO 5,DELEGATE TO THE REPUBLICAN NATIONAL CONVENTION,17,REP,Mike Mcmullen,36,30,0,6
Beaver,MONACA BORO 5,DELEGATE TO THE REPUBLICAN NATIONAL CONVENTION,17,REP,John Fredericks,32,27,0,5
Beaver,MONACA BORO 5,DELEGATE TO THE REPUBLICAN NATIONAL CONVENTION,17,REP,Abby Kail,22,22,0,0
Beaver,MONACA BORO 5,DELEGATE TO THE REPUBLICAN NATIONAL CONVENTION,17,REP,Jack Casey,21,20,0,1
Beaver,MONACA BORO 5,DELEGATE TO THE REPUBLICAN NATIONAL CONVENTION,17,REP,Toni Shuppe,13,8,0,5
Beaver,MONACA BORO 5,DELEGATE TO THE REPUBLICAN NATIONAL CONVENTION,17,REP,Bob Howard,12,11,0,1
Beaver,MONACA BORO 5,DELEGATE TO THE REPUBLICAN NATIONAL CONVENTION,17,REP,Veronica S Steinkirchner,11,10,0,1
Beaver,MONACA BORO 5,DELEGATE TO THE REPUBLICAN NATIONAL CONVENTION,17,REP,Vincent E Fusca,5,5,0,0
Beaver,MONACA BORO 5,DELEGATE TO THE REPUBLICAN NATIONAL CONVENTION,17,REP,Write-In Totals,0,0,0,0
Beaver,MONACA BORO 5,DELEGATE TO THE REPUBLICAN NATIONAL CONVENTION,17,REP,Not Assigned,0,0,0,0
Beaver,MONACA BORO 5,ALTERNATE DELEGATE TO THE REPUBLICAN NATIONAL CONVENTION,17,REP,Mike Mcmullen,49,43,0,6
Beaver,MONACA BORO 5,ALTERNATE DELEGATE TO THE REPUBLICAN NATIONAL CONVENTION,17,REP,Christine Mattarochia,32,25,0,7
Beaver,MONACA BORO 5,ALTERNATE DELEGATE TO THE REPUBLICAN NATIONAL CONVENTION,17,REP,Bob Hamilton,31,28,0,3
Beaver,MONACA BORO 5,ALTERNATE DELEGATE TO THE REPUBLICAN NATIONAL CONVENTION,17,REP,M J Costello,18,13,0,5
Beaver,MONACA BORO 5,ALTERNATE DELEGATE TO THE REPUBLICAN NATIONAL CONVENTION,17,REP,Write-In Totals,0,0,0,0
Beaver,MONACA BORO 5,ALTERNATE DELEGATE TO THE REPUBLICAN NATIONAL CONVENTION,17,REP,Not Assigned,0,0,0,0
Beaver,NEW BRIGHTON BORO 1,President,,DEM,Joseph R Biden Jr,67,44,0,23
Beaver,NEW BRIGHTON BORO 1,President,,DEM,Dean Phillips,8,5,0,3
Beaver,NEW BRIGHTON BORO 1,President,,DEM,Write-In Totals,2,2,0,0
Beaver,NEW BRIGHTON BORO 1,President,,DEM,Not Assigned,2,2,0,0
Beaver,NEW BRIGHTON BORO 1,U.S. Senate,,DEM,Robert P Casey Jr,55,35,0,20
Beaver,NEW BRIGHTON BORO 1,U.S. Senate,,DEM,William Parker,22,15,0,7
Beaver,NEW BRIGHTON BORO 1,U.S. Senate,,DEM,Write-In Totals,1,1,0,0
Beaver,NEW BRIGHTON BORO 1,U.S. Senate,,DEM,Not Assigned,1,1,0,0
Beaver,NEW BRIGHTON BORO 1,U.S. House,17,DEM,Chris Deluzio,73,46,0,27
Beaver,NEW BRIGHTON BORO 1,U.S. House,17,DEM,Write-In Totals,1,1,0,0
Beaver,NEW BRIGHTON BORO 1,U.S. House,17,DEM,Not Assigned,1,1,0,0
Beaver,NEW BRIGHTON BORO 1,State Senate,47,DEM,Write-In: Scattered,6,3,0,3
Beaver,NEW BRIGHTON BORO 1,State Senate,47,DEM,Write-In: Elder Vogel Jr.,3,3,0,0
Beaver,NEW BRIGHTON BORO 1,State Senate,47,DEM,Write-In: Kate Lennen,1,1,0,0
Beaver,NEW BRIGHTON BORO 1,State Senate,47,DEM,Write-In Totals,10,7,0,3
Beaver,NEW BRIGHTON BORO 1,State Senate,47,DEM,Not Assigned,0,0,0,0
Beaver,NEW BRIGHTON BORO 1,State House,14,DEM,Kenya Johns,66,41,0,25
Beaver,NEW BRIGHTON BORO 1,State House,14,DEM,Write-In Totals,2,2,0,0
Beaver,NEW BRIGHTON BORO 1,State House,14,DEM,Not Assigned,2,2,0,0
Beaver,NEW BRIGHTON BORO 1,DELEGATE TO THE DEMOCRATIC NATIONAL CONVENTION,17,DEM,Nancy Werme,59,37,0,22
Beaver,NEW BRIGHTON BORO 1,DELEGATE TO THE DEMOCRATIC NATIONAL CONVENTION,17,DEM,Dwan B Walker,50,33,0,17
Beaver,NEW BRIGHTON BORO 1,DELEGATE TO THE DEMOCRATIC NATIONAL CONVENTION,17,DEM,Kaylee Werner,48,31,0,17
Beaver,NEW BRIGHTON BORO 1,DELEGATE TO THE DEMOCRATIC NATIONAL CONVENTION,17,DEM,Lisa M Baldis,48,29,0,19
Beaver,NEW BRIGHTON BORO 1,DELEGATE TO THE DEMOCRATIC NATIONAL CONVENTION,17,DEM,Mary Jane Jones-Gilliam,48,31,0,17
Beaver,NEW BRIGHTON BORO 1,DELEGATE TO THE DEMOCRATIC NATIONAL CONVENTION,17,DEM,Kevin Kinross,42,27,0,15
Beaver,NEW BRIGHTON BORO 1,DELEGATE TO THE DEMOCRATIC NATIONAL CONVENTION,17,DEM,Arvind Venkat,40,26,0,14
Beaver,NEW BRIGHTON BORO 1,DELEGATE TO THE DEMOCRATIC NATIONAL CONVENTION,17,DEM,Write-In Totals,2,2,0,0
Beaver,NEW BRIGHTON BORO 1,DELEGATE TO THE DEMOCRATIC NATIONAL CONVENTION,17,DEM,Not Assigned,2,2,0,0
Beaver,NEW BRIGHTON BORO 1,President,,REP,Donald J Trump,31,27,0,4
Beaver,NEW BRIGHTON BORO 1,President,,REP,Nikki R Haley,3,2,0,1
Beaver,NEW BRIGHTON BORO 1,President,,REP,Write-In Totals,1,1,0,0
Beaver,NEW BRIGHTON BORO 1,President,,REP,Not Assigned,1,1,0,0
Beaver,NEW BRIGHTON BORO 1,U.S. Senate,,REP,Dave Mccormick,31,26,0,5
Beaver,NEW BRIGHTON BORO 1,U.S. Senate,,REP,Joseph J Vodvarka,3,3,0,0
Beaver,NEW BRIGHTON BORO 1,U.S. Senate,,REP,Write-In Totals,0,0,0,0
Beaver,NEW BRIGHTON BORO 1,U.S. Senate,,REP,Not Assigned,0,0,0,0
Beaver,NEW BRIGHTON BORO 1,U.S. House,17,REP,Rob Mercuri,30,26,0,4
Beaver,NEW BRIGHTON BORO 1,U.S. House,17,REP,Write-In Totals,1,1,0,0
Beaver,NEW BRIGHTON BORO 1,U.S. House,17,REP,Not Assigned,1,1,0,0
Beaver,NEW BRIGHTON BORO 1,State Senate,47,REP,Elder Vogel Jr,34,29,0,5
Beaver,NEW BRIGHTON BORO 1,State Senate,47,REP,Write-In Totals,0,0,0,0
Beaver,NEW BRIGHTON BORO 1,State Senate,47,REP,Not Assigned,0,0,0,0
Beaver,NEW BRIGHTON BORO 1,State House,14,REP,Roman Kozak,31,26,0,5
Beaver,NEW BRIGHTON BORO 1,State House,14,REP,Write-In Totals,2,2,0,0
Beaver,NEW BRIGHTON BORO 1,State House,14,REP,Not Assigned,2,2,0,0
Beaver,NEW BRIGHTON BORO 1,DELEGATE TO THE REPUBLICAN NATIONAL CONVENTION,17,REP,Mike Mcmullen,17,13,0,4
Beaver,NEW BRIGHTON BORO 1,DELEGATE TO THE REPUBLICAN NATIONAL CONVENTION,17,REP,Abby Kail,16,13,0,3
Beaver,NEW BRIGHTON BORO 1,DELEGATE TO THE REPUBLICAN NATIONAL CONVENTION,17,REP,John Fredericks,13,13,0,0
Beaver,NEW BRIGHTON BORO 1,DELEGATE TO THE REPUBLICAN NATIONAL CONVENTION,17,REP,Jack Casey,9,7,0,2
Beaver,NEW BRIGHTON BORO 1,DELEGATE TO THE REPUBLICAN NATIONAL CONVENTION,17,REP,Toni Shuppe,9,8,0,1
Beaver,NEW BRIGHTON BORO 1,DELEGATE TO THE REPUBLICAN NATIONAL CONVENTION,17,REP,Bob Howard,9,8,0,1
Beaver,NEW BRIGHTON BORO 1,DELEGATE TO THE REPUBLICAN NATIONAL CONVENTION,17,REP,Veronica S Steinkirchner,6,3,0,3
Beaver,NEW BRIGHTON BORO 1,DELEGATE TO THE REPUBLICAN NATIONAL CONVENTION,17,REP,Vincent E Fusca,4,4,0,0
Beaver,NEW BRIGHTON BORO 1,DELEGATE TO THE REPUBLICAN NATIONAL CONVENTION,17,REP,Write-In Totals,0,0,0,0
Beaver,NEW BRIGHTON BORO 1,DELEGATE TO THE REPUBLICAN NATIONAL CONVENTION,17,REP,Not Assigned,0,0,0,0
Beaver,NEW BRIGHTON BORO 1,ALTERNATE DELEGATE TO THE REPUBLICAN NATIONAL CONVENTION,17,REP,Mike Mcmullen,22,18,0,4
Beaver,NEW BRIGHTON BORO 1,ALTERNATE DELEGATE TO THE REPUBLICAN NATIONAL CONVENTION,17,REP,Bob Hamilton,15,13,0,2
Beaver,NEW BRIGHTON BORO 1,ALTERNATE DELEGATE TO THE REPUBLICAN NATIONAL CONVENTION,17,REP,Christine Mattarochia,13,10,0,3
Beaver,NEW BRIGHTON BORO 1,ALTERNATE DELEGATE TO THE REPUBLICAN NATIONAL CONVENTION,17,REP,M J Costello,8,6,0,2
Beaver,NEW BRIGHTON BORO 1,ALTERNATE DELEGATE TO THE REPUBLICAN NATIONAL CONVENTION,17,REP,Write-In Totals,2,2,0,0
Beaver,NEW BRIGHTON BORO 1,ALTERNATE DELEGATE TO THE REPUBLICAN NATIONAL CONVENTION,17,REP,Not Assigned,2,2,0,0
Beaver,NEW BRIGHTON BORO 2,President,,DEM,Joseph R Biden Jr,36,24,1,11
Beaver,NEW BRIGHTON BORO 2,President,,DEM,Dean Phillips,9,8,0,1
Beaver,NEW BRIGHTON BORO 2,President,,DEM,Write-In Totals,2,2,0,0
Beaver,NEW BRIGHTON BORO 2,President,,DEM,Not Assigned,2,2,0,0
Beaver,NEW BRIGHTON BORO 2,U.S. Senate,,DEM,Robert P Casey Jr,35,26,1,8
Beaver,NEW BRIGHTON BORO 2,U.S. Senate,,DEM,William Parker,12,8,0,4
Beaver,NEW BRIGHTON BORO 2,U.S. Senate,,DEM,Write-In Totals,1,1,0,0
Beaver,NEW BRIGHTON BORO 2,U.S. Senate,,DEM,Not Assigned,1,1,0,0
Beaver,NEW BRIGHTON BORO 2,U.S. House,17,DEM,Chris Deluzio,45,32,1,12
Beaver,NEW BRIGHTON BORO 2,U.S. House,17,DEM,Write-In Totals,0,0,0,0
Beaver,NEW BRIGHTON BORO 2,U.S. House,17,DEM,Not Assigned,0,0,0,0
Beaver,NEW BRIGHTON BORO 2,State Senate,47,DEM,Write-In: Elder Vogel Jr.,5,4,0,1
Beaver,NEW BRIGHTON BORO 2,State Senate,47,DEM,Write-In: Scattered,3,3,0,0
Beaver,NEW BRIGHTON BORO 2,State Senate,47,DEM,Write-In: Kate Lennen,3,1,0,2
Beaver,NEW BRIGHTON BORO 2,State Senate,47,DEM,Write-In Totals,11,8,0,3
Beaver,NEW BRIGHTON BORO 2,State Senate,47,DEM,Not Assigned,0,0,0,0
Beaver,NEW BRIGHTON BORO 2,State House,14,DEM,Kenya Johns,42,29,1,12
Beaver,NEW BRIGHTON BORO 2,State House,14,DEM,Write-In Totals,1,1,0,0
Beaver,NEW BRIGHTON BORO 2,State House,14,DEM,Not Assigned,1,1,0,0
Beaver,NEW BRIGHTON BORO 2,DELEGATE TO THE DEMOCRATIC NATIONAL CONVENTION,17,DEM,Nancy Werme,36,25,1,10
Beaver,NEW BRIGHTON BORO 2,DELEGATE TO THE DEMOCRATIC NATIONAL CONVENTION,17,DEM,Arvind Venkat,31,21,1,9
Beaver,NEW BRIGHTON BORO 2,DELEGATE TO THE DEMOCRATIC NATIONAL CONVENTION,17,DEM,Kaylee Werner,31,22,1,8
Beaver,NEW BRIGHTON BORO 2,DELEGATE TO THE DEMOCRATIC NATIONAL CONVENTION,17,DEM,Mary Jane Jones-Gilliam,31,22,1,8
Beaver,NEW BRIGHTON BORO 2,DELEGATE TO THE DEMOCRATIC NATIONAL CONVENTION,17,DEM,Dwan B Walker,30,22,1,7
Beaver,NEW BRIGHTON BORO 2,DELEGATE TO THE DEMOCRATIC NATIONAL CONVENTION,17,DEM,Lisa M Baldis,28,20,1,7
Beaver,NEW BRIGHTON BORO 2,DELEGATE TO THE DEMOCRATIC NATIONAL CONVENTION,17,DEM,Kevin Kinross,28,20,1,7
Beaver,NEW BRIGHTON BORO 2,DELEGATE TO THE DEMOCRATIC NATIONAL CONVENTION,17,DEM,Write-In Totals,1,1,0,0
Beaver,NEW BRIGHTON BORO 2,DELEGATE TO THE DEMOCRATIC NATIONAL CONVENTION,17,DEM,Not Assigned,1,1,0,0
Beaver,NEW BRIGHTON BORO 2,President,,REP,Donald J Trump,27,23,0,4
Beaver,NEW BRIGHTON BORO 2,President,,REP,Nikki R Haley,3,2,0,1
Beaver,NEW BRIGHTON BORO 2,President,,REP,Write-In Totals,0,0,0,0
Beaver,NEW BRIGHTON BORO 2,President,,REP,Not Assigned,0,0,0,0
Beaver,NEW BRIGHTON BORO 2,U.S. Senate,,REP,Dave Mccormick,25,21,0,4
Beaver,NEW BRIGHTON BORO 2,U.S. Senate,,REP,Joseph J Vodvarka,4,3,0,1
Beaver,NEW BRIGHTON BORO 2,U.S. Senate,,REP,Write-In Totals,0,0,0,0
Beaver,NEW BRIGHTON BORO 2,U.S. Senate,,REP,Not Assigned,0,0,0,0
Beaver,NEW BRIGHTON BORO 2,U.S. House,17,REP,Rob Mercuri,26,23,0,3
Beaver,NEW BRIGHTON BORO 2,U.S. House,17,REP,Write-In Totals,0,0,0,0
Beaver,NEW BRIGHTON BORO 2,U.S. House,17,REP,Not Assigned,0,0,0,0
Beaver,NEW BRIGHTON BORO 2,State Senate,47,REP,Elder Vogel Jr,30,25,0,5
Beaver,NEW BRIGHTON BORO 2,State Senate,47,REP,Write-In Totals,0,0,0,0
Beaver,NEW BRIGHTON BORO 2,State Senate,47,REP,Not Assigned,0,0,0,0
Beaver,NEW BRIGHTON BORO 2,State House,14,REP,Roman Kozak,25,22,0,3
Beaver,NEW BRIGHTON BORO 2,State House,14,REP,Write-In Totals,0,0,0,0
Beaver,NEW BRIGHTON BORO 2,State House,14,REP,Not Assigned,0,0,0,0
Beaver,NEW BRIGHTON BORO 2,DELEGATE TO THE REPUBLICAN NATIONAL CONVENTION,17,REP,Jack Casey,13,12,0,1
Beaver,NEW BRIGHTON BORO 2,DELEGATE TO THE REPUBLICAN NATIONAL CONVENTION,17,REP,Abby Kail,13,10,0,3
Beaver,NEW BRIGHTON BORO 2,DELEGATE TO THE REPUBLICAN NATIONAL CONVENTION,17,REP,John Fredericks,10,10,0,0
Beaver,NEW BRIGHTON BORO 2,DELEGATE TO THE REPUBLICAN NATIONAL CONVENTION,17,REP,Mike Mcmullen,9,6,0,3
Beaver,NEW BRIGHTON BORO 2,DELEGATE TO THE REPUBLICAN NATIONAL CONVENTION,17,REP,Bob Howard,7,5,0,2
Beaver,NEW BRIGHTON BORO 2,DELEGATE TO THE REPUBLICAN NATIONAL CONVENTION,17,REP,Veronica S Steinkirchner,7,7,0,0
Beaver,NEW BRIGHTON BORO 2,DELEGATE TO THE REPUBLICAN NATIONAL CONVENTION,17,REP,Vincent E Fusca,5,5,0,0
Beaver,NEW BRIGHTON BORO 2,DELEGATE TO THE REPUBLICAN NATIONAL CONVENTION,17,REP,Toni Shuppe,4,4,0,0
Beaver,NEW BRIGHTON BORO 2,DELEGATE TO THE REPUBLICAN NATIONAL CONVENTION,17,REP,Write-In Totals,0,0,0,0
Beaver,NEW BRIGHTON BORO 2,DELEGATE TO THE REPUBLICAN NATIONAL CONVENTION,17,REP,Not Assigned,0,0,0,0
Beaver,NEW BRIGHTON BORO 2,ALTERNATE DELEGATE TO THE REPUBLICAN NATIONAL CONVENTION,17,REP,Mike Mcmullen,15,13,0,2
Beaver,NEW BRIGHTON BORO 2,ALTERNATE DELEGATE TO THE REPUBLICAN NATIONAL CONVENTION,17,REP,Christine Mattarochia,13,11,0,2
Beaver,NEW BRIGHTON BORO 2,ALTERNATE DELEGATE TO THE REPUBLICAN NATIONAL CONVENTION,17,REP,M J Costello,9,9,0,0
Beaver,NEW BRIGHTON BORO 2,ALTERNATE DELEGATE TO THE REPUBLICAN NATIONAL CONVENTION,17,REP,Bob Hamilton,8,7,0,1
Beaver,NEW BRIGHTON BORO 2,ALTERNATE DELEGATE TO THE REPUBLICAN NATIONAL CONVENTION,17,REP,Write-In Totals,0,0,0,0
Beaver,NEW BRIGHTON BORO 2,ALTERNATE DELEGATE TO THE REPUBLICAN NATIONAL CONVENTION,17,REP,Not Assigned,0,0,0,0
Beaver,NEW BRIGHTON BORO 3,President,,DEM,Joseph R Biden Jr,31,25,0,6
Beaver,NEW BRIGHTON BORO 3,President,,DEM,Dean Phillips,4,2,0,2
Beaver,NEW BRIGHTON BORO 3,President,,DEM,Write-In Totals,2,1,0,1
Beaver,NEW BRIGHTON BORO 3,President,,DEM,Not Assigned,2,1,0,1
Beaver,NEW BRIGHTON BORO 3,U.S. Senate,,DEM,Robert P Casey Jr,27,18,0,9
Beaver,NEW BRIGHTON BORO 3,U.S. Senate,,DEM,William Parker,10,10,0,0
Beaver,NEW BRIGHTON BORO 3,U.S. Senate,,DEM,Write-In Totals,0,0,0,0
Beaver,NEW BRIGHTON BORO 3,U.S. Senate,,DEM,Not Assigned,0,0,0,0
Beaver,NEW BRIGHTON BORO 3,U.S. House,17,DEM,Chris Deluzio,35,27,0,8
Beaver,NEW BRIGHTON BORO 3,U.S. House,17,DEM,Write-In Totals,0,0,0,0
Beaver,NEW BRIGHTON BORO 3,U.S. House,17,DEM,Not Assigned,0,0,0,0
Beaver,NEW BRIGHTON BORO 3,State Senate,47,DEM,Write-In: Scattered,4,4,0,0
Beaver,NEW BRIGHTON BORO 3,State Senate,47,DEM,Write-In: Elder Vogel Jr.,4,3,0,1
Beaver,NEW BRIGHTON BORO 3,State Senate,47,DEM,Write-In: Kate Lennen,0,0,0,0
Beaver,NEW BRIGHTON BORO 3,State Senate,47,DEM,Write-In Totals,8,7,0,1
Beaver,NEW BRIGHTON BORO 3,State Senate,47,DEM,Not Assigned,0,0,0,0
Beaver,NEW BRIGHTON BORO 3,State House,14,DEM,Kenya Johns,33,25,0,8
Beaver,NEW BRIGHTON BORO 3,State House,14,DEM,Write-In Totals,1,1,0,0
Beaver,NEW BRIGHTON BORO 3,State House,14,DEM,Not Assigned,1,1,0,0
Beaver,NEW BRIGHTON BORO 3,DELEGATE TO THE DEMOCRATIC NATIONAL CONVENTION,17,DEM,Nancy Werme,28,20,0,8
Beaver,NEW BRIGHTON BORO 3,DELEGATE TO THE DEMOCRATIC NATIONAL CONVENTION,17,DEM,Mary Jane Jones-Gilliam,27,18,0,9
Beaver,NEW BRIGHTON BORO 3,DELEGATE TO THE DEMOCRATIC NATIONAL CONVENTION,17,DEM,Kaylee Werner,26,19,0,7
Beaver,NEW BRIGHTON BORO 3,DELEGATE TO THE DEMOCRATIC NATIONAL CONVENTION,17,DEM,Lisa M Baldis,23,15,0,8
Beaver,NEW BRIGHTON BORO 3,DELEGATE TO THE DEMOCRATIC NATIONAL CONVENTION,17,DEM,Dwan B Walker,23,16,0,7
Beaver,NEW BRIGHTON BORO 3,DELEGATE TO THE DEMOCRATIC NATIONAL CONVENTION,17,DEM,Arvind Venkat,19,13,0,6
Beaver,NEW BRIGHTON BORO 3,DELEGATE TO THE DEMOCRATIC NATIONAL CONVENTION,17,DEM,Kevin Kinross,19,13,0,6
Beaver,NEW BRIGHTON BORO 3,DELEGATE TO THE DEMOCRATIC NATIONAL CONVENTION,17,DEM,Write-In Totals,1,1,0,0
Beaver,NEW BRIGHTON BORO 3,DELEGATE TO THE DEMOCRATIC NATIONAL CONVENTION,17,DEM,Not Assigned,1,1,0,0
Beaver,NEW BRIGHTON BORO 3,President,,REP,Donald J Trump,20,18,0,2
Beaver,NEW BRIGHTON BORO 3,President,,REP,Nikki R Haley,3,3,0,0
Beaver,NEW BRIGHTON BORO 3,President,,REP,Write-In Totals,0,0,0,0
Beaver,NEW BRIGHTON BORO 3,President,,REP,Not Assigned,0,0,0,0
Beaver,NEW BRIGHTON BORO 3,U.S. Senate,,REP,Dave Mccormick,22,19,0,3
Beaver,NEW BRIGHTON BORO 3,U.S. Senate,,REP,Joseph J Vodvarka,1,1,0,0
Beaver,NEW BRIGHTON BORO 3,U.S. Senate,,REP,Write-In Totals,0,0,0,0
Beaver,NEW BRIGHTON BORO 3,U.S. Senate,,REP,Not Assigned,0,0,0,0
Beaver,NEW BRIGHTON BORO 3,U.S. House,17,REP,Rob Mercuri,22,19,0,3
Beaver,NEW BRIGHTON BORO 3,U.S. House,17,REP,Write-In Totals,1,1,0,0
Beaver,NEW BRIGHTON BORO 3,U.S. House,17,REP,Not Assigned,1,1,0,0
Beaver,NEW BRIGHTON BORO 3,State Senate,47,REP,Elder Vogel Jr,25,22,0,3
Beaver,NEW BRIGHTON BORO 3,State Senate,47,REP,Write-In Totals,0,0,0,0
Beaver,NEW BRIGHTON BORO 3,State Senate,47,REP,Not Assigned,0,0,0,0
Beaver,NEW BRIGHTON BORO 3,State House,14,REP,Roman Kozak,24,21,0,3
Beaver,NEW BRIGHTON BORO 3,State House,14,REP,Write-In Totals,0,0,0,0
Beaver,NEW BRIGHTON BORO 3,State House,14,REP,Not Assigned,0,0,0,0
Beaver,NEW BRIGHTON BORO 3,DELEGATE TO THE REPUBLICAN NATIONAL CONVENTION,17,REP,Abby Kail,14,12,0,2
Beaver,NEW BRIGHTON BORO 3,DELEGATE TO THE REPUBLICAN NATIONAL CONVENTION,17,REP,Mike Mcmullen,12,10,0,2
Beaver,NEW BRIGHTON BORO 3,DELEGATE TO THE REPUBLICAN NATIONAL CONVENTION,17,REP,Bob Howard,11,11,0,0
Beaver,NEW BRIGHTON BORO 3,DELEGATE TO THE REPUBLICAN NATIONAL CONVENTION,17,REP,Veronica S Steinkirchner,10,10,0,0
Beaver,NEW BRIGHTON BORO 3,DELEGATE TO THE REPUBLICAN NATIONAL CONVENTION,17,REP,Jack Casey,9,7,0,2
Beaver,NEW BRIGHTON BORO 3,DELEGATE TO THE REPUBLICAN NATIONAL CONVENTION,17,REP,John Fredericks,6,6,0,0
Beaver,NEW BRIGHTON BORO 3,DELEGATE TO THE REPUBLICAN NATIONAL CONVENTION,17,REP,Toni Shuppe,4,3,0,1
Beaver,NEW BRIGHTON BORO 3,DELEGATE TO THE REPUBLICAN NATIONAL CONVENTION,17,REP,Vincent E Fusca,3,3,0,0
Beaver,NEW BRIGHTON BORO 3,DELEGATE TO THE REPUBLICAN NATIONAL CONVENTION,17,REP,Write-In Totals,0,0,0,0
Beaver,NEW BRIGHTON BORO 3,DELEGATE TO THE REPUBLICAN NATIONAL CONVENTION,17,REP,Not Assigned,0,0,0,0
Beaver,NEW BRIGHTON BORO 3,ALTERNATE DELEGATE TO THE REPUBLICAN NATIONAL CONVENTION,17,REP,Christine Mattarochia,17,15,0,2
Beaver,NEW BRIGHTON BORO 3,ALTERNATE DELEGATE TO THE REPUBLICAN NATIONAL CONVENTION,17,REP,Bob Hamilton,15,13,0,2
Beaver,NEW BRIGHTON BORO 3,ALTERNATE DELEGATE TO THE REPUBLICAN NATIONAL CONVENTION,17,REP,Mike Mcmullen,12,11,0,1
Beaver,NEW BRIGHTON BORO 3,ALTERNATE DELEGATE TO THE REPUBLICAN NATIONAL CONVENTION,17,REP,M J Costello,12,10,0,2
Beaver,NEW BRIGHTON BORO 3,ALTERNATE DELEGATE TO THE REPUBLICAN NATIONAL CONVENTION,17,REP,Write-In Totals,1,1,0,0
Beaver,NEW BRIGHTON BORO 3,ALTERNATE DELEGATE TO THE REPUBLICAN NATIONAL CONVENTION,17,REP,Not Assigned,1,1,0,0
Beaver,NEW BRIGHTON BORO 4,President,,DEM,Joseph R Biden Jr,40,26,0,14
Beaver,NEW BRIGHTON BORO 4,President,,DEM,Dean Phillips,13,12,0,1
Beaver,NEW BRIGHTON BORO 4,President,,DEM,Write-In Totals,5,5,0,0
Beaver,NEW BRIGHTON BORO 4,President,,DEM,Not Assigned,5,5,0,0
Beaver,NEW BRIGHTON BORO 4,U.S. Senate,,DEM,Robert P Casey Jr,44,33,0,11
Beaver,NEW BRIGHTON BORO 4,U.S. Senate,,DEM,William Parker,14,11,0,3
Beaver,NEW BRIGHTON BORO 4,U.S. Senate,,DEM,Write-In Totals,1,0,0,1
Beaver,NEW BRIGHTON BORO 4,U.S. Senate,,DEM,Not Assigned,1,0,0,1
Beaver,NEW BRIGHTON BORO 4,U.S. House,17,DEM,Chris Deluzio,57,43,0,14
Beaver,NEW BRIGHTON BORO 4,U.S. House,17,DEM,Write-In Totals,0,0,0,0
Beaver,NEW BRIGHTON BORO 4,U.S. House,17,DEM,Not Assigned,0,0,0,0
Beaver,NEW BRIGHTON BORO 4,State Senate,47,DEM,Write-In: Elder Vogel Jr.,8,5,0,3
Beaver,NEW BRIGHTON BORO 4,State Senate,47,DEM,Write-In: Scattered,2,2,0,0
Beaver,NEW BRIGHTON BORO 4,State Senate,47,DEM,Write-In: Kate Lennen,1,1,0,0
Beaver,NEW BRIGHTON BORO 4,State Senate,47,DEM,Write-In Totals,11,8,0,3
Beaver,NEW BRIGHTON BORO 4,State Senate,47,DEM,Not Assigned,0,0,0,0
Beaver,NEW BRIGHTON BORO 4,State House,14,DEM,Kenya Johns,53,39,0,14
Beaver,NEW BRIGHTON BORO 4,State House,14,DEM,Write-In Totals,1,1,0,0
Beaver,NEW BRIGHTON BORO 4,State House,14,DEM,Not Assigned,1,1,0,0
Beaver,NEW BRIGHTON BORO 4,DELEGATE TO THE DEMOCRATIC NATIONAL CONVENTION,17,DEM,Kaylee Werner,42,28,0,14
Beaver,NEW BRIGHTON BORO 4,DELEGATE TO THE DEMOCRATIC NATIONAL CONVENTION,17,DEM,Mary Jane Jones-Gilliam,42,30,0,12
Beaver,NEW BRIGHTON BORO 4,DELEGATE TO THE DEMOCRATIC NATIONAL CONVENTION,17,DEM,Lisa M Baldis,41,29,0,12
Beaver,NEW BRIGHTON BORO 4,DELEGATE TO THE DEMOCRATIC NATIONAL CONVENTION,17,DEM,Dwan B Walker,41,27,0,14
Beaver,NEW BRIGHTON BORO 4,DELEGATE TO THE DEMOCRATIC NATIONAL CONVENTION,17,DEM,Nancy Werme,41,27,0,14
Beaver,NEW BRIGHTON BORO 4,DELEGATE TO THE DEMOCRATIC NATIONAL CONVENTION,17,DEM,Kevin Kinross,36,22,0,14
Beaver,NEW BRIGHTON BORO 4,DELEGATE TO THE DEMOCRATIC NATIONAL CONVENTION,17,DEM,Arvind Venkat,34,21,0,13
Beaver,NEW BRIGHTON BORO 4,DELEGATE TO THE DEMOCRATIC NATIONAL CONVENTION,17,DEM,Write-In Totals,2,2,0,0
Beaver,NEW BRIGHTON BORO 4,DELEGATE TO THE DEMOCRATIC NATIONAL CONVENTION,17,DEM,Not Assigned,2,2,0,0
Beaver,NEW BRIGHTON BORO 4,President,,REP,Donald J Trump,32,31,0,1
Beaver,NEW BRIGHTON BORO 4,President,,REP,Nikki R Haley,6,3,0,3
Beaver,NEW BRIGHTON BORO 4,President,,REP,Write-In Totals,2,2,0,0
Beaver,NEW BRIGHTON BORO 4,President,,REP,Not Assigned,2,2,0,0
Beaver,NEW BRIGHTON BORO 4,U.S. Senate,,REP,Dave Mccormick,31,28,0,3
Beaver,NEW BRIGHTON BORO 4,U.S. Senate,,REP,Joseph J Vodvarka,7,7,0,0
Beaver,NEW BRIGHTON BORO 4,U.S. Senate,,REP,Write-In Totals,2,1,0,1
Beaver,NEW BRIGHTON BORO 4,U.S. Senate,,REP,Not Assigned,2,1,0,1
Beaver,NEW BRIGHTON BORO 4,U.S. House,17,REP,Rob Mercuri,36,33,0,3
Beaver,NEW BRIGHTON BORO 4,U.S. House,17,REP,Write-In Totals,0,0,0,0
Beaver,NEW BRIGHTON BORO 4,U.S. House,17,REP,Not Assigned,0,0,0,0
Beaver,NEW BRIGHTON BORO 4,State Senate,47,REP,Elder Vogel Jr,39,35,0,4
Beaver,NEW BRIGHTON BORO 4,State Senate,47,REP,Write-In Totals,0,0,0,0
Beaver,NEW BRIGHTON BORO 4,State Senate,47,REP,Not Assigned,0,0,0,0
Beaver,NEW BRIGHTON BORO 4,State House,14,REP,Roman Kozak,37,34,0,3
Beaver,NEW BRIGHTON BORO 4,State House,14,REP,Write-In Totals,0,0,0,0
Beaver,NEW BRIGHTON BORO 4,State House,14,REP,Not Assigned,0,0,0,0
Beaver,NEW BRIGHTON BORO 4,DELEGATE TO THE REPUBLICAN NATIONAL CONVENTION,17,REP,Jack Casey,20,18,0,2
Beaver,NEW BRIGHTON BORO 4,DELEGATE TO THE REPUBLICAN NATIONAL CONVENTION,17,REP,Mike Mcmullen,17,15,0,2
Beaver,NEW BRIGHTON BORO 4,DELEGATE TO THE REPUBLICAN NATIONAL CONVENTION,17,REP,Bob Howard,13,12,0,1
Beaver,NEW BRIGHTON BORO 4,DELEGATE TO THE REPUBLICAN NATIONAL CONVENTION,17,REP,John Fredericks,13,12,0,1
Beaver,NEW BRIGHTON BORO 4,DELEGATE TO THE REPUBLICAN NATIONAL CONVENTION,17,REP,Abby Kail,12,11,0,1
Beaver,NEW BRIGHTON BORO 4,DELEGATE TO THE REPUBLICAN NATIONAL CONVENTION,17,REP,Toni Shuppe,9,8,0,1
Beaver,NEW BRIGHTON BORO 4,DELEGATE TO THE REPUBLICAN NATIONAL CONVENTION,17,REP,Vincent E Fusca,9,9,0,0
Beaver,NEW BRIGHTON BORO 4,DELEGATE TO THE REPUBLICAN NATIONAL CONVENTION,17,REP,Veronica S Steinkirchner,4,3,0,1
Beaver,NEW BRIGHTON BORO 4,DELEGATE TO THE REPUBLICAN NATIONAL CONVENTION,17,REP,Write-In Totals,0,0,0,0
Beaver,NEW BRIGHTON BORO 4,DELEGATE TO THE REPUBLICAN NATIONAL CONVENTION,17,REP,Not Assigned,0,0,0,0
Beaver,NEW BRIGHTON BORO 4,ALTERNATE DELEGATE TO THE REPUBLICAN NATIONAL CONVENTION,17,REP,Mike Mcmullen,23,21,0,2
Beaver,NEW BRIGHTON BORO 4,ALTERNATE DELEGATE TO THE REPUBLICAN NATIONAL CONVENTION,17,REP,Bob Hamilton,22,21,0,1
Beaver,NEW BRIGHTON BORO 4,ALTERNATE DELEGATE TO THE REPUBLICAN NATIONAL CONVENTION,17,REP,Christine Mattarochia,17,15,0,2
Beaver,NEW BRIGHTON BORO 4,ALTERNATE DELEGATE TO THE REPUBLICAN NATIONAL CONVENTION,17,REP,M J Costello,17,16,0,1
Beaver,NEW BRIGHTON BORO 4,ALTERNATE DELEGATE TO THE REPUBLICAN NATIONAL CONVENTION,17,REP,Write-In Totals,0,0,0,0
Beaver,NEW BRIGHTON BORO 4,ALTERNATE DELEGATE TO THE REPUBLICAN NATIONAL CONVENTION,17,REP,Not Assigned,0,0,0,0
Beaver,NEW BRIGHTON BORO 5,President,,DEM,Joseph R Biden Jr,94,51,0,43
Beaver,NEW BRIGHTON BORO 5,President,,DEM,Dean Phillips,14,10,0,4
Beaver,NEW BRIGHTON BORO 5,President,,DEM,Write-In Totals,11,9,0,2
Beaver,NEW BRIGHTON BORO 5,President,,DEM,Not Assigned,11,9,0,2
Beaver,NEW BRIGHTON BORO 5,U.S. Senate,,DEM,Robert P Casey Jr,85,46,0,39
Beaver,NEW BRIGHTON BORO 5,U.S. Senate,,DEM,William Parker,27,19,0,8
Beaver,NEW BRIGHTON BORO 5,U.S. Senate,,DEM,Write-In Totals,7,5,0,2
Beaver,NEW BRIGHTON BORO 5,U.S. Senate,,DEM,Not Assigned,7,5,0,2
Beaver,NEW BRIGHTON BORO 5,U.S. House,17,DEM,Chris Deluzio,113,68,0,45
Beaver,NEW BRIGHTON BORO 5,U.S. House,17,DEM,Write-In Totals,4,2,0,2
Beaver,NEW BRIGHTON BORO 5,U.S. House,17,DEM,Not Assigned,4,2,0,2
Beaver,NEW BRIGHTON BORO 5,State Senate,47,DEM,Write-In: Elder Vogel Jr.,15,12,0,3
Beaver,NEW BRIGHTON BORO 5,State Senate,47,DEM,Write-In: Scattered,12,7,0,5
Beaver,NEW BRIGHTON BORO 5,State Senate,47,DEM,Write-In: Kate Lennen,3,1,0,2
Beaver,NEW BRIGHTON BORO 5,State Senate,47,DEM,Write-In Totals,30,20,0,10
Beaver,NEW BRIGHTON BORO 5,State Senate,47,DEM,Not Assigned,0,0,0,0
Beaver,NEW BRIGHTON BORO 5,State House,14,DEM,Kenya Johns,109,61,0,48
Beaver,NEW BRIGHTON BORO 5,State House,14,DEM,Write-In Totals,4,4,0,0
Beaver,NEW BRIGHTON BORO 5,State House,14,DEM,Not Assigned,4,4,0,0
Beaver,NEW BRIGHTON BORO 5,DELEGATE TO THE DEMOCRATIC NATIONAL CONVENTION,17,DEM,Kaylee Werner,93,55,0,38
Beaver,NEW BRIGHTON BORO 5,DELEGATE TO THE DEMOCRATIC NATIONAL CONVENTION,17,DEM,Nancy Werme,90,50,0,40
Beaver,NEW BRIGHTON BORO 5,DELEGATE TO THE DEMOCRATIC NATIONAL CONVENTION,17,DEM,Dwan B Walker,89,51,0,38
Beaver,NEW BRIGHTON BORO 5,DELEGATE TO THE DEMOCRATIC NATIONAL CONVENTION,17,DEM,Lisa M Baldis,88,52,0,36
Beaver,NEW BRIGHTON BORO 5,DELEGATE TO THE DEMOCRATIC NATIONAL CONVENTION,17,DEM,Mary Jane Jones-Gilliam,84,45,0,39
Beaver,NEW BRIGHTON BORO 5,DELEGATE TO THE DEMOCRATIC NATIONAL CONVENTION,17,DEM,Kevin Kinross,84,50,0,34
Beaver,NEW BRIGHTON BORO 5,DELEGATE TO THE DEMOCRATIC NATIONAL CONVENTION,17,DEM,Arvind Venkat,82,47,0,35
Beaver,NEW BRIGHTON BORO 5,DELEGATE TO THE DEMOCRATIC NATIONAL CONVENTION,17,DEM,Write-In Totals,13,9,0,4
Beaver,NEW BRIGHTON BORO 5,DELEGATE TO THE DEMOCRATIC NATIONAL CONVENTION,17,DEM,Not Assigned,13,9,0,4
Beaver,NEW BRIGHTON BORO 5,President,,REP,Donald J Trump,69,64,0,5
Beaver,NEW BRIGHTON BORO 5,President,,REP,Nikki R Haley,13,12,0,1
Beaver,NEW BRIGHTON BORO 5,President,,REP,Write-In Totals,3,3,0,0
Beaver,NEW BRIGHTON BORO 5,President,,REP,Not Assigned,3,3,0,0
Beaver,NEW BRIGHTON BORO 5,U.S. Senate,,REP,Dave Mccormick,69,62,0,7
Beaver,NEW BRIGHTON BORO 5,U.S. Senate,,REP,Joseph J Vodvarka,9,9,0,0
Beaver,NEW BRIGHTON BORO 5,U.S. Senate,,REP,Write-In Totals,1,1,0,0
Beaver,NEW BRIGHTON BORO 5,U.S. Senate,,REP,Not Assigned,1,1,0,0
Beaver,NEW BRIGHTON BORO 5,U.S. House,17,REP,Rob Mercuri,75,70,0,5
Beaver,NEW BRIGHTON BORO 5,U.S. House,17,REP,Write-In Totals,2,2,0,0
Beaver,NEW BRIGHTON BORO 5,U.S. House,17,REP,Not Assigned,2,2,0,0
Beaver,NEW BRIGHTON BORO 5,State Senate,47,REP,Elder Vogel Jr,83,76,0,7
Beaver,NEW BRIGHTON BORO 5,State Senate,47,REP,Write-In Totals,3,3,0,0
Beaver,NEW BRIGHTON BORO 5,State Senate,47,REP,Not Assigned,3,3,0,0
Beaver,NEW BRIGHTON BORO 5,State House,14,REP,Roman Kozak,81,75,0,6
Beaver,NEW BRIGHTON BORO 5,State House,14,REP,Write-In Totals,2,2,0,0
Beaver,NEW BRIGHTON BORO 5,State House,14,REP,Not Assigned,2,2,0,0
Beaver,NEW BRIGHTON BORO 5,DELEGATE TO THE REPUBLICAN NATIONAL CONVENTION,17,REP,Abby Kail,31,29,0,2
Beaver,NEW BRIGHTON BORO 5,DELEGATE TO THE REPUBLICAN NATIONAL CONVENTION,17,REP,Mike Mcmullen,30,28,0,2
Beaver,NEW BRIGHTON BORO 5,DELEGATE TO THE REPUBLICAN NATIONAL CONVENTION,17,REP,John Fredericks,30,27,0,3
Beaver,NEW BRIGHTON BORO 5,DELEGATE TO THE REPUBLICAN NATIONAL CONVENTION,17,REP,Jack Casey,26,24,0,2
Beaver,NEW BRIGHTON BORO 5,DELEGATE TO THE REPUBLICAN NATIONAL CONVENTION,17,REP,Toni Shuppe,26,24,0,2
Beaver,NEW BRIGHTON BORO 5,DELEGATE TO THE REPUBLICAN NATIONAL CONVENTION,17,REP,Veronica S Steinkirchner,26,24,0,2
Beaver,NEW BRIGHTON BORO 5,DELEGATE TO THE REPUBLICAN NATIONAL CONVENTION,17,REP,Bob Howard,19,18,0,1
Beaver,NEW BRIGHTON BORO 5,DELEGATE TO THE REPUBLICAN NATIONAL CONVENTION,17,REP,Vincent E Fusca,13,12,0,1
Beaver,NEW BRIGHTON BORO 5,DELEGATE TO THE REPUBLICAN NATIONAL CONVENTION,17,REP,Write-In Totals,2,2,0,0
Beaver,NEW BRIGHTON BORO 5,DELEGATE TO THE REPUBLICAN NATIONAL CONVENTION,17,REP,Not Assigned,2,2,0,0
Beaver,NEW BRIGHTON BORO 5,ALTERNATE DELEGATE TO THE REPUBLICAN NATIONAL CONVENTION,17,REP,Mike Mcmullen,42,41,0,1
Beaver,NEW BRIGHTON BORO 5,ALTERNATE DELEGATE TO THE REPUBLICAN NATIONAL CONVENTION,17,REP,Christine Mattarochia,40,36,0,4
Beaver,NEW BRIGHTON BORO 5,ALTERNATE DELEGATE TO THE REPUBLICAN NATIONAL CONVENTION,17,REP,Bob Hamilton,40,35,0,5
Beaver,NEW BRIGHTON BORO 5,ALTERNATE DELEGATE TO THE REPUBLICAN NATIONAL CONVENTION,17,REP,M J Costello,36,33,0,3
Beaver,NEW BRIGHTON BORO 5,ALTERNATE DELEGATE TO THE REPUBLICAN NATIONAL CONVENTION,17,REP,Write-In Totals,8,8,0,0
Beaver,NEW BRIGHTON BORO 5,ALTERNATE DELEGATE TO THE REPUBLICAN NATIONAL CONVENTION,17,REP,Not Assigned,8,8,0,0
Beaver,NEW GALILEE BORO,President,,DEM,Joseph R Biden Jr,6,1,0,5
Beaver,NEW GALILEE BORO,President,,DEM,Dean Phillips,1,1,0,0
Beaver,NEW GALILEE BORO,President,,DEM,Write-In Totals,1,1,0,0
Beaver,NEW GALILEE BORO,President,,DEM,Not Assigned,1,1,0,0
Beaver,NEW GALILEE BORO,U.S. Senate,,DEM,Robert P Casey Jr,9,4,0,5
Beaver,NEW GALILEE BORO,U.S. Senate,,DEM,William Parker,1,1,0,0
Beaver,NEW GALILEE BORO,U.S. Senate,,DEM,Write-In Totals,0,0,0,0
Beaver,NEW GALILEE BORO,U.S. Senate,,DEM,Not Assigned,0,0,0,0
Beaver,NEW GALILEE BORO,U.S. House,17,DEM,Chris Deluzio,9,5,0,4
Beaver,NEW GALILEE BORO,U.S. House,17,DEM,Write-In Totals,0,0,0,0
Beaver,NEW GALILEE BORO,U.S. House,17,DEM,Not Assigned,0,0,0,0
Beaver,NEW GALILEE BORO,State Senate,47,DEM,Write-In: Kate Lennen,1,0,0,1
Beaver,NEW GALILEE BORO,State Senate,47,DEM,Write-In: Elder Vogel Jr.,1,1,0,0
Beaver,NEW GALILEE BORO,State Senate,47,DEM,Write-In: Scattered,0,0,0,0
Beaver,NEW GALILEE BORO,State Senate,47,DEM,Write-In Totals,2,1,0,1
Beaver,NEW GALILEE BORO,State Senate,47,DEM,Not Assigned,0,0,0,0
Beaver,NEW GALILEE BORO,State House,14,DEM,Kenya Johns,10,5,0,5
Beaver,NEW GALILEE BORO,State House,14,DEM,Write-In Totals,0,0,0,0
Beaver,NEW GALILEE BORO,State House,14,DEM,Not Assigned,0,0,0,0
Beaver,NEW GALILEE BORO,DELEGATE TO THE DEMOCRATIC NATIONAL CONVENTION,17,DEM,Kaylee Werner,6,2,0,4
Beaver,NEW GALILEE BORO,DELEGATE TO THE DEMOCRATIC NATIONAL CONVENTION,17,DEM,Lisa M Baldis,5,1,0,4
Beaver,NEW GALILEE BORO,DELEGATE TO THE DEMOCRATIC NATIONAL CONVENTION,17,DEM,Nancy Werme,5,1,0,4
Beaver,NEW GALILEE BORO,DELEGATE TO THE DEMOCRATIC NATIONAL CONVENTION,17,DEM,Kevin Kinross,4,0,0,4
Beaver,NEW GALILEE BORO,DELEGATE TO THE DEMOCRATIC NATIONAL CONVENTION,17,DEM,Dwan B Walker,3,0,0,3
Beaver,NEW GALILEE BORO,DELEGATE TO THE DEMOCRATIC NATIONAL CONVENTION,17,DEM,Mary Jane Jones-Gilliam,3,1,0,2
Beaver,NEW GALILEE BORO,DELEGATE TO THE DEMOCRATIC NATIONAL CONVENTION,17,DEM,Arvind Venkat,2,0,0,2
Beaver,NEW GALILEE BORO,DELEGATE TO THE DEMOCRATIC NATIONAL CONVENTION,17,DEM,Write-In Totals,0,0,0,0
Beaver,NEW GALILEE BORO,DELEGATE TO THE DEMOCRATIC NATIONAL CONVENTION,17,DEM,Not Assigned,0,0,0,0
Beaver,NEW GALILEE BORO,President,,REP,Donald J Trump,32,30,0,2
Beaver,NEW GALILEE BORO,President,,REP,Nikki R Haley,3,2,0,1
Beaver,NEW GALILEE BORO,President,,REP,Write-In Totals,0,0,0,0
Beaver,NEW GALILEE BORO,President,,REP,Not Assigned,0,0,0,0
Beaver,NEW GALILEE BORO,U.S. Senate,,REP,Dave Mccormick,34,32,0,2
Beaver,NEW GALILEE BORO,U.S. Senate,,REP,Joseph J Vodvarka,3,2,0,1
Beaver,NEW GALILEE BORO,U.S. Senate,,REP,Write-In Totals,0,0,0,0
Beaver,NEW GALILEE BORO,U.S. Senate,,REP,Not Assigned,0,0,0,0
Beaver,NEW GALILEE BORO,U.S. House,17,REP,Rob Mercuri,32,29,0,3
Beaver,NEW GALILEE BORO,U.S. House,17,REP,Write-In Totals,0,0,0,0
Beaver,NEW GALILEE BORO,U.S. House,17,REP,Not Assigned,0,0,0,0
Beaver,NEW GALILEE BORO,State Senate,47,REP,Elder Vogel Jr,37,34,0,3
Beaver,NEW GALILEE BORO,State Senate,47,REP,Write-In Totals,0,0,0,0
Beaver,NEW GALILEE BORO,State Senate,47,REP,Not Assigned,0,0,0,0
Beaver,NEW GALILEE BORO,State House,14,REP,Roman Kozak,35,32,0,3
Beaver,NEW GALILEE BORO,State House,14,REP,Write-In Totals,0,0,0,0
Beaver,NEW GALILEE BORO,State House,14,REP,Not Assigned,0,0,0,0
Beaver,NEW GALILEE BORO,DELEGATE TO THE REPUBLICAN NATIONAL CONVENTION,17,REP,Jack Casey,15,14,0,1
Beaver,NEW GALILEE BORO,DELEGATE TO THE REPUBLICAN NATIONAL CONVENTION,17,REP,Mike Mcmullen,14,14,0,0
Beaver,NEW GALILEE BORO,DELEGATE TO THE REPUBLICAN NATIONAL CONVENTION,17,REP,Abby Kail,13,12,0,1
Beaver,NEW GALILEE BORO,DELEGATE TO THE REPUBLICAN NATIONAL CONVENTION,17,REP,John Fredericks,12,11,0,1
Beaver,NEW GALILEE BORO,DELEGATE TO THE REPUBLICAN NATIONAL CONVENTION,17,REP,Bob Howard,11,10,0,1
Beaver,NEW GALILEE BORO,DELEGATE TO THE REPUBLICAN NATIONAL CONVENTION,17,REP,Veronica S Steinkirchner,7,7,0,0
Beaver,NEW GALILEE BORO,DELEGATE TO THE REPUBLICAN NATIONAL CONVENTION,17,REP,Vincent E Fusca,7,5,0,2
Beaver,NEW GALILEE BORO,DELEGATE TO THE REPUBLICAN NATIONAL CONVENTION,17,REP,Toni Shuppe,3,3,0,0
Beaver,NEW GALILEE BORO,DELEGATE TO THE REPUBLICAN NATIONAL CONVENTION,17,REP,Write-In Totals,0,0,0,0
Beaver,NEW GALILEE BORO,DELEGATE TO THE REPUBLICAN NATIONAL CONVENTION,17,REP,Not Assigned,0,0,0,0
Beaver,NEW GALILEE BORO,ALTERNATE DELEGATE TO THE REPUBLICAN NATIONAL CONVENTION,17,REP,Mike Mcmullen,19,19,0,0
Beaver,NEW GALILEE BORO,ALTERNATE DELEGATE TO THE REPUBLICAN NATIONAL CONVENTION,17,REP,Bob Hamilton,16,15,0,1
Beaver,NEW GALILEE BORO,ALTERNATE DELEGATE TO THE REPUBLICAN NATIONAL CONVENTION,17,REP,Christine Mattarochia,14,12,0,2
Beaver,NEW GALILEE BORO,ALTERNATE DELEGATE TO THE REPUBLICAN NATIONAL CONVENTION,17,REP,M J Costello,12,11,0,1
Beaver,NEW GALILEE BORO,ALTERNATE DELEGATE TO THE REPUBLICAN NATIONAL CONVENTION,17,REP,Write-In Totals,3,3,0,0
Beaver,NEW GALILEE BORO,ALTERNATE DELEGATE TO THE REPUBLICAN NATIONAL CONVENTION,17,REP,Not Assigned,3,3,0,0
Beaver,NEW SEWICKLEY TWP 1,President,,DEM,Joseph R Biden Jr,317,84,2,231
Beaver,NEW SEWICKLEY TWP 1,President,,DEM,Dean Phillips,30,18,0,12
Beaver,NEW SEWICKLEY TWP 1,President,,DEM,Write-In Totals,17,15,0,2
Beaver,NEW SEWICKLEY TWP 1,President,,DEM,Not Assigned,17,15,0,2
Beaver,NEW SEWICKLEY TWP 1,U.S. Senate,,DEM,Robert P Casey Jr,307,90,2,215
Beaver,NEW SEWICKLEY TWP 1,U.S. Senate,,DEM,William Parker,53,27,0,26
Beaver,NEW SEWICKLEY TWP 1,U.S. Senate,,DEM,Write-In Totals,9,6,0,3
Beaver,NEW SEWICKLEY TWP 1,U.S. Senate,,DEM,Not Assigned,9,6,0,3
Beaver,NEW SEWICKLEY TWP 1,U.S. House,17,DEM,Chris Deluzio,355,110,2,243
Beaver,NEW SEWICKLEY TWP 1,U.S. House,17,DEM,Write-In Totals,6,6,0,0
Beaver,NEW SEWICKLEY TWP 1,U.S. House,17,DEM,Not Assigned,6,6,0,0
Beaver,NEW SEWICKLEY TWP 1,State Senate,47,DEM,Write-In: Elder Vogel Jr.,55,35,0,20
Beaver,NEW SEWICKLEY TWP 1,State Senate,47,DEM,Write-In: Kate Lennen,39,15,0,24
Beaver,NEW SEWICKLEY TWP 1,State Senate,47,DEM,Write-In: Scattered,20,5,0,15
Beaver,NEW SEWICKLEY TWP 1,State Senate,47,DEM,Write-In Totals,114,55,0,59
Beaver,NEW SEWICKLEY TWP 1,State Senate,47,DEM,Not Assigned,0,0,0,0
Beaver,NEW SEWICKLEY TWP 1,State House,14,DEM,Kenya Johns,338,105,1,232
Beaver,NEW SEWICKLEY TWP 1,State House,14,DEM,Write-In Totals,4,4,0,0
Beaver,NEW SEWICKLEY TWP 1,State House,14,DEM,Not Assigned,4,4,0,0
Beaver,NEW SEWICKLEY TWP 1,DELEGATE TO THE DEMOCRATIC NATIONAL CONVENTION,17,DEM,Kaylee Werner,296,87,1,208
Beaver,NEW SEWICKLEY TWP 1,DELEGATE TO THE DEMOCRATIC NATIONAL CONVENTION,17,DEM,Nancy Werme,291,83,1,207
Beaver,NEW SEWICKLEY TWP 1,DELEGATE TO THE DEMOCRATIC NATIONAL CONVENTION,17,DEM,Mary Jane Jones-Gilliam,290,84,1,205
Beaver,NEW SEWICKLEY TWP 1,DELEGATE TO THE DEMOCRATIC NATIONAL CONVENTION,17,DEM,Lisa M Baldis,285,80,1,204
Beaver,NEW SEWICKLEY TWP 1,DELEGATE TO THE DEMOCRATIC NATIONAL CONVENTION,17,DEM,Arvind Venkat,268,69,1,198
Beaver,NEW SEWICKLEY TWP 1,DELEGATE TO THE DEMOCRATIC NATIONAL CONVENTION,17,DEM,Dwan B Walker,263,72,1,190
Beaver,NEW SEWICKLEY TWP 1,DELEGATE TO THE DEMOCRATIC NATIONAL CONVENTION,17,DEM,Kevin Kinross,258,68,1,189
Beaver,NEW SEWICKLEY TWP 1,DELEGATE TO THE DEMOCRATIC NATIONAL CONVENTION,17,DEM,Write-In Totals,21,19,0,2
Beaver,NEW SEWICKLEY TWP 1,DELEGATE TO THE DEMOCRATIC NATIONAL CONVENTION,17,DEM,Not Assigned,21,19,0,2
Beaver,NEW SEWICKLEY TWP 1,President,,REP,Donald J Trump,342,269,0,73
Beaver,NEW SEWICKLEY TWP 1,President,,REP,Nikki R Haley,78,44,0,34
Beaver,NEW SEWICKLEY TWP 1,President,,REP,Write-In Totals,14,5,0,9
Beaver,NEW SEWICKLEY TWP 1,President,,REP,Not Assigned,14,5,0,9
Beaver,NEW SEWICKLEY TWP 1,U.S. Senate,,REP,Dave Mccormick,378,275,0,103
Beaver,NEW SEWICKLEY TWP 1,U.S. Senate,,REP,Joseph J Vodvarka,47,33,0,14
Beaver,NEW SEWICKLEY TWP 1,U.S. Senate,,REP,Write-In Totals,4,2,0,2
Beaver,NEW SEWICKLEY TWP 1,U.S. Senate,,REP,Not Assigned,4,2,0,2
Beaver,NEW SEWICKLEY TWP 1,U.S. House,17,REP,Rob Mercuri,384,275,0,109
Beaver,NEW SEWICKLEY TWP 1,U.S. House,17,REP,Write-In Totals,3,2,0,1
Beaver,NEW SEWICKLEY TWP 1,U.S. House,17,REP,Not Assigned,3,2,0,1
Beaver,NEW SEWICKLEY TWP 1,State Senate,47,REP,Elder Vogel Jr,419,298,0,121
Beaver,NEW SEWICKLEY TWP 1,State Senate,47,REP,Write-In Totals,4,4,0,0
Beaver,NEW SEWICKLEY TWP 1,State Senate,47,REP,Not Assigned,4,4,0,0
Beaver,NEW SEWICKLEY TWP 1,State House,14,REP,Roman Kozak,411,295,0,116
Beaver,NEW SEWICKLEY TWP 1,State House,14,REP,Write-In Totals,3,2,0,1
Beaver,NEW SEWICKLEY TWP 1,State House,14,REP,Not Assigned,3,2,0,1
Beaver,NEW SEWICKLEY TWP 1,DELEGATE TO THE REPUBLICAN NATIONAL CONVENTION,17,REP,Mike Mcmullen,182,121,0,61
Beaver,NEW SEWICKLEY TWP 1,DELEGATE TO THE REPUBLICAN NATIONAL CONVENTION,17,REP,John Fredericks,159,129,0,30
Beaver,NEW SEWICKLEY TWP 1,DELEGATE TO THE REPUBLICAN NATIONAL CONVENTION,17,REP,Abby Kail,151,101,0,50
Beaver,NEW SEWICKLEY TWP 1,DELEGATE TO THE REPUBLICAN NATIONAL CONVENTION,17,REP,Jack Casey,138,96,0,42
Beaver,NEW SEWICKLEY TWP 1,DELEGATE TO THE REPUBLICAN NATIONAL CONVENTION,17,REP,Toni Shuppe,122,84,0,38
Beaver,NEW SEWICKLEY TWP 1,DELEGATE TO THE REPUBLICAN NATIONAL CONVENTION,17,REP,Veronica S Steinkirchner,119,81,0,38
Beaver,NEW SEWICKLEY TWP 1,DELEGATE TO THE REPUBLICAN NATIONAL CONVENTION,17,REP,Bob Howard,110,79,0,31
Beaver,NEW SEWICKLEY TWP 1,DELEGATE TO THE REPUBLICAN NATIONAL CONVENTION,17,REP,Vincent E Fusca,51,39,0,12
Beaver,NEW SEWICKLEY TWP 1,DELEGATE TO THE REPUBLICAN NATIONAL CONVENTION,17,REP,Write-In Totals,3,0,0,3
Beaver,NEW SEWICKLEY TWP 1,DELEGATE TO THE REPUBLICAN NATIONAL CONVENTION,17,REP,Not Assigned,3,0,0,3
Beaver,NEW SEWICKLEY TWP 1,ALTERNATE DELEGATE TO THE REPUBLICAN NATIONAL CONVENTION,17,REP,Bob Hamilton,238,157,0,81
Beaver,NEW SEWICKLEY TWP 1,ALTERNATE DELEGATE TO THE REPUBLICAN NATIONAL CONVENTION,17,REP,Christine Mattarochia,235,155,0,80
Beaver,NEW SEWICKLEY TWP 1,ALTERNATE DELEGATE TO THE REPUBLICAN NATIONAL CONVENTION,17,REP,Mike Mcmullen,219,158,0,61
Beaver,NEW SEWICKLEY TWP 1,ALTERNATE DELEGATE TO THE REPUBLICAN NATIONAL CONVENTION,17,REP,M J Costello,193,139,0,54
Beaver,NEW SEWICKLEY TWP 1,ALTERNATE DELEGATE TO THE REPUBLICAN NATIONAL CONVENTION,17,REP,Write-In Totals,3,2,0,1
Beaver,NEW SEWICKLEY TWP 1,ALTERNATE DELEGATE TO THE REPUBLICAN NATIONAL CONVENTION,17,REP,Not Assigned,3,2,0,1
Beaver,NEW SEWICKLEY TWP 2,President,,DEM,Joseph R Biden Jr,137,53,0,84
Beaver,NEW SEWICKLEY TWP 2,President,,DEM,Dean Phillips,18,13,0,5
Beaver,NEW SEWICKLEY TWP 2,President,,DEM,Write-In Totals,12,9,0,3
Beaver,NEW SEWICKLEY TWP 2,President,,DEM,Not Assigned,12,9,0,3
Beaver,NEW SEWICKLEY TWP 2,U.S. Senate,,DEM,Robert P Casey Jr,139,60,0,79
Beaver,NEW SEWICKLEY TWP 2,U.S. Senate,,DEM,William Parker,26,15,0,11
Beaver,NEW SEWICKLEY TWP 2,U.S. Senate,,DEM,Write-In Totals,2,1,0,1
Beaver,NEW SEWICKLEY TWP 2,U.S. Senate,,DEM,Not Assigned,2,1,0,1
Beaver,NEW SEWICKLEY TWP 2,U.S. House,17,DEM,Chris Deluzio,160,73,0,87
Beaver,NEW SEWICKLEY TWP 2,U.S. House,17,DEM,Write-In Totals,3,2,0,1
Beaver,NEW SEWICKLEY TWP 2,U.S. House,17,DEM,Not Assigned,3,2,0,1
Beaver,NEW SEWICKLEY TWP 2,State Senate,47,DEM,Write-In: Kate Lennen,36,11,0,25
Beaver,NEW SEWICKLEY TWP 2,State Senate,47,DEM,Write-In: Elder Vogel Jr.,18,5,0,13
Beaver,NEW SEWICKLEY TWP 2,State Senate,47,DEM,Write-In: Scattered,9,7,0,2
Beaver,NEW SEWICKLEY TWP 2,State Senate,47,DEM,Write-In Totals,63,23,0,40
Beaver,NEW SEWICKLEY TWP 2,State Senate,47,DEM,Not Assigned,0,0,0,0
Beaver,NEW SEWICKLEY TWP 2,State House,14,DEM,Kenya Johns,152,68,0,84
Beaver,NEW SEWICKLEY TWP 2,State House,14,DEM,Write-In Totals,4,3,0,1
Beaver,NEW SEWICKLEY TWP 2,State House,14,DEM,Not Assigned,4,3,0,1
Beaver,NEW SEWICKLEY TWP 2,DELEGATE TO THE DEMOCRATIC NATIONAL CONVENTION,17,DEM,Nancy Werme,140,61,0,79
Beaver,NEW SEWICKLEY TWP 2,DELEGATE TO THE DEMOCRATIC NATIONAL CONVENTION,17,DEM,Kaylee Werner,136,59,0,77
Beaver,NEW SEWICKLEY TWP 2,DELEGATE TO THE DEMOCRATIC NATIONAL CONVENTION,17,DEM,Mary Jane Jones-Gilliam,132,58,0,74
Beaver,NEW SEWICKLEY TWP 2,DELEGATE TO THE DEMOCRATIC NATIONAL CONVENTION,17,DEM,Lisa M Baldis,125,51,0,74
Beaver,NEW SEWICKLEY TWP 2,DELEGATE TO THE DEMOCRATIC NATIONAL CONVENTION,17,DEM,Kevin Kinross,124,51,0,73
Beaver,NEW SEWICKLEY TWP 2,DELEGATE TO THE DEMOCRATIC NATIONAL CONVENTION,17,DEM,Dwan B Walker,123,49,0,74
Beaver,NEW SEWICKLEY TWP 2,DELEGATE TO THE DEMOCRATIC NATIONAL CONVENTION,17,DEM,Arvind Venkat,119,49,0,70
Beaver,NEW SEWICKLEY TWP 2,DELEGATE TO THE DEMOCRATIC NATIONAL CONVENTION,17,DEM,Write-In Totals,6,4,0,2
Beaver,NEW SEWICKLEY TWP 2,DELEGATE TO THE DEMOCRATIC NATIONAL CONVENTION,17,DEM,Not Assigned,6,4,0,2
Beaver,NEW SEWICKLEY TWP 2,President,,REP,Donald J Trump,221,198,2,21
Beaver,NEW SEWICKLEY TWP 2,President,,REP,Nikki R Haley,26,22,0,4
Beaver,NEW SEWICKLEY TWP 2,President,,REP,Write-In Totals,7,5,0,2
Beaver,NEW SEWICKLEY TWP 2,President,,REP,Not Assigned,7,5,0,2
Beaver,NEW SEWICKLEY TWP 2,U.S. Senate,,REP,Dave Mccormick,214,188,2,24
Beaver,NEW SEWICKLEY TWP 2,U.S. Senate,,REP,Joseph J Vodvarka,21,18,0,3
Beaver,NEW SEWICKLEY TWP 2,U.S. Senate,,REP,Write-In Totals,8,8,0,0
Beaver,NEW SEWICKLEY TWP 2,U.S. Senate,,REP,Not Assigned,8,8,0,0
Beaver,NEW SEWICKLEY TWP 2,U.S. House,17,REP,Rob Mercuri,232,203,2,27
Beaver,NEW SEWICKLEY TWP 2,U.S. House,17,REP,Write-In Totals,4,4,0,0
Beaver,NEW SEWICKLEY TWP 2,U.S. House,17,REP,Not Assigned,4,4,0,0
Beaver,NEW SEWICKLEY TWP 2,State Senate,47,REP,Elder Vogel Jr,232,202,2,28
Beaver,NEW SEWICKLEY TWP 2,State Senate,47,REP,Write-In Totals,15,15,0,0
Beaver,NEW SEWICKLEY TWP 2,State Senate,47,REP,Not Assigned,15,15,0,0
Beaver,NEW SEWICKLEY TWP 2,State House,14,REP,Roman Kozak,243,215,2,26
Beaver,NEW SEWICKLEY TWP 2,State House,14,REP,Write-In Totals,3,3,0,0
Beaver,NEW SEWICKLEY TWP 2,State House,14,REP,Not Assigned,3,3,0,0
Beaver,NEW SEWICKLEY TWP 2,DELEGATE TO THE REPUBLICAN NATIONAL CONVENTION,17,REP,John Fredericks,103,91,2,10
Beaver,NEW SEWICKLEY TWP 2,DELEGATE TO THE REPUBLICAN NATIONAL CONVENTION,17,REP,Mike Mcmullen,94,83,1,10
Beaver,NEW SEWICKLEY TWP 2,DELEGATE TO THE REPUBLICAN NATIONAL CONVENTION,17,REP,Jack Casey,79,71,1,7
Beaver,NEW SEWICKLEY TWP 2,DELEGATE TO THE REPUBLICAN NATIONAL CONVENTION,17,REP,Abby Kail,76,65,0,11
Beaver,NEW SEWICKLEY TWP 2,DELEGATE TO THE REPUBLICAN NATIONAL CONVENTION,17,REP,Vincent E Fusca,73,67,0,6
Beaver,NEW SEWICKLEY TWP 2,DELEGATE TO THE REPUBLICAN NATIONAL CONVENTION,17,REP,Toni Shuppe,61,53,0,8
Beaver,NEW SEWICKLEY TWP 2,DELEGATE TO THE REPUBLICAN NATIONAL CONVENTION,17,REP,Bob Howard,60,54,2,4
Beaver,NEW SEWICKLEY TWP 2,DELEGATE TO THE REPUBLICAN NATIONAL CONVENTION,17,REP,Veronica S Steinkirchner,57,52,0,5
Beaver,NEW SEWICKLEY TWP 2,DELEGATE TO THE REPUBLICAN NATIONAL CONVENTION,17,REP,Write-In Totals,4,4,0,0
Beaver,NEW SEWICKLEY TWP 2,DELEGATE TO THE REPUBLICAN NATIONAL CONVENTION,17,REP,Not Assigned,4,4,0,0
Beaver,NEW SEWICKLEY TWP 2,ALTERNATE DELEGATE TO THE REPUBLICAN NATIONAL CONVENTION,17,REP,Mike Mcmullen,140,128,2,10
Beaver,NEW SEWICKLEY TWP 2,ALTERNATE DELEGATE TO THE REPUBLICAN NATIONAL CONVENTION,17,REP,Bob Hamilton,124,108,2,14
Beaver,NEW SEWICKLEY TWP 2,ALTERNATE DELEGATE TO THE REPUBLICAN NATIONAL CONVENTION,17,REP,Christine Mattarochia,120,103,0,17
Beaver,NEW SEWICKLEY TWP 2,ALTERNATE DELEGATE TO THE REPUBLICAN NATIONAL CONVENTION,17,REP,M J Costello,102,92,2,8
Beaver,NEW SEWICKLEY TWP 2,ALTERNATE DELEGATE TO THE REPUBLICAN NATIONAL CONVENTION,17,REP,Write-In Totals,5,5,0,0
Beaver,NEW SEWICKLEY TWP 2,ALTERNATE DELEGATE TO THE REPUBLICAN NATIONAL CONVENTION,17,REP,Not Assigned,5,5,0,0
Beaver,NEW SEWICKLEY TWP 3,President,,DEM,Joseph R Biden Jr,86,57,1,28
Beaver,NEW SEWICKLEY TWP 3,President,,DEM,Dean Phillips,15,14,0,1
Beaver,NEW SEWICKLEY TWP 3,President,,DEM,Write-In Totals,15,11,0,4
Beaver,NEW SEWICKLEY TWP 3,President,,DEM,Not Assigned,15,11,0,4
Beaver,NEW SEWICKLEY TWP 3,U.S. Senate,,DEM,Robert P Casey Jr,89,59,1,29
Beaver,NEW SEWICKLEY TWP 3,U.S. Senate,,DEM,William Parker,21,17,0,4
Beaver,NEW SEWICKLEY TWP 3,U.S. Senate,,DEM,Write-In Totals,6,6,0,0
Beaver,NEW SEWICKLEY TWP 3,U.S. Senate,,DEM,Not Assigned,6,6,0,0
Beaver,NEW SEWICKLEY TWP 3,U.S. House,17,DEM,Chris Deluzio,109,76,1,32
Beaver,NEW SEWICKLEY TWP 3,U.S. House,17,DEM,Write-In Totals,3,3,0,0
Beaver,NEW SEWICKLEY TWP 3,U.S. House,17,DEM,Not Assigned,3,3,0,0
Beaver,NEW SEWICKLEY TWP 3,State Senate,47,DEM,Write-In: Elder Vogel Jr.,23,18,0,5
Beaver,NEW SEWICKLEY TWP 3,State Senate,47,DEM,Write-In: Kate Lennen,22,20,0,2
Beaver,NEW SEWICKLEY TWP 3,State Senate,47,DEM,Write-In: Scattered,6,4,0,2
Beaver,NEW SEWICKLEY TWP 3,State Senate,47,DEM,Write-In Totals,51,42,0,9
Beaver,NEW SEWICKLEY TWP 3,State Senate,47,DEM,Not Assigned,0,0,0,0
Beaver,NEW SEWICKLEY TWP 3,State House,14,DEM,Kenya Johns,110,77,1,32
Beaver,NEW SEWICKLEY TWP 3,State House,14,DEM,Write-In Totals,3,3,0,0
Beaver,NEW SEWICKLEY TWP 3,State House,14,DEM,Not Assigned,3,3,0,0
Beaver,NEW SEWICKLEY TWP 3,DELEGATE TO THE DEMOCRATIC NATIONAL CONVENTION,17,DEM,Nancy Werme,91,59,1,31
Beaver,NEW SEWICKLEY TWP 3,DELEGATE TO THE DEMOCRATIC NATIONAL CONVENTION,17,DEM,Kaylee Werner,84,55,1,28
Beaver,NEW SEWICKLEY TWP 3,DELEGATE TO THE DEMOCRATIC NATIONAL CONVENTION,17,DEM,Lisa M Baldis,80,53,1,26
Beaver,NEW SEWICKLEY TWP 3,DELEGATE TO THE DEMOCRATIC NATIONAL CONVENTION,17,DEM,Mary Jane Jones-Gilliam,80,50,1,29
Beaver,NEW SEWICKLEY TWP 3,DELEGATE TO THE DEMOCRATIC NATIONAL CONVENTION,17,DEM,Dwan B Walker,78,50,1,27
Beaver,NEW SEWICKLEY TWP 3,DELEGATE TO THE DEMOCRATIC NATIONAL CONVENTION,17,DEM,Arvind Venkat,77,49,1,27
Beaver,NEW SEWICKLEY TWP 3,DELEGATE TO THE DEMOCRATIC NATIONAL CONVENTION,17,DEM,Kevin Kinross,77,47,1,29
Beaver,NEW SEWICKLEY TWP 3,DELEGATE TO THE DEMOCRATIC NATIONAL CONVENTION,17,DEM,Write-In Totals,6,6,0,0
Beaver,NEW SEWICKLEY TWP 3,DELEGATE TO THE DEMOCRATIC NATIONAL CONVENTION,17,DEM,Not Assigned,6,6,0,0
Beaver,NEW SEWICKLEY TWP 3,President,,REP,Donald J Trump,168,158,0,10
Beaver,NEW SEWICKLEY TWP 3,President,,REP,Nikki R Haley,27,20,0,7
Beaver,NEW SEWICKLEY TWP 3,President,,REP,Write-In Totals,0,0,0,0
Beaver,NEW SEWICKLEY TWP 3,President,,REP,Not Assigned,0,0,0,0
Beaver,NEW SEWICKLEY TWP 3,U.S. Senate,,REP,Dave Mccormick,170,157,0,13
Beaver,NEW SEWICKLEY TWP 3,U.S. Senate,,REP,Joseph J Vodvarka,20,17,0,3
Beaver,NEW SEWICKLEY TWP 3,U.S. Senate,,REP,Write-In Totals,2,1,0,1
Beaver,NEW SEWICKLEY TWP 3,U.S. Senate,,REP,Not Assigned,2,1,0,1
Beaver,NEW SEWICKLEY TWP 3,U.S. House,17,REP,Rob Mercuri,178,161,0,17
Beaver,NEW SEWICKLEY TWP 3,U.S. House,17,REP,Write-In Totals,1,1,0,0
Beaver,NEW SEWICKLEY TWP 3,U.S. House,17,REP,Not Assigned,1,1,0,0
Beaver,NEW SEWICKLEY TWP 3,State Senate,47,REP,Elder Vogel Jr,180,163,0,17
Beaver,NEW SEWICKLEY TWP 3,State Senate,47,REP,Write-In Totals,6,6,0,0
Beaver,NEW SEWICKLEY TWP 3,State Senate,47,REP,Not Assigned,6,6,0,0
Beaver,NEW SEWICKLEY TWP 3,State House,14,REP,Roman Kozak,183,166,0,17
Beaver,NEW SEWICKLEY TWP 3,State House,14,REP,Write-In Totals,1,1,0,0
Beaver,NEW SEWICKLEY TWP 3,State House,14,REP,Not Assigned,1,1,0,0
Beaver,NEW SEWICKLEY TWP 3,DELEGATE TO THE REPUBLICAN NATIONAL CONVENTION,17,REP,Mike Mcmullen,93,84,0,9
Beaver,NEW SEWICKLEY TWP 3,DELEGATE TO THE REPUBLICAN NATIONAL CONVENTION,17,REP,Abby Kail,70,64,0,6
Beaver,NEW SEWICKLEY TWP 3,DELEGATE TO THE REPUBLICAN NATIONAL CONVENTION,17,REP,John Fredericks,69,60,0,9
Beaver,NEW SEWICKLEY TWP 3,DELEGATE TO THE REPUBLICAN NATIONAL CONVENTION,17,REP,Bob Howard,55,48,0,7
Beaver,NEW SEWICKLEY TWP 3,DELEGATE TO THE REPUBLICAN NATIONAL CONVENTION,17,REP,Veronica S Steinkirchner,50,48,0,2
Beaver,NEW SEWICKLEY TWP 3,DELEGATE TO THE REPUBLICAN NATIONAL CONVENTION,17,REP,Jack Casey,47,45,0,2
Beaver,NEW SEWICKLEY TWP 3,DELEGATE TO THE REPUBLICAN NATIONAL CONVENTION,17,REP,Toni Shuppe,44,40,0,4
Beaver,NEW SEWICKLEY TWP 3,DELEGATE TO THE REPUBLICAN NATIONAL CONVENTION,17,REP,Vincent E Fusca,20,17,0,3
Beaver,NEW SEWICKLEY TWP 3,DELEGATE TO THE REPUBLICAN NATIONAL CONVENTION,17,REP,Write-In Totals,3,1,0,2
Beaver,NEW SEWICKLEY TWP 3,DELEGATE TO THE REPUBLICAN NATIONAL CONVENTION,17,REP,Not Assigned,3,1,0,2
Beaver,NEW SEWICKLEY TWP 3,ALTERNATE DELEGATE TO THE REPUBLICAN NATIONAL CONVENTION,17,REP,Bob Hamilton,100,90,0,10
Beaver,NEW SEWICKLEY TWP 3,ALTERNATE DELEGATE TO THE REPUBLICAN NATIONAL CONVENTION,17,REP,Mike Mcmullen,89,83,0,6
Beaver,NEW SEWICKLEY TWP 3,ALTERNATE DELEGATE TO THE REPUBLICAN NATIONAL CONVENTION,17,REP,Christine Mattarochia,87,80,0,7
Beaver,NEW SEWICKLEY TWP 3,ALTERNATE DELEGATE TO THE REPUBLICAN NATIONAL CONVENTION,17,REP,M J Costello,87,79,0,8
Beaver,NEW SEWICKLEY TWP 3,ALTERNATE DELEGATE TO THE REPUBLICAN NATIONAL CONVENTION,17,REP,Write-In Totals,2,2,0,0
Beaver,NEW SEWICKLEY TWP 3,ALTERNATE DELEGATE TO THE REPUBLICAN NATIONAL CONVENTION,17,REP,Not Assigned,2,2,0,0
Beaver,NORTH SEWICKLEY TWP 1,President,,DEM,Joseph R Biden Jr,58,29,0,29
Beaver,NORTH SEWICKLEY TWP 1,President,,DEM,Dean Phillips,13,5,0,8
Beaver,NORTH SEWICKLEY TWP 1,President,,DEM,Write-In Totals,6,5,0,1
Beaver,NORTH SEWICKLEY TWP 1,President,,DEM,Not Assigned,6,5,0,1
Beaver,NORTH SEWICKLEY TWP 1,U.S. Senate,,DEM,Robert P Casey Jr,57,28,0,29
Beaver,NORTH SEWICKLEY TWP 1,U.S. Senate,,DEM,William Parker,14,9,0,5
Beaver,NORTH SEWICKLEY TWP 1,U.S. Senate,,DEM,Write-In Totals,4,0,0,4
Beaver,NORTH SEWICKLEY TWP 1,U.S. Senate,,DEM,Not Assigned,4,0,0,4
Beaver,NORTH SEWICKLEY TWP 1,U.S. House,17,DEM,Chris Deluzio,72,35,0,37
Beaver,NORTH SEWICKLEY TWP 1,U.S. House,17,DEM,Write-In Totals,0,0,0,0
Beaver,NORTH SEWICKLEY TWP 1,U.S. House,17,DEM,Not Assigned,0,0,0,0
Beaver,NORTH SEWICKLEY TWP 1,State Senate,47,DEM,Write-In: Elder Vogel Jr.,6,3,0,3
Beaver,NORTH SEWICKLEY TWP 1,State Senate,47,DEM,Write-In: Scattered,4,3,0,1
Beaver,NORTH SEWICKLEY TWP 1,State Senate,47,DEM,Write-In: Kate Lennen,2,2,0,0
Beaver,NORTH SEWICKLEY TWP 1,State Senate,47,DEM,Write-In Totals,12,8,0,4
Beaver,NORTH SEWICKLEY TWP 1,State Senate,47,DEM,Not Assigned,0,0,0,0
Beaver,NORTH SEWICKLEY TWP 1,State House,14,DEM,Kenya Johns,70,35,0,35
Beaver,NORTH SEWICKLEY TWP 1,State House,14,DEM,Write-In Totals,2,1,0,1
Beaver,NORTH SEWICKLEY TWP 1,State House,14,DEM,Not Assigned,2,1,0,1
Beaver,NORTH SEWICKLEY TWP 1,DELEGATE TO THE DEMOCRATIC NATIONAL CONVENTION,17,DEM,Kaylee Werner,53,26,0,27
Beaver,NORTH SEWICKLEY TWP 1,DELEGATE TO THE DEMOCRATIC NATIONAL CONVENTION,17,DEM,Nancy Werme,52,24,0,28
Beaver,NORTH SEWICKLEY TWP 1,DELEGATE TO THE DEMOCRATIC NATIONAL CONVENTION,17,DEM,Lisa M Baldis,51,23,0,28
Beaver,NORTH SEWICKLEY TWP 1,DELEGATE TO THE DEMOCRATIC NATIONAL CONVENTION,17,DEM,Mary Jane Jones-Gilliam,50,23,0,27
Beaver,NORTH SEWICKLEY TWP 1,DELEGATE TO THE DEMOCRATIC NATIONAL CONVENTION,17,DEM,Kevin Kinross,50,20,0,30
Beaver,NORTH SEWICKLEY TWP 1,DELEGATE TO THE DEMOCRATIC NATIONAL CONVENTION,17,DEM,Dwan B Walker,48,19,0,29
Beaver,NORTH SEWICKLEY TWP 1,DELEGATE TO THE DEMOCRATIC NATIONAL CONVENTION,17,DEM,Arvind Venkat,47,19,0,28
Beaver,NORTH SEWICKLEY TWP 1,DELEGATE TO THE DEMOCRATIC NATIONAL CONVENTION,17,DEM,Write-In Totals,2,0,0,2
Beaver,NORTH SEWICKLEY TWP 1,DELEGATE TO THE DEMOCRATIC NATIONAL CONVENTION,17,DEM,Not Assigned,2,0,0,2
Beaver,NORTH SEWICKLEY TWP 1,President,,REP,Donald J Trump,83,81,0,2
Beaver,NORTH SEWICKLEY TWP 1,President,,REP,Nikki R Haley,7,6,0,1
Beaver,NORTH SEWICKLEY TWP 1,President,,REP,Write-In Totals,1,1,0,0
Beaver,NORTH SEWICKLEY TWP 1,President,,REP,Not Assigned,1,1,0,0
Beaver,NORTH SEWICKLEY TWP 1,U.S. Senate,,REP,Dave Mccormick,81,78,0,3
Beaver,NORTH SEWICKLEY TWP 1,U.S. Senate,,REP,Joseph J Vodvarka,7,7,0,0
Beaver,NORTH SEWICKLEY TWP 1,U.S. Senate,,REP,Write-In Totals,1,0,0,1
Beaver,NORTH SEWICKLEY TWP 1,U.S. Senate,,REP,Not Assigned,1,0,0,1
Beaver,NORTH SEWICKLEY TWP 1,U.S. House,17,REP,Rob Mercuri,80,77,0,3
Beaver,NORTH SEWICKLEY TWP 1,U.S. House,17,REP,Write-In Totals,0,0,0,0
Beaver,NORTH SEWICKLEY TWP 1,U.S. House,17,REP,Not Assigned,0,0,0,0
Beaver,NORTH SEWICKLEY TWP 1,State Senate,47,REP,Elder Vogel Jr,85,81,0,4
Beaver,NORTH SEWICKLEY TWP 1,State Senate,47,REP,Write-In Totals,1,1,0,0
Beaver,NORTH SEWICKLEY TWP 1,State Senate,47,REP,Not Assigned,1,1,0,0
Beaver,NORTH SEWICKLEY TWP 1,State House,14,REP,Roman Kozak,82,79,0,3
Beaver,NORTH SEWICKLEY TWP 1,State House,14,REP,Write-In Totals,1,1,0,0
Beaver,NORTH SEWICKLEY TWP 1,State House,14,REP,Not Assigned,1,1,0,0
Beaver,NORTH SEWICKLEY TWP 1,DELEGATE TO THE REPUBLICAN NATIONAL CONVENTION,17,REP,Mike Mcmullen,44,43,0,1
Beaver,NORTH SEWICKLEY TWP 1,DELEGATE TO THE REPUBLICAN NATIONAL CONVENTION,17,REP,John Fredericks,37,35,0,2
Beaver,NORTH SEWICKLEY TWP 1,DELEGATE TO THE REPUBLICAN NATIONAL CONVENTION,17,REP,Jack Casey,31,29,0,2
Beaver,NORTH SEWICKLEY TWP 1,DELEGATE TO THE REPUBLICAN NATIONAL CONVENTION,17,REP,Abby Kail,30,27,0,3
Beaver,NORTH SEWICKLEY TWP 1,DELEGATE TO THE REPUBLICAN NATIONAL CONVENTION,17,REP,Bob Howard,21,21,0,0
Beaver,NORTH SEWICKLEY TWP 1,DELEGATE TO THE REPUBLICAN NATIONAL CONVENTION,17,REP,Toni Shuppe,18,17,0,1
Beaver,NORTH SEWICKLEY TWP 1,DELEGATE TO THE REPUBLICAN NATIONAL CONVENTION,17,REP,Veronica S Steinkirchner,17,16,0,1
Beaver,NORTH SEWICKLEY TWP 1,DELEGATE TO THE REPUBLICAN NATIONAL CONVENTION,17,REP,Vincent E Fusca,8,8,0,0
Beaver,NORTH SEWICKLEY TWP 1,DELEGATE TO THE REPUBLICAN NATIONAL CONVENTION,17,REP,Write-In Totals,0,0,0,0
Beaver,NORTH SEWICKLEY TWP 1,DELEGATE TO THE REPUBLICAN NATIONAL CONVENTION,17,REP,Not Assigned,0,0,0,0
Beaver,NORTH SEWICKLEY TWP 1,ALTERNATE DELEGATE TO THE REPUBLICAN NATIONAL CONVENTION,17,REP,Mike Mcmullen,47,46,0,1
Beaver,NORTH SEWICKLEY TWP 1,ALTERNATE DELEGATE TO THE REPUBLICAN NATIONAL CONVENTION,17,REP,Christine Mattarochia,45,42,0,3
Beaver,NORTH SEWICKLEY TWP 1,ALTERNATE DELEGATE TO THE REPUBLICAN NATIONAL CONVENTION,17,REP,Bob Hamilton,42,40,0,2
Beaver,NORTH SEWICKLEY TWP 1,ALTERNATE DELEGATE TO THE REPUBLICAN NATIONAL CONVENTION,17,REP,M J Costello,30,28,0,2
Beaver,NORTH SEWICKLEY TWP 1,ALTERNATE DELEGATE TO THE REPUBLICAN NATIONAL CONVENTION,17,REP,Write-In Totals,0,0,0,0
Beaver,NORTH SEWICKLEY TWP 1,ALTERNATE DELEGATE TO THE REPUBLICAN NATIONAL CONVENTION,17,REP,Not Assigned,0,0,0,0
Beaver,NORTH SEWICKLEY TWP 2,President,,DEM,Joseph R Biden Jr,60,29,0,31
Beaver,NORTH SEWICKLEY TWP 2,President,,DEM,Dean Phillips,8,3,0,5
Beaver,NORTH SEWICKLEY TWP 2,President,,DEM,Write-In Totals,6,6,0,0
Beaver,NORTH SEWICKLEY TWP 2,President,,DEM,Not Assigned,6,6,0,0
Beaver,NORTH SEWICKLEY TWP 2,U.S. Senate,,DEM,Robert P Casey Jr,57,26,0,31
Beaver,NORTH SEWICKLEY TWP 2,U.S. Senate,,DEM,William Parker,11,5,0,6
Beaver,NORTH SEWICKLEY TWP 2,U.S. Senate,,DEM,Write-In Totals,6,6,0,0
Beaver,NORTH SEWICKLEY TWP 2,U.S. Senate,,DEM,Not Assigned,6,6,0,0
Beaver,NORTH SEWICKLEY TWP 2,U.S. House,17,DEM,Chris Deluzio,69,34,0,35
Beaver,NORTH SEWICKLEY TWP 2,U.S. House,17,DEM,Write-In Totals,2,2,0,0
Beaver,NORTH SEWICKLEY TWP 2,U.S. House,17,DEM,Not Assigned,2,2,0,0
Beaver,NORTH SEWICKLEY TWP 2,State Senate,47,DEM,Write-In: Kate Lennen,9,6,0,3
Beaver,NORTH SEWICKLEY TWP 2,State Senate,47,DEM,Write-In: Elder Vogel Jr.,6,3,0,3
Beaver,NORTH SEWICKLEY TWP 2,State Senate,47,DEM,Write-In: Scattered,1,1,0,0
Beaver,NORTH SEWICKLEY TWP 2,State Senate,47,DEM,Write-In Totals,16,10,0,6
Beaver,NORTH SEWICKLEY TWP 2,State Senate,47,DEM,Not Assigned,0,0,0,0
Beaver,NORTH SEWICKLEY TWP 2,State House,14,DEM,Kenya Johns,67,33,0,34
Beaver,NORTH SEWICKLEY TWP 2,State House,14,DEM,Write-In Totals,2,2,0,0
Beaver,NORTH SEWICKLEY TWP 2,State House,14,DEM,Not Assigned,2,2,0,0
Beaver,NORTH SEWICKLEY TWP 2,DELEGATE TO THE DEMOCRATIC NATIONAL CONVENTION,17,DEM,Lisa M Baldis,61,30,0,31
Beaver,NORTH SEWICKLEY TWP 2,DELEGATE TO THE DEMOCRATIC NATIONAL CONVENTION,17,DEM,Mary Jane Jones-Gilliam,61,29,0,32
Beaver,NORTH SEWICKLEY TWP 2,DELEGATE TO THE DEMOCRATIC NATIONAL CONVENTION,17,DEM,Dwan B Walker,59,29,0,30
Beaver,NORTH SEWICKLEY TWP 2,DELEGATE TO THE DEMOCRATIC NATIONAL CONVENTION,17,DEM,Nancy Werme,59,28,0,31
Beaver,NORTH SEWICKLEY TWP 2,DELEGATE TO THE DEMOCRATIC NATIONAL CONVENTION,17,DEM,Arvind Venkat,58,27,0,31
Beaver,NORTH SEWICKLEY TWP 2,DELEGATE TO THE DEMOCRATIC NATIONAL CONVENTION,17,DEM,Kaylee Werner,58,27,0,31
Beaver,NORTH SEWICKLEY TWP 2,DELEGATE TO THE DEMOCRATIC NATIONAL CONVENTION,17,DEM,Kevin Kinross,57,27,0,30
Beaver,NORTH SEWICKLEY TWP 2,DELEGATE TO THE DEMOCRATIC NATIONAL CONVENTION,17,DEM,Write-In Totals,13,13,0,0
Beaver,NORTH SEWICKLEY TWP 2,DELEGATE TO THE DEMOCRATIC NATIONAL CONVENTION,17,DEM,Not Assigned,13,13,0,0
Beaver,NORTH SEWICKLEY TWP 2,President,,REP,Donald J Trump,122,105,0,17
Beaver,NORTH SEWICKLEY TWP 2,President,,REP,Nikki R Haley,14,12,0,2
Beaver,NORTH SEWICKLEY TWP 2,President,,REP,Write-In Totals,0,0,0,0
Beaver,NORTH SEWICKLEY TWP 2,President,,REP,Not Assigned,0,0,0,0
Beaver,NORTH SEWICKLEY TWP 2,U.S. Senate,,REP,Dave Mccormick,107,89,0,18
Beaver,NORTH SEWICKLEY TWP 2,U.S. Senate,,REP,Joseph J Vodvarka,7,6,0,1
Beaver,NORTH SEWICKLEY TWP 2,U.S. Senate,,REP,Write-In Totals,14,14,0,0
Beaver,NORTH SEWICKLEY TWP 2,U.S. Senate,,REP,Not Assigned,14,14,0,0
Beaver,NORTH SEWICKLEY TWP 2,U.S. House,17,REP,Rob Mercuri,126,109,0,17
Beaver,NORTH SEWICKLEY TWP 2,U.S. House,17,REP,Write-In Totals,1,1,0,0
Beaver,NORTH SEWICKLEY TWP 2,U.S. House,17,REP,Not Assigned,1,1,0,0
Beaver,NORTH SEWICKLEY TWP 2,State Senate,47,REP,Elder Vogel Jr,136,117,0,19
Beaver,NORTH SEWICKLEY TWP 2,State Senate,47,REP,Write-In Totals,0,0,0,0
Beaver,NORTH SEWICKLEY TWP 2,State Senate,47,REP,Not Assigned,0,0,0,0
Beaver,NORTH SEWICKLEY TWP 2,State House,14,REP,Roman Kozak,130,114,0,16
Beaver,NORTH SEWICKLEY TWP 2,State House,14,REP,Write-In Totals,0,0,0,0
Beaver,NORTH SEWICKLEY TWP 2,State House,14,REP,Not Assigned,0,0,0,0
Beaver,NORTH SEWICKLEY TWP 2,DELEGATE TO THE REPUBLICAN NATIONAL CONVENTION,17,REP,Mike Mcmullen,61,55,0,6
Beaver,NORTH SEWICKLEY TWP 2,DELEGATE TO THE REPUBLICAN NATIONAL CONVENTION,17,REP,John Fredericks,53,43,0,10
Beaver,NORTH SEWICKLEY TWP 2,DELEGATE TO THE REPUBLICAN NATIONAL CONVENTION,17,REP,Jack Casey,49,42,0,7
Beaver,NORTH SEWICKLEY TWP 2,DELEGATE TO THE REPUBLICAN NATIONAL CONVENTION,17,REP,Abby Kail,41,35,0,6
Beaver,NORTH SEWICKLEY TWP 2,DELEGATE TO THE REPUBLICAN NATIONAL CONVENTION,17,REP,Bob Howard,41,34,0,7
Beaver,NORTH SEWICKLEY TWP 2,DELEGATE TO THE REPUBLICAN NATIONAL CONVENTION,17,REP,Toni Shuppe,26,20,0,6
Beaver,NORTH SEWICKLEY TWP 2,DELEGATE TO THE REPUBLICAN NATIONAL CONVENTION,17,REP,Veronica S Steinkirchner,22,16,0,6
Beaver,NORTH SEWICKLEY TWP 2,DELEGATE TO THE REPUBLICAN NATIONAL CONVENTION,17,REP,Vincent E Fusca,18,15,0,3
Beaver,NORTH SEWICKLEY TWP 2,DELEGATE TO THE REPUBLICAN NATIONAL CONVENTION,17,REP,Write-In Totals,0,0,0,0
Beaver,NORTH SEWICKLEY TWP 2,DELEGATE TO THE REPUBLICAN NATIONAL CONVENTION,17,REP,Not Assigned,0,0,0,0
Beaver,NORTH SEWICKLEY TWP 2,ALTERNATE DELEGATE TO THE REPUBLICAN NATIONAL CONVENTION,17,REP,Bob Hamilton,80,66,0,14
Beaver,NORTH SEWICKLEY TWP 2,ALTERNATE DELEGATE TO THE REPUBLICAN NATIONAL CONVENTION,17,REP,Mike Mcmullen,75,65,0,10
Beaver,NORTH SEWICKLEY TWP 2,ALTERNATE DELEGATE TO THE REPUBLICAN NATIONAL CONVENTION,17,REP,Christine Mattarochia,60,48,0,12
Beaver,NORTH SEWICKLEY TWP 2,ALTERNATE DELEGATE TO THE REPUBLICAN NATIONAL CONVENTION,17,REP,M J Costello,48,39,0,9
Beaver,NORTH SEWICKLEY TWP 2,ALTERNATE DELEGATE TO THE REPUBLICAN NATIONAL CONVENTION,17,REP,Write-In Totals,0,0,0,0
Beaver,NORTH SEWICKLEY TWP 2,ALTERNATE DELEGATE TO THE REPUBLICAN NATIONAL CONVENTION,17,REP,Not Assigned,0,0,0,0
Beaver,NORTH SEWICKLEY TWP 3,President,,DEM,Joseph R Biden Jr,64,37,0,27
Beaver,NORTH SEWICKLEY TWP 3,President,,DEM,Dean Phillips,19,14,0,5
Beaver,NORTH SEWICKLEY TWP 3,President,,DEM,Write-In Totals,7,6,0,1
Beaver,NORTH SEWICKLEY TWP 3,President,,DEM,Not Assigned,7,6,0,1
Beaver,NORTH SEWICKLEY TWP 3,U.S. Senate,,DEM,Robert P Casey Jr,72,42,0,30
Beaver,NORTH SEWICKLEY TWP 3,U.S. Senate,,DEM,William Parker,18,13,0,5
Beaver,NORTH SEWICKLEY TWP 3,U.S. Senate,,DEM,Write-In Totals,1,1,0,0
Beaver,NORTH SEWICKLEY TWP 3,U.S. Senate,,DEM,Not Assigned,1,1,0,0
Beaver,NORTH SEWICKLEY TWP 3,U.S. House,17,DEM,Chris Deluzio,86,53,0,33
Beaver,NORTH SEWICKLEY TWP 3,U.S. House,17,DEM,Write-In Totals,0,0,0,0
Beaver,NORTH SEWICKLEY TWP 3,U.S. House,17,DEM,Not Assigned,0,0,0,0
Beaver,NORTH SEWICKLEY TWP 3,State Senate,47,DEM,Write-In: Elder Vogel Jr.,13,8,0,5
Beaver,NORTH SEWICKLEY TWP 3,State Senate,47,DEM,Write-In: Scattered,3,1,0,2
Beaver,NORTH SEWICKLEY TWP 3,State Senate,47,DEM,Write-In: Kate Lennen,2,2,0,0
Beaver,NORTH SEWICKLEY TWP 3,State Senate,47,DEM,Write-In Totals,18,11,0,7
Beaver,NORTH SEWICKLEY TWP 3,State Senate,47,DEM,Not Assigned,0,0,0,0
Beaver,NORTH SEWICKLEY TWP 3,State House,14,DEM,Kenya Johns,86,54,0,32
Beaver,NORTH SEWICKLEY TWP 3,State House,14,DEM,Write-In Totals,0,0,0,0
Beaver,NORTH SEWICKLEY TWP 3,State House,14,DEM,Not Assigned,0,0,0,0
Beaver,NORTH SEWICKLEY TWP 3,DELEGATE TO THE DEMOCRATIC NATIONAL CONVENTION,17,DEM,Nancy Werme,70,44,0,26
Beaver,NORTH SEWICKLEY TWP 3,DELEGATE TO THE DEMOCRATIC NATIONAL CONVENTION,17,DEM,Kaylee Werner,69,44,0,25
Beaver,NORTH SEWICKLEY TWP 3,DELEGATE TO THE DEMOCRATIC NATIONAL CONVENTION,17,DEM,Lisa M Baldis,66,42,0,24
Beaver,NORTH SEWICKLEY TWP 3,DELEGATE TO THE DEMOCRATIC NATIONAL CONVENTION,17,DEM,Mary Jane Jones-Gilliam,64,42,0,22
Beaver,NORTH SEWICKLEY TWP 3,DELEGATE TO THE DEMOCRATIC NATIONAL CONVENTION,17,DEM,Dwan B Walker,59,37,0,22
Beaver,NORTH SEWICKLEY TWP 3,DELEGATE TO THE DEMOCRATIC NATIONAL CONVENTION,17,DEM,Arvind Venkat,58,36,0,22
Beaver,NORTH SEWICKLEY TWP 3,DELEGATE TO THE DEMOCRATIC NATIONAL CONVENTION,17,DEM,Kevin Kinross,57,34,0,23
Beaver,NORTH SEWICKLEY TWP 3,DELEGATE TO THE DEMOCRATIC NATIONAL CONVENTION,17,DEM,Write-In Totals,0,0,0,0
Beaver,NORTH SEWICKLEY TWP 3,DELEGATE TO THE DEMOCRATIC NATIONAL CONVENTION,17,DEM,Not Assigned,0,0,0,0
Beaver,NORTH SEWICKLEY TWP 3,President,,REP,Donald J Trump,111,98,0,13
Beaver,NORTH SEWICKLEY TWP 3,President,,REP,Nikki R Haley,14,11,0,3
Beaver,NORTH SEWICKLEY TWP 3,President,,REP,Write-In Totals,0,0,0,0
Beaver,NORTH SEWICKLEY TWP 3,President,,REP,Not Assigned,0,0,0,0
Beaver,NORTH SEWICKLEY TWP 3,U.S. Senate,,REP,Dave Mccormick,104,91,0,13
Beaver,NORTH SEWICKLEY TWP 3,U.S. Senate,,REP,Joseph J Vodvarka,18,15,0,3
Beaver,NORTH SEWICKLEY TWP 3,U.S. Senate,,REP,Write-In Totals,1,0,0,1
Beaver,NORTH SEWICKLEY TWP 3,U.S. Senate,,REP,Not Assigned,1,0,0,1
Beaver,NORTH SEWICKLEY TWP 3,U.S. House,17,REP,Rob Mercuri,107,92,0,15
Beaver,NORTH SEWICKLEY TWP 3,U.S. House,17,REP,Write-In Totals,2,1,0,1
Beaver,NORTH SEWICKLEY TWP 3,U.S. House,17,REP,Not Assigned,2,1,0,1
Beaver,NORTH SEWICKLEY TWP 3,State Senate,47,REP,Elder Vogel Jr,119,104,0,15
Beaver,NORTH SEWICKLEY TWP 3,State Senate,47,REP,Write-In Totals,1,1,0,0
Beaver,NORTH SEWICKLEY TWP 3,State Senate,47,REP,Not Assigned,1,1,0,0
Beaver,NORTH SEWICKLEY TWP 3,State House,14,REP,Roman Kozak,115,100,0,15
Beaver,NORTH SEWICKLEY TWP 3,State House,14,REP,Write-In Totals,1,0,0,1
Beaver,NORTH SEWICKLEY TWP 3,State House,14,REP,Not Assigned,1,0,0,1
Beaver,NORTH SEWICKLEY TWP 3,DELEGATE TO THE REPUBLICAN NATIONAL CONVENTION,17,REP,Abby Kail,45,35,0,10
Beaver,NORTH SEWICKLEY TWP 3,DELEGATE TO THE REPUBLICAN NATIONAL CONVENTION,17,REP,John Fredericks,41,35,0,6
Beaver,NORTH SEWICKLEY TWP 3,DELEGATE TO THE REPUBLICAN NATIONAL CONVENTION,17,REP,Jack Casey,39,32,0,7
Beaver,NORTH SEWICKLEY TWP 3,DELEGATE TO THE REPUBLICAN NATIONAL CONVENTION,17,REP,Mike Mcmullen,37,33,0,4
Beaver,NORTH SEWICKLEY TWP 3,DELEGATE TO THE REPUBLICAN NATIONAL CONVENTION,17,REP,Bob Howard,37,34,0,3
Beaver,NORTH SEWICKLEY TWP 3,DELEGATE TO THE REPUBLICAN NATIONAL CONVENTION,17,REP,Veronica S Steinkirchner,28,26,0,2
Beaver,NORTH SEWICKLEY TWP 3,DELEGATE TO THE REPUBLICAN NATIONAL CONVENTION,17,REP,Toni Shuppe,25,16,0,9
Beaver,NORTH SEWICKLEY TWP 3,DELEGATE TO THE REPUBLICAN NATIONAL CONVENTION,17,REP,Vincent E Fusca,16,16,0,0
Beaver,NORTH SEWICKLEY TWP 3,DELEGATE TO THE REPUBLICAN NATIONAL CONVENTION,17,REP,Write-In Totals,1,1,0,0
Beaver,NORTH SEWICKLEY TWP 3,DELEGATE TO THE REPUBLICAN NATIONAL CONVENTION,17,REP,Not Assigned,1,1,0,0
Beaver,NORTH SEWICKLEY TWP 3,ALTERNATE DELEGATE TO THE REPUBLICAN NATIONAL CONVENTION,17,REP,Bob Hamilton,66,56,0,10
Beaver,NORTH SEWICKLEY TWP 3,ALTERNATE DELEGATE TO THE REPUBLICAN NATIONAL CONVENTION,17,REP,Mike Mcmullen,62,54,0,8
Beaver,NORTH SEWICKLEY TWP 3,ALTERNATE DELEGATE TO THE REPUBLICAN NATIONAL CONVENTION,17,REP,Christine Mattarochia,52,39,0,13
Beaver,NORTH SEWICKLEY TWP 3,ALTERNATE DELEGATE TO THE REPUBLICAN NATIONAL CONVENTION,17,REP,M J Costello,46,37,0,9
Beaver,NORTH SEWICKLEY TWP 3,ALTERNATE DELEGATE TO THE REPUBLICAN NATIONAL CONVENTION,17,REP,Write-In Totals,1,1,0,0
Beaver,NORTH SEWICKLEY TWP 3,ALTERNATE DELEGATE TO THE REPUBLICAN NATIONAL CONVENTION,17,REP,Not Assigned,1,1,0,0
Beaver,NORTH SEWICKLEY TWP 4,President,,DEM,Joseph R Biden Jr,32,14,0,18
Beaver,NORTH SEWICKLEY TWP 4,President,,DEM,Dean Phillips,3,2,0,1
Beaver,NORTH SEWICKLEY TWP 4,President,,DEM,Write-In Totals,5,5,0,0
Beaver,NORTH SEWICKLEY TWP 4,President,,DEM,Not Assigned,5,5,0,0
Beaver,NORTH SEWICKLEY TWP 4,U.S. Senate,,DEM,Robert P Casey Jr,31,15,0,16
Beaver,NORTH SEWICKLEY TWP 4,U.S. Senate,,DEM,William Parker,7,4,0,3
Beaver,NORTH SEWICKLEY TWP 4,U.S. Senate,,DEM,Write-In Totals,4,4,0,0
Beaver,NORTH SEWICKLEY TWP 4,U.S. Senate,,DEM,Not Assigned,4,4,0,0
Beaver,NORTH SEWICKLEY TWP 4,U.S. House,17,DEM,Chris Deluzio,34,17,0,17
Beaver,NORTH SEWICKLEY TWP 4,U.S. House,17,DEM,Write-In Totals,4,4,0,0
Beaver,NORTH SEWICKLEY TWP 4,U.S. House,17,DEM,Not Assigned,4,4,0,0
Beaver,NORTH SEWICKLEY TWP 4,State Senate,47,DEM,Write-In: Scattered,5,2,0,3
Beaver,NORTH SEWICKLEY TWP 4,State Senate,47,DEM,Write-In: Elder Vogel Jr.,3,2,0,1
Beaver,NORTH SEWICKLEY TWP 4,State Senate,47,DEM,Write-In: Kate Lennen,1,1,0,0
Beaver,NORTH SEWICKLEY TWP 4,State Senate,47,DEM,Write-In Totals,9,5,0,4
Beaver,NORTH SEWICKLEY TWP 4,State Senate,47,DEM,Not Assigned,0,0,0,0
Beaver,NORTH SEWICKLEY TWP 4,State House,14,DEM,Kenya Johns,35,17,0,18
Beaver,NORTH SEWICKLEY TWP 4,State House,14,DEM,Write-In Totals,2,2,0,0
Beaver,NORTH SEWICKLEY TWP 4,State House,14,DEM,Not Assigned,2,2,0,0
Beaver,NORTH SEWICKLEY TWP 4,DELEGATE TO THE DEMOCRATIC NATIONAL CONVENTION,17,DEM,Lisa M Baldis,27,10,0,17
Beaver,NORTH SEWICKLEY TWP 4,DELEGATE TO THE DEMOCRATIC NATIONAL CONVENTION,17,DEM,Kevin Kinross,27,11,0,16
Beaver,NORTH SEWICKLEY TWP 4,DELEGATE TO THE DEMOCRATIC NATIONAL CONVENTION,17,DEM,Nancy Werme,27,12,0,15
Beaver,NORTH SEWICKLEY TWP 4,DELEGATE TO THE DEMOCRATIC NATIONAL CONVENTION,17,DEM,Arvind Venkat,26,9,0,17
Beaver,NORTH SEWICKLEY TWP 4,DELEGATE TO THE DEMOCRATIC NATIONAL CONVENTION,17,DEM,Kaylee Werner,25,11,0,14
Beaver,NORTH SEWICKLEY TWP 4,DELEGATE TO THE DEMOCRATIC NATIONAL CONVENTION,17,DEM,Dwan B Walker,25,10,0,15
Beaver,NORTH SEWICKLEY TWP 4,DELEGATE TO THE DEMOCRATIC NATIONAL CONVENTION,17,DEM,Mary Jane Jones-Gilliam,25,10,0,15
Beaver,NORTH SEWICKLEY TWP 4,DELEGATE TO THE DEMOCRATIC NATIONAL CONVENTION,17,DEM,Write-In Totals,3,3,0,0
Beaver,NORTH SEWICKLEY TWP 4,DELEGATE TO THE DEMOCRATIC NATIONAL CONVENTION,17,DEM,Not Assigned,3,3,0,0
Beaver,NORTH SEWICKLEY TWP 4,President,,REP,Donald J Trump,31,25,0,6
Beaver,NORTH SEWICKLEY TWP 4,President,,REP,Nikki R Haley,2,2,0,0
Beaver,NORTH SEWICKLEY TWP 4,President,,REP,Write-In Totals,0,0,0,0
Beaver,NORTH SEWICKLEY TWP 4,President,,REP,Not Assigned,0,0,0,0
Beaver,NORTH SEWICKLEY TWP 4,U.S. Senate,,REP,Dave Mccormick,30,25,0,5
Beaver,NORTH SEWICKLEY TWP 4,U.S. Senate,,REP,Joseph J Vodvarka,2,1,0,1
Beaver,NORTH SEWICKLEY TWP 4,U.S. Senate,,REP,Write-In Totals,0,0,0,0
Beaver,NORTH SEWICKLEY TWP 4,U.S. Senate,,REP,Not Assigned,0,0,0,0
Beaver,NORTH SEWICKLEY TWP 4,U.S. House,17,REP,Rob Mercuri,28,22,0,6
Beaver,NORTH SEWICKLEY TWP 4,U.S. House,17,REP,Write-In Totals,0,0,0,0
Beaver,NORTH SEWICKLEY TWP 4,U.S. House,17,REP,Not Assigned,0,0,0,0
Beaver,NORTH SEWICKLEY TWP 4,State Senate,47,REP,Elder Vogel Jr,32,26,0,6
Beaver,NORTH SEWICKLEY TWP 4,State Senate,47,REP,Write-In Totals,0,0,0,0
Beaver,NORTH SEWICKLEY TWP 4,State Senate,47,REP,Not Assigned,0,0,0,0
Beaver,NORTH SEWICKLEY TWP 4,State House,14,REP,Roman Kozak,30,24,0,6
Beaver,NORTH SEWICKLEY TWP 4,State House,14,REP,Write-In Totals,0,0,0,0
Beaver,NORTH SEWICKLEY TWP 4,State House,14,REP,Not Assigned,0,0,0,0
Beaver,NORTH SEWICKLEY TWP 4,DELEGATE TO THE REPUBLICAN NATIONAL CONVENTION,17,REP,Mike Mcmullen,14,12,0,2
Beaver,NORTH SEWICKLEY TWP 4,DELEGATE TO THE REPUBLICAN NATIONAL CONVENTION,17,REP,Abby Kail,12,10,0,2
Beaver,NORTH SEWICKLEY TWP 4,DELEGATE TO THE REPUBLICAN NATIONAL CONVENTION,17,REP,John Fredericks,12,9,0,3
Beaver,NORTH SEWICKLEY TWP 4,DELEGATE TO THE REPUBLICAN NATIONAL CONVENTION,17,REP,Bob Howard,9,8,0,1
Beaver,NORTH SEWICKLEY TWP 4,DELEGATE TO THE REPUBLICAN NATIONAL CONVENTION,17,REP,Toni Shuppe,7,4,0,3
Beaver,NORTH SEWICKLEY TWP 4,DELEGATE TO THE REPUBLICAN NATIONAL CONVENTION,17,REP,Vincent E Fusca,6,5,0,1
Beaver,NORTH SEWICKLEY TWP 4,DELEGATE TO THE REPUBLICAN NATIONAL CONVENTION,17,REP,Jack Casey,5,5,0,0
Beaver,NORTH SEWICKLEY TWP 4,DELEGATE TO THE REPUBLICAN NATIONAL CONVENTION,17,REP,Veronica S Steinkirchner,4,4,0,0
Beaver,NORTH SEWICKLEY TWP 4,DELEGATE TO THE REPUBLICAN NATIONAL CONVENTION,17,REP,Write-In Totals,0,0,0,0
Beaver,NORTH SEWICKLEY TWP 4,DELEGATE TO THE REPUBLICAN NATIONAL CONVENTION,17,REP,Not Assigned,0,0,0,0
Beaver,NORTH SEWICKLEY TWP 4,ALTERNATE DELEGATE TO THE REPUBLICAN NATIONAL CONVENTION,17,REP,Mike Mcmullen,18,15,0,3
Beaver,NORTH SEWICKLEY TWP 4,ALTERNATE DELEGATE TO THE REPUBLICAN NATIONAL CONVENTION,17,REP,Christine Mattarochia,16,13,0,3
Beaver,NORTH SEWICKLEY TWP 4,ALTERNATE DELEGATE TO THE REPUBLICAN NATIONAL CONVENTION,17,REP,Bob Hamilton,15,10,0,5
Beaver,NORTH SEWICKLEY TWP 4,ALTERNATE DELEGATE TO THE REPUBLICAN NATIONAL CONVENTION,17,REP,M J Costello,12,9,0,3
Beaver,NORTH SEWICKLEY TWP 4,ALTERNATE DELEGATE TO THE REPUBLICAN NATIONAL CONVENTION,17,REP,Write-In Totals,0,0,0,0
Beaver,NORTH SEWICKLEY TWP 4,ALTERNATE DELEGATE TO THE REPUBLICAN NATIONAL CONVENTION,17,REP,Not Assigned,0,0,0,0
Beaver,NORTH SEWICKLEY TWP 5,President,,DEM,Joseph R Biden Jr,73,36,0,37
Beaver,NORTH SEWICKLEY TWP 5,President,,DEM,Dean Phillips,7,5,0,2
Beaver,NORTH SEWICKLEY TWP 5,President,,DEM,Write-In Totals,7,6,0,1
Beaver,NORTH SEWICKLEY TWP 5,President,,DEM,Not Assigned,7,6,0,1
Beaver,NORTH SEWICKLEY TWP 5,U.S. Senate,,DEM,Robert P Casey Jr,72,35,0,37
Beaver,NORTH SEWICKLEY TWP 5,U.S. Senate,,DEM,William Parker,15,12,0,3
Beaver,NORTH SEWICKLEY TWP 5,U.S. Senate,,DEM,Write-In Totals,0,0,0,0
Beaver,NORTH SEWICKLEY TWP 5,U.S. Senate,,DEM,Not Assigned,0,0,0,0
Beaver,NORTH SEWICKLEY TWP 5,U.S. House,17,DEM,Chris Deluzio,85,45,0,40
Beaver,NORTH SEWICKLEY TWP 5,U.S. House,17,DEM,Write-In Totals,0,0,0,0
Beaver,NORTH SEWICKLEY TWP 5,U.S. House,17,DEM,Not Assigned,0,0,0,0
Beaver,NORTH SEWICKLEY TWP 5,State Senate,47,DEM,Write-In: Elder Vogel Jr.,8,6,0,2
Beaver,NORTH SEWICKLEY TWP 5,State Senate,47,DEM,Write-In: Scattered,3,1,0,2
Beaver,NORTH SEWICKLEY TWP 5,State Senate,47,DEM,Write-In: Kate Lennen,2,1,0,1
Beaver,NORTH SEWICKLEY TWP 5,State Senate,47,DEM,Write-In Totals,13,8,0,5
Beaver,NORTH SEWICKLEY TWP 5,State Senate,47,DEM,Not Assigned,0,0,0,0
Beaver,NORTH SEWICKLEY TWP 5,State House,14,DEM,Kenya Johns,83,43,0,40
Beaver,NORTH SEWICKLEY TWP 5,State House,14,DEM,Write-In Totals,0,0,0,0
Beaver,NORTH SEWICKLEY TWP 5,State House,14,DEM,Not Assigned,0,0,0,0
Beaver,NORTH SEWICKLEY TWP 5,DELEGATE TO THE DEMOCRATIC NATIONAL CONVENTION,17,DEM,Nancy Werme,74,37,0,37
Beaver,NORTH SEWICKLEY TWP 5,DELEGATE TO THE DEMOCRATIC NATIONAL CONVENTION,17,DEM,Kaylee Werner,69,34,0,35
Beaver,NORTH SEWICKLEY TWP 5,DELEGATE TO THE DEMOCRATIC NATIONAL CONVENTION,17,DEM,Lisa M Baldis,69,34,0,35
Beaver,NORTH SEWICKLEY TWP 5,DELEGATE TO THE DEMOCRATIC NATIONAL CONVENTION,17,DEM,Mary Jane Jones-Gilliam,69,35,0,34
Beaver,NORTH SEWICKLEY TWP 5,DELEGATE TO THE DEMOCRATIC NATIONAL CONVENTION,17,DEM,Dwan B Walker,66,33,0,33
Beaver,NORTH SEWICKLEY TWP 5,DELEGATE TO THE DEMOCRATIC NATIONAL CONVENTION,17,DEM,Kevin Kinross,65,34,0,31
Beaver,NORTH SEWICKLEY TWP 5,DELEGATE TO THE DEMOCRATIC NATIONAL CONVENTION,17,DEM,Arvind Venkat,64,33,0,31
Beaver,NORTH SEWICKLEY TWP 5,DELEGATE TO THE DEMOCRATIC NATIONAL CONVENTION,17,DEM,Write-In Totals,1,1,0,0
Beaver,NORTH SEWICKLEY TWP 5,DELEGATE TO THE DEMOCRATIC NATIONAL CONVENTION,17,DEM,Not Assigned,1,1,0,0
Beaver,NORTH SEWICKLEY TWP 5,President,,REP,Donald J Trump,109,102,0,7
Beaver,NORTH SEWICKLEY TWP 5,President,,REP,Nikki R Haley,12,8,0,4
Beaver,NORTH SEWICKLEY TWP 5,President,,REP,Write-In Totals,0,0,0,0
Beaver,NORTH SEWICKLEY TWP 5,President,,REP,Not Assigned,0,0,0,0
Beaver,NORTH SEWICKLEY TWP 5,U.S. Senate,,REP,Dave Mccormick,114,103,0,11
Beaver,NORTH SEWICKLEY TWP 5,U.S. Senate,,REP,Joseph J Vodvarka,4,4,0,0
Beaver,NORTH SEWICKLEY TWP 5,U.S. Senate,,REP,Write-In Totals,0,0,0,0
Beaver,NORTH SEWICKLEY TWP 5,U.S. Senate,,REP,Not Assigned,0,0,0,0
Beaver,NORTH SEWICKLEY TWP 5,U.S. House,17,REP,Rob Mercuri,110,100,0,10
Beaver,NORTH SEWICKLEY TWP 5,U.S. House,17,REP,Write-In Totals,0,0,0,0
Beaver,NORTH SEWICKLEY TWP 5,U.S. House,17,REP,Not Assigned,0,0,0,0
Beaver,NORTH SEWICKLEY TWP 5,State Senate,47,REP,Elder Vogel Jr,118,107,0,11
Beaver,NORTH SEWICKLEY TWP 5,State Senate,47,REP,Write-In Totals,0,0,0,0
Beaver,NORTH SEWICKLEY TWP 5,State Senate,47,REP,Not Assigned,0,0,0,0
Beaver,NORTH SEWICKLEY TWP 5,State House,14,REP,Roman Kozak,112,101,0,11
Beaver,NORTH SEWICKLEY TWP 5,State House,14,REP,Write-In Totals,0,0,0,0
Beaver,NORTH SEWICKLEY TWP 5,State House,14,REP,Not Assigned,0,0,0,0
Beaver,NORTH SEWICKLEY TWP 5,DELEGATE TO THE REPUBLICAN NATIONAL CONVENTION,17,REP,Mike Mcmullen,62,55,0,7
Beaver,NORTH SEWICKLEY TWP 5,DELEGATE TO THE REPUBLICAN NATIONAL CONVENTION,17,REP,Abby Kail,49,46,0,3
Beaver,NORTH SEWICKLEY TWP 5,DELEGATE TO THE REPUBLICAN NATIONAL CONVENTION,17,REP,John Fredericks,45,43,0,2
Beaver,NORTH SEWICKLEY TWP 5,DELEGATE TO THE REPUBLICAN NATIONAL CONVENTION,17,REP,Jack Casey,44,38,0,6
Beaver,NORTH SEWICKLEY TWP 5,DELEGATE TO THE REPUBLICAN NATIONAL CONVENTION,17,REP,Veronica S Steinkirchner,32,30,0,2
Beaver,NORTH SEWICKLEY TWP 5,DELEGATE TO THE REPUBLICAN NATIONAL CONVENTION,17,REP,Bob Howard,28,25,0,3
Beaver,NORTH SEWICKLEY TWP 5,DELEGATE TO THE REPUBLICAN NATIONAL CONVENTION,17,REP,Toni Shuppe,23,21,0,2
Beaver,NORTH SEWICKLEY TWP 5,DELEGATE TO THE REPUBLICAN NATIONAL CONVENTION,17,REP,Vincent E Fusca,15,13,0,2
Beaver,NORTH SEWICKLEY TWP 5,DELEGATE TO THE REPUBLICAN NATIONAL CONVENTION,17,REP,Write-In Totals,0,0,0,0
Beaver,NORTH SEWICKLEY TWP 5,DELEGATE TO THE REPUBLICAN NATIONAL CONVENTION,17,REP,Not Assigned,0,0,0,0
Beaver,NORTH SEWICKLEY TWP 5,ALTERNATE DELEGATE TO THE REPUBLICAN NATIONAL CONVENTION,17,REP,Mike Mcmullen,68,63,0,5
Beaver,NORTH SEWICKLEY TWP 5,ALTERNATE DELEGATE TO THE REPUBLICAN NATIONAL CONVENTION,17,REP,Bob Hamilton,63,55,0,8
Beaver,NORTH SEWICKLEY TWP 5,ALTERNATE DELEGATE TO THE REPUBLICAN NATIONAL CONVENTION,17,REP,Christine Mattarochia,57,51,0,6
Beaver,NORTH SEWICKLEY TWP 5,ALTERNATE DELEGATE TO THE REPUBLICAN NATIONAL CONVENTION,17,REP,M J Costello,51,43,0,8
Beaver,NORTH SEWICKLEY TWP 5,ALTERNATE DELEGATE TO THE REPUBLICAN NATIONAL CONVENTION,17,REP,Write-In Totals,0,0,0,0
Beaver,NORTH SEWICKLEY TWP 5,ALTERNATE DELEGATE TO THE REPUBLICAN NATIONAL CONVENTION,17,REP,Not Assigned,0,0,0,0
Beaver,OHIOVILLE BORO 1,President,,DEM,Joseph R Biden Jr,96,41,1,54
Beaver,OHIOVILLE BORO 1,President,,DEM,Dean Phillips,17,14,0,3
Beaver,OHIOVILLE BORO 1,President,,DEM,Write-In Totals,5,4,0,1
Beaver,OHIOVILLE BORO 1,President,,DEM,Not Assigned,5,4,0,1
Beaver,OHIOVILLE BORO 1,U.S. Senate,,DEM,Robert P Casey Jr,101,42,1,58
Beaver,OHIOVILLE BORO 1,U.S. Senate,,DEM,William Parker,18,16,0,2
Beaver,OHIOVILLE BORO 1,U.S. Senate,,DEM,Write-In Totals,1,1,0,0
Beaver,OHIOVILLE BORO 1,U.S. Senate,,DEM,Not Assigned,1,1,0,0
Beaver,OHIOVILLE BORO 1,U.S. House,17,DEM,Chris Deluzio,112,53,1,58
Beaver,OHIOVILLE BORO 1,U.S. House,17,DEM,Write-In Totals,2,2,0,0
Beaver,OHIOVILLE BORO 1,U.S. House,17,DEM,Not Assigned,2,2,0,0
Beaver,OHIOVILLE BORO 1,State Senate,47,DEM,Write-In: Elder Vogel Jr.,11,5,0,6
Beaver,OHIOVILLE BORO 1,State Senate,47,DEM,Write-In: Kate Lennen,5,2,0,3
Beaver,OHIOVILLE BORO 1,State Senate,47,DEM,Write-In: Scattered,4,4,0,0
Beaver,OHIOVILLE BORO 1,State Senate,47,DEM,Write-In Totals,20,11,0,9
Beaver,OHIOVILLE BORO 1,State Senate,47,DEM,Not Assigned,0,0,0,0
Beaver,OHIOVILLE BORO 1,State House,15,DEM,Ashlee Caul,112,55,1,56
Beaver,OHIOVILLE BORO 1,State House,15,DEM,Write-In Totals,1,0,0,1
Beaver,OHIOVILLE BORO 1,State House,15,DEM,Not Assigned,1,0,0,1
Beaver,OHIOVILLE BORO 1,DELEGATE TO THE DEMOCRATIC NATIONAL CONVENTION,17,DEM,Nancy Werme,91,39,1,51
Beaver,OHIOVILLE BORO 1,DELEGATE TO THE DEMOCRATIC NATIONAL CONVENTION,17,DEM,Kaylee Werner,88,38,1,49
Beaver,OHIOVILLE BORO 1,DELEGATE TO THE DEMOCRATIC NATIONAL CONVENTION,17,DEM,Dwan B Walker,82,32,1,49
Beaver,OHIOVILLE BORO 1,DELEGATE TO THE DEMOCRATIC NATIONAL CONVENTION,17,DEM,Lisa M Baldis,81,33,1,47
Beaver,OHIOVILLE BORO 1,DELEGATE TO THE DEMOCRATIC NATIONAL CONVENTION,17,DEM,Mary Jane Jones-Gilliam,80,32,1,47
Beaver,OHIOVILLE BORO 1,DELEGATE TO THE DEMOCRATIC NATIONAL CONVENTION,17,DEM,Arvind Venkat,78,28,1,49
Beaver,OHIOVILLE BORO 1,DELEGATE TO THE DEMOCRATIC NATIONAL CONVENTION,17,DEM,Kevin Kinross,75,30,1,44
Beaver,OHIOVILLE BORO 1,DELEGATE TO THE DEMOCRATIC NATIONAL CONVENTION,17,DEM,Write-In Totals,0,0,0,0
Beaver,OHIOVILLE BORO 1,DELEGATE TO THE DEMOCRATIC NATIONAL CONVENTION,17,DEM,Not Assigned,0,0,0,0
Beaver,OHIOVILLE BORO 1,President,,REP,Donald J Trump,163,152,0,11
Beaver,OHIOVILLE BORO 1,President,,REP,Nikki R Haley,18,13,0,5
Beaver,OHIOVILLE BORO 1,President,,REP,Write-In Totals,2,2,0,0
Beaver,OHIOVILLE BORO 1,President,,REP,Not Assigned,2,2,0,0
Beaver,OHIOVILLE BORO 1,U.S. Senate,,REP,Dave Mccormick,158,144,0,14
Beaver,OHIOVILLE BORO 1,U.S. Senate,,REP,Joseph J Vodvarka,16,14,0,2
Beaver,OHIOVILLE BORO 1,U.S. Senate,,REP,Write-In Totals,0,0,0,0
Beaver,OHIOVILLE BORO 1,U.S. Senate,,REP,Not Assigned,0,0,0,0
Beaver,OHIOVILLE BORO 1,U.S. House,17,REP,Rob Mercuri,164,150,0,14
Beaver,OHIOVILLE BORO 1,U.S. House,17,REP,Write-In Totals,1,1,0,0
Beaver,OHIOVILLE BORO 1,U.S. House,17,REP,Not Assigned,1,1,0,0
Beaver,OHIOVILLE BORO 1,State Senate,47,REP,Elder Vogel Jr,176,162,0,14
Beaver,OHIOVILLE BORO 1,State Senate,47,REP,Write-In Totals,1,1,0,0
Beaver,OHIOVILLE BORO 1,State Senate,47,REP,Not Assigned,1,1,0,0
Beaver,OHIOVILLE BORO 1,State House,15,REP,Joshua D Kail,176,161,0,15
Beaver,OHIOVILLE BORO 1,State House,15,REP,Write-In Totals,2,2,0,0
Beaver,OHIOVILLE BORO 1,State House,15,REP,Not Assigned,2,2,0,0
Beaver,OHIOVILLE BORO 1,DELEGATE TO THE REPUBLICAN NATIONAL CONVENTION,17,REP,Abby Kail,95,87,0,8
Beaver,OHIOVILLE BORO 1,DELEGATE TO THE REPUBLICAN NATIONAL CONVENTION,17,REP,Mike Mcmullen,82,75,0,7
Beaver,OHIOVILLE BORO 1,DELEGATE TO THE REPUBLICAN NATIONAL CONVENTION,17,REP,John Fredericks,80,74,0,6
Beaver,OHIOVILLE BORO 1,DELEGATE TO THE REPUBLICAN NATIONAL CONVENTION,17,REP,Jack Casey,51,47,0,4
Beaver,OHIOVILLE BORO 1,DELEGATE TO THE REPUBLICAN NATIONAL CONVENTION,17,REP,Bob Howard,37,35,0,2
Beaver,OHIOVILLE BORO 1,DELEGATE TO THE REPUBLICAN NATIONAL CONVENTION,17,REP,Toni Shuppe,36,31,0,5
Beaver,OHIOVILLE BORO 1,DELEGATE TO THE REPUBLICAN NATIONAL CONVENTION,17,REP,Veronica S Steinkirchner,32,27,0,5
Beaver,OHIOVILLE BORO 1,DELEGATE TO THE REPUBLICAN NATIONAL CONVENTION,17,REP,Vincent E Fusca,15,14,0,1
Beaver,OHIOVILLE BORO 1,DELEGATE TO THE REPUBLICAN NATIONAL CONVENTION,17,REP,Write-In Totals,0,0,0,0
Beaver,OHIOVILLE BORO 1,DELEGATE TO THE REPUBLICAN NATIONAL CONVENTION,17,REP,Not Assigned,0,0,0,0
Beaver,OHIOVILLE BORO 1,ALTERNATE DELEGATE TO THE REPUBLICAN NATIONAL CONVENTION,17,REP,Mike Mcmullen,103,94,0,9
Beaver,OHIOVILLE BORO 1,ALTERNATE DELEGATE TO THE REPUBLICAN NATIONAL CONVENTION,17,REP,Bob Hamilton,92,80,0,12
Beaver,OHIOVILLE BORO 1,ALTERNATE DELEGATE TO THE REPUBLICAN NATIONAL CONVENTION,17,REP,Christine Mattarochia,74,67,0,7
Beaver,OHIOVILLE BORO 1,ALTERNATE DELEGATE TO THE REPUBLICAN NATIONAL CONVENTION,17,REP,M J Costello,69,60,0,9
Beaver,OHIOVILLE BORO 1,ALTERNATE DELEGATE TO THE REPUBLICAN NATIONAL CONVENTION,17,REP,Write-In Totals,0,0,0,0
Beaver,OHIOVILLE BORO 1,ALTERNATE DELEGATE TO THE REPUBLICAN NATIONAL CONVENTION,17,REP,Not Assigned,0,0,0,0
Beaver,OHIOVILLE BORO 2,President,,DEM,Joseph R Biden Jr,108,48,0,60
Beaver,OHIOVILLE BORO 2,President,,DEM,Dean Phillips,15,9,0,6
Beaver,OHIOVILLE BORO 2,President,,DEM,Write-In Totals,13,11,0,2
Beaver,OHIOVILLE BORO 2,President,,DEM,Not Assigned,13,11,0,2
Beaver,OHIOVILLE BORO 2,U.S. Senate,,DEM,Robert P Casey Jr,107,48,0,59
Beaver,OHIOVILLE BORO 2,U.S. Senate,,DEM,William Parker,18,13,0,5
Beaver,OHIOVILLE BORO 2,U.S. Senate,,DEM,Write-In Totals,7,6,0,1
Beaver,OHIOVILLE BORO 2,U.S. Senate,,DEM,Not Assigned,7,6,0,1
Beaver,OHIOVILLE BORO 2,U.S. House,17,DEM,Chris Deluzio,124,62,0,62
Beaver,OHIOVILLE BORO 2,U.S. House,17,DEM,Write-In Totals,3,2,0,1
Beaver,OHIOVILLE BORO 2,U.S. House,17,DEM,Not Assigned,3,2,0,1
Beaver,OHIOVILLE BORO 2,State Senate,47,DEM,Write-In: Kate Lennen,13,7,0,6
Beaver,OHIOVILLE BORO 2,State Senate,47,DEM,Write-In: Elder Vogel Jr.,10,6,0,4
Beaver,OHIOVILLE BORO 2,State Senate,47,DEM,Write-In: Scattered,8,6,0,2
Beaver,OHIOVILLE BORO 2,State Senate,47,DEM,Write-In Totals,31,19,0,12
Beaver,OHIOVILLE BORO 2,State Senate,47,DEM,Not Assigned,0,0,0,0
Beaver,OHIOVILLE BORO 2,State House,15,DEM,Ashlee Caul,122,60,0,62
Beaver,OHIOVILLE BORO 2,State House,15,DEM,Write-In Totals,5,4,0,1
Beaver,OHIOVILLE BORO 2,State House,15,DEM,Not Assigned,5,4,0,1
Beaver,OHIOVILLE BORO 2,DELEGATE TO THE DEMOCRATIC NATIONAL CONVENTION,17,DEM,Nancy Werme,103,47,0,56
Beaver,OHIOVILLE BORO 2,DELEGATE TO THE DEMOCRATIC NATIONAL CONVENTION,17,DEM,Kaylee Werner,96,41,0,55
Beaver,OHIOVILLE BORO 2,DELEGATE TO THE DEMOCRATIC NATIONAL CONVENTION,17,DEM,Lisa M Baldis,85,36,0,49
Beaver,OHIOVILLE BORO 2,DELEGATE TO THE DEMOCRATIC NATIONAL CONVENTION,17,DEM,Mary Jane Jones-Gilliam,85,39,0,46
Beaver,OHIOVILLE BORO 2,DELEGATE TO THE DEMOCRATIC NATIONAL CONVENTION,17,DEM,Dwan B Walker,82,34,0,48
Beaver,OHIOVILLE BORO 2,DELEGATE TO THE DEMOCRATIC NATIONAL CONVENTION,17,DEM,Kevin Kinross,82,38,0,44
Beaver,OHIOVILLE BORO 2,DELEGATE TO THE DEMOCRATIC NATIONAL CONVENTION,17,DEM,Arvind Venkat,79,33,0,46
Beaver,OHIOVILLE BORO 2,DELEGATE TO THE DEMOCRATIC NATIONAL CONVENTION,17,DEM,Write-In Totals,14,13,0,1
Beaver,OHIOVILLE BORO 2,DELEGATE TO THE DEMOCRATIC NATIONAL CONVENTION,17,DEM,Not Assigned,14,13,0,1
Beaver,OHIOVILLE BORO 2,President,,REP,Donald J Trump,149,142,0,7
Beaver,OHIOVILLE BORO 2,President,,REP,Nikki R Haley,8,7,0,1
Beaver,OHIOVILLE BORO 2,President,,REP,Write-In Totals,2,2,0,0
Beaver,OHIOVILLE BORO 2,President,,REP,Not Assigned,2,2,0,0
Beaver,OHIOVILLE BORO 2,U.S. Senate,,REP,Dave Mccormick,140,132,0,8
Beaver,OHIOVILLE BORO 2,U.S. Senate,,REP,Joseph J Vodvarka,8,8,0,0
Beaver,OHIOVILLE BORO 2,U.S. Senate,,REP,Write-In Totals,1,1,0,0
Beaver,OHIOVILLE BORO 2,U.S. Senate,,REP,Not Assigned,1,1,0,0
Beaver,OHIOVILLE BORO 2,U.S. House,17,REP,Rob Mercuri,140,132,0,8
Beaver,OHIOVILLE BORO 2,U.S. House,17,REP,Write-In Totals,0,0,0,0
Beaver,OHIOVILLE BORO 2,U.S. House,17,REP,Not Assigned,0,0,0,0
Beaver,OHIOVILLE BORO 2,State Senate,47,REP,Elder Vogel Jr,152,143,0,9
Beaver,OHIOVILLE BORO 2,State Senate,47,REP,Write-In Totals,0,0,0,0
Beaver,OHIOVILLE BORO 2,State Senate,47,REP,Not Assigned,0,0,0,0
Beaver,OHIOVILLE BORO 2,State House,15,REP,Joshua D Kail,151,142,0,9
Beaver,OHIOVILLE BORO 2,State House,15,REP,Write-In Totals,0,0,0,0
Beaver,OHIOVILLE BORO 2,State House,15,REP,Not Assigned,0,0,0,0
Beaver,OHIOVILLE BORO 2,DELEGATE TO THE REPUBLICAN NATIONAL CONVENTION,17,REP,Abby Kail,79,77,0,2
Beaver,OHIOVILLE BORO 2,DELEGATE TO THE REPUBLICAN NATIONAL CONVENTION,17,REP,John Fredericks,72,67,0,5
Beaver,OHIOVILLE BORO 2,DELEGATE TO THE REPUBLICAN NATIONAL CONVENTION,17,REP,Mike Mcmullen,55,52,0,3
Beaver,OHIOVILLE BORO 2,DELEGATE TO THE REPUBLICAN NATIONAL CONVENTION,17,REP,Jack Casey,44,43,0,1
Beaver,OHIOVILLE BORO 2,DELEGATE TO THE REPUBLICAN NATIONAL CONVENTION,17,REP,Bob Howard,37,35,0,2
Beaver,OHIOVILLE BORO 2,DELEGATE TO THE REPUBLICAN NATIONAL CONVENTION,17,REP,Toni Shuppe,25,20,0,5
Beaver,OHIOVILLE BORO 2,DELEGATE TO THE REPUBLICAN NATIONAL CONVENTION,17,REP,Veronica S Steinkirchner,25,23,0,2
Beaver,OHIOVILLE BORO 2,DELEGATE TO THE REPUBLICAN NATIONAL CONVENTION,17,REP,Vincent E Fusca,16,16,0,0
Beaver,OHIOVILLE BORO 2,DELEGATE TO THE REPUBLICAN NATIONAL CONVENTION,17,REP,Write-In Totals,3,3,0,0
Beaver,OHIOVILLE BORO 2,DELEGATE TO THE REPUBLICAN NATIONAL CONVENTION,17,REP,Not Assigned,3,3,0,0
Beaver,OHIOVILLE BORO 2,ALTERNATE DELEGATE TO THE REPUBLICAN NATIONAL CONVENTION,17,REP,Mike Mcmullen,89,85,0,4
Beaver,OHIOVILLE BORO 2,ALTERNATE DELEGATE TO THE REPUBLICAN NATIONAL CONVENTION,17,REP,Bob Hamilton,75,69,0,6
Beaver,OHIOVILLE BORO 2,ALTERNATE DELEGATE TO THE REPUBLICAN NATIONAL CONVENTION,17,REP,M J Costello,62,56,0,6
Beaver,OHIOVILLE BORO 2,ALTERNATE DELEGATE TO THE REPUBLICAN NATIONAL CONVENTION,17,REP,Christine Mattarochia,56,50,0,6
Beaver,OHIOVILLE BORO 2,ALTERNATE DELEGATE TO THE REPUBLICAN NATIONAL CONVENTION,17,REP,Write-In Totals,0,0,0,0
Beaver,OHIOVILLE BORO 2,ALTERNATE DELEGATE TO THE REPUBLICAN NATIONAL CONVENTION,17,REP,Not Assigned,0,0,0,0
Beaver,PATTERSON HEIGHTS BORO,President,,DEM,Joseph R Biden Jr,44,24,0,20
Beaver,PATTERSON HEIGHTS BORO,President,,DEM,Dean Phillips,7,5,0,2
Beaver,PATTERSON HEIGHTS BORO,President,,DEM,Write-In Totals,3,2,0,1
Beaver,PATTERSON HEIGHTS BORO,President,,DEM,Not Assigned,3,2,0,1
Beaver,PATTERSON HEIGHTS BORO,U.S. Senate,,DEM,Robert P Casey Jr,41,21,0,20
Beaver,PATTERSON HEIGHTS BORO,U.S. Senate,,DEM,William Parker,13,9,0,4
Beaver,PATTERSON HEIGHTS BORO,U.S. Senate,,DEM,Write-In Totals,2,2,0,0
Beaver,PATTERSON HEIGHTS BORO,U.S. Senate,,DEM,Not Assigned,2,2,0,0
Beaver,PATTERSON HEIGHTS BORO,U.S. House,17,DEM,Chris Deluzio,54,30,0,24
Beaver,PATTERSON HEIGHTS BORO,U.S. House,17,DEM,Write-In Totals,1,1,0,0
Beaver,PATTERSON HEIGHTS BORO,U.S. House,17,DEM,Not Assigned,1,1,0,0
Beaver,PATTERSON HEIGHTS BORO,State Senate,47,DEM,Write-In: Elder Vogel Jr.,8,5,0,3
Beaver,PATTERSON HEIGHTS BORO,State Senate,47,DEM,Write-In: Kate Lennen,3,2,0,1
Beaver,PATTERSON HEIGHTS BORO,State Senate,47,DEM,Write-In: Scattered,0,0,0,0
Beaver,PATTERSON HEIGHTS BORO,State Senate,47,DEM,Write-In Totals,11,7,0,4
Beaver,PATTERSON HEIGHTS BORO,State Senate,47,DEM,Not Assigned,0,0,0,0
Beaver,PATTERSON HEIGHTS BORO,State House,14,DEM,Kenya Johns,55,31,0,24
Beaver,PATTERSON HEIGHTS BORO,State House,14,DEM,Write-In Totals,0,0,0,0
Beaver,PATTERSON HEIGHTS BORO,State House,14,DEM,Not Assigned,0,0,0,0
Beaver,PATTERSON HEIGHTS BORO,DELEGATE TO THE DEMOCRATIC NATIONAL CONVENTION,17,DEM,Mary Jane Jones-Gilliam,47,26,0,21
Beaver,PATTERSON HEIGHTS BORO,DELEGATE TO THE DEMOCRATIC NATIONAL CONVENTION,17,DEM,Nancy Werme,47,25,0,22
Beaver,PATTERSON HEIGHTS BORO,DELEGATE TO THE DEMOCRATIC NATIONAL CONVENTION,17,DEM,Kaylee Werner,46,25,0,21
Beaver,PATTERSON HEIGHTS BORO,DELEGATE TO THE DEMOCRATIC NATIONAL CONVENTION,17,DEM,Dwan B Walker,45,23,0,22
Beaver,PATTERSON HEIGHTS BORO,DELEGATE TO THE DEMOCRATIC NATIONAL CONVENTION,17,DEM,Kevin Kinross,44,22,0,22
Beaver,PATTERSON HEIGHTS BORO,DELEGATE TO THE DEMOCRATIC NATIONAL CONVENTION,17,DEM,Arvind Venkat,43,21,0,22
Beaver,PATTERSON HEIGHTS BORO,DELEGATE TO THE DEMOCRATIC NATIONAL CONVENTION,17,DEM,Lisa M Baldis,43,22,0,21
Beaver,PATTERSON HEIGHTS BORO,DELEGATE TO THE DEMOCRATIC NATIONAL CONVENTION,17,DEM,Write-In Totals,0,0,0,0
Beaver,PATTERSON HEIGHTS BORO,DELEGATE TO THE DEMOCRATIC NATIONAL CONVENTION,17,DEM,Not Assigned,0,0,0,0
Beaver,PATTERSON HEIGHTS BORO,President,,REP,Donald J Trump,60,55,0,5
Beaver,PATTERSON HEIGHTS BORO,President,,REP,Nikki R Haley,5,4,0,1
Beaver,PATTERSON HEIGHTS BORO,President,,REP,Write-In Totals,3,2,0,1
Beaver,PATTERSON HEIGHTS BORO,President,,REP,Not Assigned,3,2,0,1
Beaver,PATTERSON HEIGHTS BORO,U.S. Senate,,REP,Dave Mccormick,59,51,0,8
Beaver,PATTERSON HEIGHTS BORO,U.S. Senate,,REP,Joseph J Vodvarka,8,8,0,0
Beaver,PATTERSON HEIGHTS BORO,U.S. Senate,,REP,Write-In Totals,0,0,0,0
Beaver,PATTERSON HEIGHTS BORO,U.S. Senate,,REP,Not Assigned,0,0,0,0
Beaver,PATTERSON HEIGHTS BORO,U.S. House,17,REP,Rob Mercuri,64,56,0,8
Beaver,PATTERSON HEIGHTS BORO,U.S. House,17,REP,Write-In Totals,0,0,0,0
Beaver,PATTERSON HEIGHTS BORO,U.S. House,17,REP,Not Assigned,0,0,0,0
Beaver,PATTERSON HEIGHTS BORO,State Senate,47,REP,Elder Vogel Jr,69,61,0,8
Beaver,PATTERSON HEIGHTS BORO,State Senate,47,REP,Write-In Totals,0,0,0,0
Beaver,PATTERSON HEIGHTS BORO,State Senate,47,REP,Not Assigned,0,0,0,0
Beaver,PATTERSON HEIGHTS BORO,State House,14,REP,Roman Kozak,70,62,0,8
Beaver,PATTERSON HEIGHTS BORO,State House,14,REP,Write-In Totals,0,0,0,0
Beaver,PATTERSON HEIGHTS BORO,State House,14,REP,Not Assigned,0,0,0,0
Beaver,PATTERSON HEIGHTS BORO,DELEGATE TO THE REPUBLICAN NATIONAL CONVENTION,17,REP,Mike Mcmullen,36,30,0,6
Beaver,PATTERSON HEIGHTS BORO,DELEGATE TO THE REPUBLICAN NATIONAL CONVENTION,17,REP,Jack Casey,26,24,0,2
Beaver,PATTERSON HEIGHTS BORO,DELEGATE TO THE REPUBLICAN NATIONAL CONVENTION,17,REP,Abby Kail,24,20,0,4
Beaver,PATTERSON HEIGHTS BORO,DELEGATE TO THE REPUBLICAN NATIONAL CONVENTION,17,REP,John Fredericks,22,20,0,2
Beaver,PATTERSON HEIGHTS BORO,DELEGATE TO THE REPUBLICAN NATIONAL CONVENTION,17,REP,Veronica S Steinkirchner,15,14,0,1
Beaver,PATTERSON HEIGHTS BORO,DELEGATE TO THE REPUBLICAN NATIONAL CONVENTION,17,REP,Bob Howard,12,12,0,0
Beaver,PATTERSON HEIGHTS BORO,DELEGATE TO THE REPUBLICAN NATIONAL CONVENTION,17,REP,Vincent E Fusca,11,11,0,0
Beaver,PATTERSON HEIGHTS BORO,DELEGATE TO THE REPUBLICAN NATIONAL CONVENTION,17,REP,Toni Shuppe,10,8,0,2
Beaver,PATTERSON HEIGHTS BORO,DELEGATE TO THE REPUBLICAN NATIONAL CONVENTION,17,REP,Write-In Totals,0,0,0,0
Beaver,PATTERSON HEIGHTS BORO,DELEGATE TO THE REPUBLICAN NATIONAL CONVENTION,17,REP,Not Assigned,0,0,0,0
Beaver,PATTERSON HEIGHTS BORO,ALTERNATE DELEGATE TO THE REPUBLICAN NATIONAL CONVENTION,17,REP,Mike Mcmullen,46,41,0,5
Beaver,PATTERSON HEIGHTS BORO,ALTERNATE DELEGATE TO THE REPUBLICAN NATIONAL CONVENTION,17,REP,Christine Mattarochia,30,27,0,3
Beaver,PATTERSON HEIGHTS BORO,ALTERNATE DELEGATE TO THE REPUBLICAN NATIONAL CONVENTION,17,REP,Bob Hamilton,28,24,0,4
Beaver,PATTERSON HEIGHTS BORO,ALTERNATE DELEGATE TO THE REPUBLICAN NATIONAL CONVENTION,17,REP,M J Costello,28,25,0,3
Beaver,PATTERSON HEIGHTS BORO,ALTERNATE DELEGATE TO THE REPUBLICAN NATIONAL CONVENTION,17,REP,Write-In Totals,0,0,0,0
Beaver,PATTERSON HEIGHTS BORO,ALTERNATE DELEGATE TO THE REPUBLICAN NATIONAL CONVENTION,17,REP,Not Assigned,0,0,0,0
Beaver,PATTERSON TWP 1,President,,DEM,Joseph R Biden Jr,93,62,1,30
Beaver,PATTERSON TWP 1,President,,DEM,Dean Phillips,15,10,0,5
Beaver,PATTERSON TWP 1,President,,DEM,Write-In Totals,10,6,0,4
Beaver,PATTERSON TWP 1,President,,DEM,Not Assigned,10,6,0,4
Beaver,PATTERSON TWP 1,U.S. Senate,,DEM,Robert P Casey Jr,96,66,1,29
Beaver,PATTERSON TWP 1,U.S. Senate,,DEM,William Parker,12,4,0,8
Beaver,PATTERSON TWP 1,U.S. Senate,,DEM,Write-In Totals,4,3,0,1
Beaver,PATTERSON TWP 1,U.S. Senate,,DEM,Not Assigned,4,3,0,1
Beaver,PATTERSON TWP 1,U.S. House,17,DEM,Chris Deluzio,113,74,1,38
Beaver,PATTERSON TWP 1,U.S. House,17,DEM,Write-In Totals,1,1,0,0
Beaver,PATTERSON TWP 1,U.S. House,17,DEM,Not Assigned,1,1,0,0
Beaver,PATTERSON TWP 1,State Senate,47,DEM,Write-In: Kate Lennen,8,6,0,2
Beaver,PATTERSON TWP 1,State Senate,47,DEM,Write-In: Elder Vogel Jr.,7,4,0,3
Beaver,PATTERSON TWP 1,State Senate,47,DEM,Write-In: Scattered,4,3,0,1
Beaver,PATTERSON TWP 1,State Senate,47,DEM,Write-In Totals,19,13,0,6
Beaver,PATTERSON TWP 1,State Senate,47,DEM,Not Assigned,0,0,0,0
Beaver,PATTERSON TWP 1,State House,14,DEM,Kenya Johns,111,73,1,37
Beaver,PATTERSON TWP 1,State House,14,DEM,Write-In Totals,2,1,0,1
Beaver,PATTERSON TWP 1,State House,14,DEM,Not Assigned,2,1,0,1
Beaver,PATTERSON TWP 1,DELEGATE TO THE DEMOCRATIC NATIONAL CONVENTION,17,DEM,Nancy Werme,89,56,1,32
Beaver,PATTERSON TWP 1,DELEGATE TO THE DEMOCRATIC NATIONAL CONVENTION,17,DEM,Lisa M Baldis,86,54,1,31
Beaver,PATTERSON TWP 1,DELEGATE TO THE DEMOCRATIC NATIONAL CONVENTION,17,DEM,Kaylee Werner,85,53,1,31
Beaver,PATTERSON TWP 1,DELEGATE TO THE DEMOCRATIC NATIONAL CONVENTION,17,DEM,Mary Jane Jones-Gilliam,82,53,1,28
Beaver,PATTERSON TWP 1,DELEGATE TO THE DEMOCRATIC NATIONAL CONVENTION,17,DEM,Dwan B Walker,79,50,1,28
Beaver,PATTERSON TWP 1,DELEGATE TO THE DEMOCRATIC NATIONAL CONVENTION,17,DEM,Kevin Kinross,79,50,1,28
Beaver,PATTERSON TWP 1,DELEGATE TO THE DEMOCRATIC NATIONAL CONVENTION,17,DEM,Arvind Venkat,78,47,1,30
Beaver,PATTERSON TWP 1,DELEGATE TO THE DEMOCRATIC NATIONAL CONVENTION,17,DEM,Write-In Totals,5,0,0,5
Beaver,PATTERSON TWP 1,DELEGATE TO THE DEMOCRATIC NATIONAL CONVENTION,17,DEM,Not Assigned,5,0,0,5
Beaver,PATTERSON TWP 1,President,,REP,Donald J Trump,110,103,0,7
Beaver,PATTERSON TWP 1,President,,REP,Nikki R Haley,21,16,0,5
Beaver,PATTERSON TWP 1,President,,REP,Write-In Totals,1,0,0,1
Beaver,PATTERSON TWP 1,President,,REP,Not Assigned,1,0,0,1
Beaver,PATTERSON TWP 1,U.S. Senate,,REP,Dave Mccormick,117,107,0,10
Beaver,PATTERSON TWP 1,U.S. Senate,,REP,Joseph J Vodvarka,4,3,0,1
Beaver,PATTERSON TWP 1,U.S. Senate,,REP,Write-In Totals,2,1,0,1
Beaver,PATTERSON TWP 1,U.S. Senate,,REP,Not Assigned,2,1,0,1
Beaver,PATTERSON TWP 1,U.S. House,17,REP,Rob Mercuri,115,105,0,10
Beaver,PATTERSON TWP 1,U.S. House,17,REP,Write-In Totals,1,0,0,1
Beaver,PATTERSON TWP 1,U.S. House,17,REP,Not Assigned,1,0,0,1
Beaver,PATTERSON TWP 1,State Senate,47,REP,Elder Vogel Jr,128,117,0,11
Beaver,PATTERSON TWP 1,State Senate,47,REP,Write-In Totals,1,0,0,1
Beaver,PATTERSON TWP 1,State Senate,47,REP,Not Assigned,1,0,0,1
Beaver,PATTERSON TWP 1,State House,14,REP,Roman Kozak,122,111,0,11
Beaver,PATTERSON TWP 1,State House,14,REP,Write-In Totals,1,0,0,1
Beaver,PATTERSON TWP 1,State House,14,REP,Not Assigned,1,0,0,1
Beaver,PATTERSON TWP 1,DELEGATE TO THE REPUBLICAN NATIONAL CONVENTION,17,REP,Mike Mcmullen,60,55,0,5
Beaver,PATTERSON TWP 1,DELEGATE TO THE REPUBLICAN NATIONAL CONVENTION,17,REP,Abby Kail,60,54,0,6
Beaver,PATTERSON TWP 1,DELEGATE TO THE REPUBLICAN NATIONAL CONVENTION,17,REP,John Fredericks,50,44,0,6
Beaver,PATTERSON TWP 1,DELEGATE TO THE REPUBLICAN NATIONAL CONVENTION,17,REP,Jack Casey,38,33,0,5
Beaver,PATTERSON TWP 1,DELEGATE TO THE REPUBLICAN NATIONAL CONVENTION,17,REP,Toni Shuppe,33,30,0,3
Beaver,PATTERSON TWP 1,DELEGATE TO THE REPUBLICAN NATIONAL CONVENTION,17,REP,Veronica S Steinkirchner,31,31,0,0
Beaver,PATTERSON TWP 1,DELEGATE TO THE REPUBLICAN NATIONAL CONVENTION,17,REP,Bob Howard,23,21,0,2
Beaver,PATTERSON TWP 1,DELEGATE TO THE REPUBLICAN NATIONAL CONVENTION,17,REP,Vincent E Fusca,16,15,0,1
Beaver,PATTERSON TWP 1,DELEGATE TO THE REPUBLICAN NATIONAL CONVENTION,17,REP,Write-In Totals,0,0,0,0
Beaver,PATTERSON TWP 1,DELEGATE TO THE REPUBLICAN NATIONAL CONVENTION,17,REP,Not Assigned,0,0,0,0
Beaver,PATTERSON TWP 1,ALTERNATE DELEGATE TO THE REPUBLICAN NATIONAL CONVENTION,17,REP,Mike Mcmullen,69,63,0,6
Beaver,PATTERSON TWP 1,ALTERNATE DELEGATE TO THE REPUBLICAN NATIONAL CONVENTION,17,REP,Christine Mattarochia,63,58,0,5
Beaver,PATTERSON TWP 1,ALTERNATE DELEGATE TO THE REPUBLICAN NATIONAL CONVENTION,17,REP,Bob Hamilton,60,54,0,6
Beaver,PATTERSON TWP 1,ALTERNATE DELEGATE TO THE REPUBLICAN NATIONAL CONVENTION,17,REP,M J Costello,40,35,0,5
Beaver,PATTERSON TWP 1,ALTERNATE DELEGATE TO THE REPUBLICAN NATIONAL CONVENTION,17,REP,Write-In Totals,0,0,0,0
Beaver,PATTERSON TWP 1,ALTERNATE DELEGATE TO THE REPUBLICAN NATIONAL CONVENTION,17,REP,Not Assigned,0,0,0,0
Beaver,PATTERSON TWP 2,President,,DEM,Joseph R Biden Jr,75,45,0,30
Beaver,PATTERSON TWP 2,President,,DEM,Dean Phillips,7,5,0,2
Beaver,PATTERSON TWP 2,President,,DEM,Write-In Totals,5,5,0,0
Beaver,PATTERSON TWP 2,President,,DEM,Not Assigned,5,5,0,0
Beaver,PATTERSON TWP 2,U.S. Senate,,DEM,Robert P Casey Jr,70,43,0,27
Beaver,PATTERSON TWP 2,U.S. Senate,,DEM,William Parker,16,13,0,3
Beaver,PATTERSON TWP 2,U.S. Senate,,DEM,Write-In Totals,2,1,0,1
Beaver,PATTERSON TWP 2,U.S. Senate,,DEM,Not Assigned,2,1,0,1
Beaver,PATTERSON TWP 2,U.S. House,17,DEM,Chris Deluzio,84,52,0,32
Beaver,PATTERSON TWP 2,U.S. House,17,DEM,Write-In Totals,3,3,0,0
Beaver,PATTERSON TWP 2,U.S. House,17,DEM,Not Assigned,3,3,0,0
Beaver,PATTERSON TWP 2,State Senate,47,DEM,Write-In: Elder Vogel Jr.,5,3,0,2
Beaver,PATTERSON TWP 2,State Senate,47,DEM,Write-In: Kate Lennen,3,1,0,2
Beaver,PATTERSON TWP 2,State Senate,47,DEM,Write-In: Scattered,1,1,0,0
Beaver,PATTERSON TWP 2,State Senate,47,DEM,Write-In Totals,9,5,0,4
Beaver,PATTERSON TWP 2,State Senate,47,DEM,Not Assigned,0,0,0,0
Beaver,PATTERSON TWP 2,State House,14,DEM,Kenya Johns,82,54,0,28
Beaver,PATTERSON TWP 2,State House,14,DEM,Write-In Totals,1,0,0,1
Beaver,PATTERSON TWP 2,State House,14,DEM,Not Assigned,1,0,0,1
Beaver,PATTERSON TWP 2,DELEGATE TO THE DEMOCRATIC NATIONAL CONVENTION,17,DEM,Kaylee Werner,75,48,0,27
Beaver,PATTERSON TWP 2,DELEGATE TO THE DEMOCRATIC NATIONAL CONVENTION,17,DEM,Nancy Werme,75,47,0,28
Beaver,PATTERSON TWP 2,DELEGATE TO THE DEMOCRATIC NATIONAL CONVENTION,17,DEM,Lisa M Baldis,70,42,0,28
Beaver,PATTERSON TWP 2,DELEGATE TO THE DEMOCRATIC NATIONAL CONVENTION,17,DEM,Dwan B Walker,69,42,0,27
Beaver,PATTERSON TWP 2,DELEGATE TO THE DEMOCRATIC NATIONAL CONVENTION,17,DEM,Mary Jane Jones-Gilliam,69,41,0,28
Beaver,PATTERSON TWP 2,DELEGATE TO THE DEMOCRATIC NATIONAL CONVENTION,17,DEM,Kevin Kinross,69,41,0,28
Beaver,PATTERSON TWP 2,DELEGATE TO THE DEMOCRATIC NATIONAL CONVENTION,17,DEM,Arvind Venkat,66,39,0,27
Beaver,PATTERSON TWP 2,DELEGATE TO THE DEMOCRATIC NATIONAL CONVENTION,17,DEM,Write-In Totals,3,2,0,1
Beaver,PATTERSON TWP 2,DELEGATE TO THE DEMOCRATIC NATIONAL CONVENTION,17,DEM,Not Assigned,3,2,0,1
Beaver,PATTERSON TWP 2,President,,REP,Donald J Trump,100,93,0,7
Beaver,PATTERSON TWP 2,President,,REP,Nikki R Haley,20,16,0,4
Beaver,PATTERSON TWP 2,President,,REP,Write-In Totals,1,1,0,0
Beaver,PATTERSON TWP 2,President,,REP,Not Assigned,1,1,0,0
Beaver,PATTERSON TWP 2,U.S. Senate,,REP,Dave Mccormick,106,96,0,10
Beaver,PATTERSON TWP 2,U.S. Senate,,REP,Joseph J Vodvarka,12,11,0,1
Beaver,PATTERSON TWP 2,U.S. Senate,,REP,Write-In Totals,0,0,0,0
Beaver,PATTERSON TWP 2,U.S. Senate,,REP,Not Assigned,0,0,0,0
Beaver,PATTERSON TWP 2,U.S. House,17,REP,Rob Mercuri,113,103,0,10
Beaver,PATTERSON TWP 2,U.S. House,17,REP,Write-In Totals,0,0,0,0
Beaver,PATTERSON TWP 2,U.S. House,17,REP,Not Assigned,0,0,0,0
Beaver,PATTERSON TWP 2,State Senate,47,REP,Elder Vogel Jr,118,108,0,10
Beaver,PATTERSON TWP 2,State Senate,47,REP,Write-In Totals,2,2,0,0
Beaver,PATTERSON TWP 2,State Senate,47,REP,Not Assigned,2,2,0,0
Beaver,PATTERSON TWP 2,State House,14,REP,Roman Kozak,115,105,0,10
Beaver,PATTERSON TWP 2,State House,14,REP,Write-In Totals,0,0,0,0
Beaver,PATTERSON TWP 2,State House,14,REP,Not Assigned,0,0,0,0
Beaver,PATTERSON TWP 2,DELEGATE TO THE REPUBLICAN NATIONAL CONVENTION,17,REP,Abby Kail,50,42,0,8
Beaver,PATTERSON TWP 2,DELEGATE TO THE REPUBLICAN NATIONAL CONVENTION,17,REP,Mike Mcmullen,44,41,0,3
Beaver,PATTERSON TWP 2,DELEGATE TO THE REPUBLICAN NATIONAL CONVENTION,17,REP,John Fredericks,44,39,0,5
Beaver,PATTERSON TWP 2,DELEGATE TO THE REPUBLICAN NATIONAL CONVENTION,17,REP,Bob Howard,34,33,0,1
Beaver,PATTERSON TWP 2,DELEGATE TO THE REPUBLICAN NATIONAL CONVENTION,17,REP,Jack Casey,30,26,0,4
Beaver,PATTERSON TWP 2,DELEGATE TO THE REPUBLICAN NATIONAL CONVENTION,17,REP,Veronica S Steinkirchner,29,27,0,2
Beaver,PATTERSON TWP 2,DELEGATE TO THE REPUBLICAN NATIONAL CONVENTION,17,REP,Vincent E Fusca,22,21,0,1
Beaver,PATTERSON TWP 2,DELEGATE TO THE REPUBLICAN NATIONAL CONVENTION,17,REP,Toni Shuppe,21,17,0,4
Beaver,PATTERSON TWP 2,DELEGATE TO THE REPUBLICAN NATIONAL CONVENTION,17,REP,Write-In Totals,1,1,0,0
Beaver,PATTERSON TWP 2,DELEGATE TO THE REPUBLICAN NATIONAL CONVENTION,17,REP,Not Assigned,1,1,0,0
Beaver,PATTERSON TWP 2,ALTERNATE DELEGATE TO THE REPUBLICAN NATIONAL CONVENTION,17,REP,Bob Hamilton,66,58,0,8
Beaver,PATTERSON TWP 2,ALTERNATE DELEGATE TO THE REPUBLICAN NATIONAL CONVENTION,17,REP,Christine Mattarochia,65,60,0,5
Beaver,PATTERSON TWP 2,ALTERNATE DELEGATE TO THE REPUBLICAN NATIONAL CONVENTION,17,REP,Mike Mcmullen,59,53,0,6
Beaver,PATTERSON TWP 2,ALTERNATE DELEGATE TO THE REPUBLICAN NATIONAL CONVENTION,17,REP,M J Costello,50,47,0,3
Beaver,PATTERSON TWP 2,ALTERNATE DELEGATE TO THE REPUBLICAN NATIONAL CONVENTION,17,REP,Write-In Totals,2,2,0,0
Beaver,PATTERSON TWP 2,ALTERNATE DELEGATE TO THE REPUBLICAN NATIONAL CONVENTION,17,REP,Not Assigned,2,2,0,0
Beaver,POTTER TWP,President,,DEM,Joseph R Biden Jr,40,28,0,12
Beaver,POTTER TWP,President,,DEM,Dean Phillips,10,9,0,1
Beaver,POTTER TWP,President,,DEM,Write-In Totals,6,5,0,1
Beaver,POTTER TWP,President,,DEM,Not Assigned,6,5,0,1
Beaver,POTTER TWP,U.S. Senate,,DEM,Robert P Casey Jr,48,36,0,12
Beaver,POTTER TWP,U.S. Senate,,DEM,William Parker,8,7,0,1
Beaver,POTTER TWP,U.S. Senate,,DEM,Write-In Totals,0,0,0,0
Beaver,POTTER TWP,U.S. Senate,,DEM,Not Assigned,0,0,0,0
Beaver,POTTER TWP,U.S. House,17,DEM,Chris Deluzio,52,38,0,14
Beaver,POTTER TWP,U.S. House,17,DEM,Write-In Totals,0,0,0,0
Beaver,POTTER TWP,U.S. House,17,DEM,Not Assigned,0,0,0,0
Beaver,POTTER TWP,State Senate,47,DEM,Write-In: Elder Vogel Jr.,6,4,0,2
Beaver,POTTER TWP,State Senate,47,DEM,Write-In: Kate Lennen,2,1,0,1
Beaver,POTTER TWP,State Senate,47,DEM,Write-In: Scattered,0,0,0,0
Beaver,POTTER TWP,State Senate,47,DEM,Write-In Totals,8,5,0,3
Beaver,POTTER TWP,State Senate,47,DEM,Not Assigned,0,0,0,0
Beaver,POTTER TWP,State House,15,DEM,Ashlee Caul,51,37,0,14
Beaver,POTTER TWP,State House,15,DEM,Write-In Totals,0,0,0,0
Beaver,POTTER TWP,State House,15,DEM,Not Assigned,0,0,0,0
Beaver,POTTER TWP,DELEGATE TO THE DEMOCRATIC NATIONAL CONVENTION,17,DEM,Nancy Werme,37,26,0,11
Beaver,POTTER TWP,DELEGATE TO THE DEMOCRATIC NATIONAL CONVENTION,17,DEM,Kaylee Werner,32,23,0,9
Beaver,POTTER TWP,DELEGATE TO THE DEMOCRATIC NATIONAL CONVENTION,17,DEM,Dwan B Walker,31,20,0,11
Beaver,POTTER TWP,DELEGATE TO THE DEMOCRATIC NATIONAL CONVENTION,17,DEM,Mary Jane Jones-Gilliam,29,22,0,7
Beaver,POTTER TWP,DELEGATE TO THE DEMOCRATIC NATIONAL CONVENTION,17,DEM,Lisa M Baldis,28,21,0,7
Beaver,POTTER TWP,DELEGATE TO THE DEMOCRATIC NATIONAL CONVENTION,17,DEM,Kevin Kinross,28,21,0,7
Beaver,POTTER TWP,DELEGATE TO THE DEMOCRATIC NATIONAL CONVENTION,17,DEM,Arvind Venkat,27,19,0,8
Beaver,POTTER TWP,DELEGATE TO THE DEMOCRATIC NATIONAL CONVENTION,17,DEM,Write-In Totals,1,0,0,1
Beaver,POTTER TWP,DELEGATE TO THE DEMOCRATIC NATIONAL CONVENTION,17,DEM,Not Assigned,1,0,0,1
Beaver,POTTER TWP,President,,REP,Donald J Trump,43,35,0,8
Beaver,POTTER TWP,President,,REP,Nikki R Haley,10,8,0,2
Beaver,POTTER TWP,President,,REP,Write-In Totals,0,0,0,0
Beaver,POTTER TWP,President,,REP,Not Assigned,0,0,0,0
Beaver,POTTER TWP,U.S. Senate,,REP,Dave Mccormick,46,38,0,8
Beaver,POTTER TWP,U.S. Senate,,REP,Joseph J Vodvarka,6,5,0,1
Beaver,POTTER TWP,U.S. Senate,,REP,Write-In Totals,0,0,0,0
Beaver,POTTER TWP,U.S. Senate,,REP,Not Assigned,0,0,0,0
Beaver,POTTER TWP,U.S. House,17,REP,Rob Mercuri,44,38,0,6
Beaver,POTTER TWP,U.S. House,17,REP,Write-In Totals,0,0,0,0
Beaver,POTTER TWP,U.S. House,17,REP,Not Assigned,0,0,0,0
Beaver,POTTER TWP,State Senate,47,REP,Elder Vogel Jr,47,37,0,10
Beaver,POTTER TWP,State Senate,47,REP,Write-In Totals,0,0,0,0
Beaver,POTTER TWP,State Senate,47,REP,Not Assigned,0,0,0,0
Beaver,POTTER TWP,State House,15,REP,Joshua D Kail,51,41,0,10
Beaver,POTTER TWP,State House,15,REP,Write-In Totals,0,0,0,0
Beaver,POTTER TWP,State House,15,REP,Not Assigned,0,0,0,0
Beaver,POTTER TWP,DELEGATE TO THE REPUBLICAN NATIONAL CONVENTION,17,REP,Abby Kail,24,23,0,1
Beaver,POTTER TWP,DELEGATE TO THE REPUBLICAN NATIONAL CONVENTION,17,REP,Mike Mcmullen,18,17,0,1
Beaver,POTTER TWP,DELEGATE TO THE REPUBLICAN NATIONAL CONVENTION,17,REP,Veronica S Steinkirchner,16,15,0,1
Beaver,POTTER TWP,DELEGATE TO THE REPUBLICAN NATIONAL CONVENTION,17,REP,Bob Howard,15,13,0,2
Beaver,POTTER TWP,DELEGATE TO THE REPUBLICAN NATIONAL CONVENTION,17,REP,John Fredericks,13,10,0,3
Beaver,POTTER TWP,DELEGATE TO THE REPUBLICAN NATIONAL CONVENTION,17,REP,Jack Casey,12,10,0,2
Beaver,POTTER TWP,DELEGATE TO THE REPUBLICAN NATIONAL CONVENTION,17,REP,Toni Shuppe,10,8,0,2
Beaver,POTTER TWP,DELEGATE TO THE REPUBLICAN NATIONAL CONVENTION,17,REP,Vincent E Fusca,5,4,0,1
Beaver,POTTER TWP,DELEGATE TO THE REPUBLICAN NATIONAL CONVENTION,17,REP,Write-In Totals,0,0,0,0
Beaver,POTTER TWP,DELEGATE TO THE REPUBLICAN NATIONAL CONVENTION,17,REP,Not Assigned,0,0,0,0
Beaver,POTTER TWP,ALTERNATE DELEGATE TO THE REPUBLICAN NATIONAL CONVENTION,17,REP,Christine Mattarochia,29,27,0,2
Beaver,POTTER TWP,ALTERNATE DELEGATE TO THE REPUBLICAN NATIONAL CONVENTION,17,REP,Bob Hamilton,26,22,0,4
Beaver,POTTER TWP,ALTERNATE DELEGATE TO THE REPUBLICAN NATIONAL CONVENTION,17,REP,Mike Mcmullen,25,22,0,3
Beaver,POTTER TWP,ALTERNATE DELEGATE TO THE REPUBLICAN NATIONAL CONVENTION,17,REP,M J Costello,17,14,0,3
Beaver,POTTER TWP,ALTERNATE DELEGATE TO THE REPUBLICAN NATIONAL CONVENTION,17,REP,Write-In Totals,0,0,0,0
Beaver,POTTER TWP,ALTERNATE DELEGATE TO THE REPUBLICAN NATIONAL CONVENTION,17,REP,Not Assigned,0,0,0,0
Beaver,PULASKI TWP,President,,DEM,Joseph R Biden Jr,86,44,0,42
Beaver,PULASKI TWP,President,,DEM,Dean Phillips,12,8,0,4
Beaver,PULASKI TWP,President,,DEM,Write-In Totals,14,8,0,6
Beaver,PULASKI TWP,President,,DEM,Not Assigned,14,8,0,6
Beaver,PULASKI TWP,U.S. Senate,,DEM,Robert P Casey Jr,93,48,0,45
Beaver,PULASKI TWP,U.S. Senate,,DEM,William Parker,17,9,0,8
Beaver,PULASKI TWP,U.S. Senate,,DEM,Write-In Totals,5,4,0,1
Beaver,PULASKI TWP,U.S. Senate,,DEM,Not Assigned,5,4,0,1
Beaver,PULASKI TWP,U.S. House,17,DEM,Chris Deluzio,108,56,0,52
Beaver,PULASKI TWP,U.S. House,17,DEM,Write-In Totals,6,5,0,1
Beaver,PULASKI TWP,U.S. House,17,DEM,Not Assigned,6,5,0,1
Beaver,PULASKI TWP,State Senate,47,DEM,Write-In: Kate Lennen,11,6,0,5
Beaver,PULASKI TWP,State Senate,47,DEM,Write-In: Elder Vogel Jr.,11,7,0,4
Beaver,PULASKI TWP,State Senate,47,DEM,Write-In: Scattered,10,8,0,2
Beaver,PULASKI TWP,State Senate,47,DEM,Write-In Totals,32,21,0,11
Beaver,PULASKI TWP,State Senate,47,DEM,Not Assigned,0,0,0,0
Beaver,PULASKI TWP,State House,14,DEM,Kenya Johns,102,53,0,49
Beaver,PULASKI TWP,State House,14,DEM,Write-In Totals,3,3,0,0
Beaver,PULASKI TWP,State House,14,DEM,Not Assigned,3,3,0,0
Beaver,PULASKI TWP,DELEGATE TO THE DEMOCRATIC NATIONAL CONVENTION,17,DEM,Nancy Werme,89,43,0,46
Beaver,PULASKI TWP,DELEGATE TO THE DEMOCRATIC NATIONAL CONVENTION,17,DEM,Mary Jane Jones-Gilliam,73,37,0,36
Beaver,PULASKI TWP,DELEGATE TO THE DEMOCRATIC NATIONAL CONVENTION,17,DEM,Kaylee Werner,70,30,0,40
Beaver,PULASKI TWP,DELEGATE TO THE DEMOCRATIC NATIONAL CONVENTION,17,DEM,Kevin Kinross,68,31,0,37
Beaver,PULASKI TWP,DELEGATE TO THE DEMOCRATIC NATIONAL CONVENTION,17,DEM,Lisa M Baldis,66,32,0,34
Beaver,PULASKI TWP,DELEGATE TO THE DEMOCRATIC NATIONAL CONVENTION,17,DEM,Arvind Venkat,62,30,0,32
Beaver,PULASKI TWP,DELEGATE TO THE DEMOCRATIC NATIONAL CONVENTION,17,DEM,Dwan B Walker,62,30,0,32
Beaver,PULASKI TWP,DELEGATE TO THE DEMOCRATIC NATIONAL CONVENTION,17,DEM,Write-In Totals,23,9,0,14
Beaver,PULASKI TWP,DELEGATE TO THE DEMOCRATIC NATIONAL CONVENTION,17,DEM,Not Assigned,23,9,0,14
Beaver,PULASKI TWP,President,,REP,Donald J Trump,88,80,0,8
Beaver,PULASKI TWP,President,,REP,Nikki R Haley,6,5,0,1
Beaver,PULASKI TWP,President,,REP,Write-In Totals,1,1,0,0
Beaver,PULASKI TWP,President,,REP,Not Assigned,1,1,0,0
Beaver,PULASKI TWP,U.S. Senate,,REP,Dave Mccormick,81,74,0,7
Beaver,PULASKI TWP,U.S. Senate,,REP,Joseph J Vodvarka,4,3,0,1
Beaver,PULASKI TWP,U.S. Senate,,REP,Write-In Totals,2,2,0,0
Beaver,PULASKI TWP,U.S. Senate,,REP,Not Assigned,2,2,0,0
Beaver,PULASKI TWP,U.S. House,17,REP,Rob Mercuri,85,78,0,7
Beaver,PULASKI TWP,U.S. House,17,REP,Write-In Totals,0,0,0,0
Beaver,PULASKI TWP,U.S. House,17,REP,Not Assigned,0,0,0,0
Beaver,PULASKI TWP,State Senate,47,REP,Elder Vogel Jr,91,82,0,9
Beaver,PULASKI TWP,State Senate,47,REP,Write-In Totals,0,0,0,0
Beaver,PULASKI TWP,State Senate,47,REP,Not Assigned,0,0,0,0
Beaver,PULASKI TWP,State House,14,REP,Roman Kozak,83,75,0,8
Beaver,PULASKI TWP,State House,14,REP,Write-In Totals,3,3,0,0
Beaver,PULASKI TWP,State House,14,REP,Not Assigned,3,3,0,0
Beaver,PULASKI TWP,DELEGATE TO THE REPUBLICAN NATIONAL CONVENTION,17,REP,Mike Mcmullen,44,41,0,3
Beaver,PULASKI TWP,DELEGATE TO THE REPUBLICAN NATIONAL CONVENTION,17,REP,John Fredericks,34,29,0,5
Beaver,PULASKI TWP,DELEGATE TO THE REPUBLICAN NATIONAL CONVENTION,17,REP,Jack Casey,26,24,0,2
Beaver,PULASKI TWP,DELEGATE TO THE REPUBLICAN NATIONAL CONVENTION,17,REP,Abby Kail,26,25,0,1
Beaver,PULASKI TWP,DELEGATE TO THE REPUBLICAN NATIONAL CONVENTION,17,REP,Toni Shuppe,24,21,0,3
Beaver,PULASKI TWP,DELEGATE TO THE REPUBLICAN NATIONAL CONVENTION,17,REP,Bob Howard,20,19,0,1
Beaver,PULASKI TWP,DELEGATE TO THE REPUBLICAN NATIONAL CONVENTION,17,REP,Veronica S Steinkirchner,14,12,0,2
Beaver,PULASKI TWP,DELEGATE TO THE REPUBLICAN NATIONAL CONVENTION,17,REP,Vincent E Fusca,14,13,0,1
Beaver,PULASKI TWP,DELEGATE TO THE REPUBLICAN NATIONAL CONVENTION,17,REP,Write-In Totals,0,0,0,0
Beaver,PULASKI TWP,DELEGATE TO THE REPUBLICAN NATIONAL CONVENTION,17,REP,Not Assigned,0,0,0,0
Beaver,PULASKI TWP,ALTERNATE DELEGATE TO THE REPUBLICAN NATIONAL CONVENTION,17,REP,Christine Mattarochia,48,42,0,6
Beaver,PULASKI TWP,ALTERNATE DELEGATE TO THE REPUBLICAN NATIONAL CONVENTION,17,REP,Mike Mcmullen,42,40,0,2
Beaver,PULASKI TWP,ALTERNATE DELEGATE TO THE REPUBLICAN NATIONAL CONVENTION,17,REP,M J Costello,42,37,0,5
Beaver,PULASKI TWP,ALTERNATE DELEGATE TO THE REPUBLICAN NATIONAL CONVENTION,17,REP,Bob Hamilton,40,36,0,4
Beaver,PULASKI TWP,ALTERNATE DELEGATE TO THE REPUBLICAN NATIONAL CONVENTION,17,REP,Write-In Totals,1,1,0,0
Beaver,PULASKI TWP,ALTERNATE DELEGATE TO THE REPUBLICAN NATIONAL CONVENTION,17,REP,Not Assigned,1,1,0,0
Beaver,RACCOON TWP 1,President,,DEM,Joseph R Biden Jr,114,63,0,51
Beaver,RACCOON TWP 1,President,,DEM,Dean Phillips,11,10,0,1
Beaver,RACCOON TWP 1,President,,DEM,Write-In Totals,8,7,0,1
Beaver,RACCOON TWP 1,President,,DEM,Not Assigned,8,7,0,1
Beaver,RACCOON TWP 1,U.S. Senate,,DEM,Robert P Casey Jr,106,59,0,47
Beaver,RACCOON TWP 1,U.S. Senate,,DEM,William Parker,19,14,0,5
Beaver,RACCOON TWP 1,U.S. Senate,,DEM,Write-In Totals,7,6,0,1
Beaver,RACCOON TWP 1,U.S. Senate,,DEM,Not Assigned,7,6,0,1
Beaver,RACCOON TWP 1,U.S. House,17,DEM,Chris Deluzio,122,75,0,47
Beaver,RACCOON TWP 1,U.S. House,17,DEM,Write-In Totals,6,5,0,1
Beaver,RACCOON TWP 1,U.S. House,17,DEM,Not Assigned,6,5,0,1
Beaver,RACCOON TWP 1,State Senate,47,DEM,Write-In: Elder Vogel Jr.,19,13,0,6
Beaver,RACCOON TWP 1,State Senate,47,DEM,Write-In: Kate Lennen,13,12,0,1
Beaver,RACCOON TWP 1,State Senate,47,DEM,Write-In: Scattered,11,7,0,4
Beaver,RACCOON TWP 1,State Senate,47,DEM,Write-In Totals,43,32,0,11
Beaver,RACCOON TWP 1,State Senate,47,DEM,Not Assigned,0,0,0,0
Beaver,RACCOON TWP 1,State House,15,DEM,Ashlee Caul,126,77,0,49
Beaver,RACCOON TWP 1,State House,15,DEM,Write-In Totals,4,4,0,0
Beaver,RACCOON TWP 1,State House,15,DEM,Not Assigned,4,4,0,0
Beaver,RACCOON TWP 1,DELEGATE TO THE DEMOCRATIC NATIONAL CONVENTION,17,DEM,Nancy Werme,104,63,0,41
Beaver,RACCOON TWP 1,DELEGATE TO THE DEMOCRATIC NATIONAL CONVENTION,17,DEM,Kaylee Werner,95,57,0,38
Beaver,RACCOON TWP 1,DELEGATE TO THE DEMOCRATIC NATIONAL CONVENTION,17,DEM,Dwan B Walker,92,55,0,37
Beaver,RACCOON TWP 1,DELEGATE TO THE DEMOCRATIC NATIONAL CONVENTION,17,DEM,Mary Jane Jones-Gilliam,92,56,0,36
Beaver,RACCOON TWP 1,DELEGATE TO THE DEMOCRATIC NATIONAL CONVENTION,17,DEM,Arvind Venkat,91,55,0,36
Beaver,RACCOON TWP 1,DELEGATE TO THE DEMOCRATIC NATIONAL CONVENTION,17,DEM,Lisa M Baldis,90,55,0,35
Beaver,RACCOON TWP 1,DELEGATE TO THE DEMOCRATIC NATIONAL CONVENTION,17,DEM,Kevin Kinross,90,54,0,36
Beaver,RACCOON TWP 1,DELEGATE TO THE DEMOCRATIC NATIONAL CONVENTION,17,DEM,Write-In Totals,22,22,0,0
Beaver,RACCOON TWP 1,DELEGATE TO THE DEMOCRATIC NATIONAL CONVENTION,17,DEM,Not Assigned,22,22,0,0
Beaver,RACCOON TWP 1,President,,REP,Donald J Trump,136,130,0,6
Beaver,RACCOON TWP 1,President,,REP,Nikki R Haley,16,15,0,1
Beaver,RACCOON TWP 1,President,,REP,Write-In Totals,4,2,0,2
Beaver,RACCOON TWP 1,President,,REP,Not Assigned,4,2,0,2
Beaver,RACCOON TWP 1,U.S. Senate,,REP,Dave Mccormick,138,129,0,9
Beaver,RACCOON TWP 1,U.S. Senate,,REP,Joseph J Vodvarka,16,15,0,1
Beaver,RACCOON TWP 1,U.S. Senate,,REP,Write-In Totals,1,1,0,0
Beaver,RACCOON TWP 1,U.S. Senate,,REP,Not Assigned,1,1,0,0
Beaver,RACCOON TWP 1,U.S. House,17,REP,Rob Mercuri,144,134,0,10
Beaver,RACCOON TWP 1,U.S. House,17,REP,Write-In Totals,3,3,0,0
Beaver,RACCOON TWP 1,U.S. House,17,REP,Not Assigned,3,3,0,0
Beaver,RACCOON TWP 1,State Senate,47,REP,Elder Vogel Jr,147,137,0,10
Beaver,RACCOON TWP 1,State Senate,47,REP,Write-In Totals,3,3,0,0
Beaver,RACCOON TWP 1,State Senate,47,REP,Not Assigned,3,3,0,0
Beaver,RACCOON TWP 1,State House,15,REP,Joshua D Kail,148,138,0,10
Beaver,RACCOON TWP 1,State House,15,REP,Write-In Totals,2,2,0,0
Beaver,RACCOON TWP 1,State House,15,REP,Not Assigned,2,2,0,0
Beaver,RACCOON TWP 1,DELEGATE TO THE REPUBLICAN NATIONAL CONVENTION,17,REP,Abby Kail,99,95,0,4
Beaver,RACCOON TWP 1,DELEGATE TO THE REPUBLICAN NATIONAL CONVENTION,17,REP,Mike Mcmullen,70,68,0,2
Beaver,RACCOON TWP 1,DELEGATE TO THE REPUBLICAN NATIONAL CONVENTION,17,REP,John Fredericks,54,49,0,5
Beaver,RACCOON TWP 1,DELEGATE TO THE REPUBLICAN NATIONAL CONVENTION,17,REP,Toni Shuppe,44,38,0,6
Beaver,RACCOON TWP 1,DELEGATE TO THE REPUBLICAN NATIONAL CONVENTION,17,REP,Bob Howard,34,29,0,5
Beaver,RACCOON TWP 1,DELEGATE TO THE REPUBLICAN NATIONAL CONVENTION,17,REP,Jack Casey,30,29,0,1
Beaver,RACCOON TWP 1,DELEGATE TO THE REPUBLICAN NATIONAL CONVENTION,17,REP,Veronica S Steinkirchner,29,29,0,0
Beaver,RACCOON TWP 1,DELEGATE TO THE REPUBLICAN NATIONAL CONVENTION,17,REP,Vincent E Fusca,27,26,0,1
Beaver,RACCOON TWP 1,DELEGATE TO THE REPUBLICAN NATIONAL CONVENTION,17,REP,Write-In Totals,1,1,0,0
Beaver,RACCOON TWP 1,DELEGATE TO THE REPUBLICAN NATIONAL CONVENTION,17,REP,Not Assigned,1,1,0,0
Beaver,RACCOON TWP 1,ALTERNATE DELEGATE TO THE REPUBLICAN NATIONAL CONVENTION,17,REP,Mike Mcmullen,94,89,0,5
Beaver,RACCOON TWP 1,ALTERNATE DELEGATE TO THE REPUBLICAN NATIONAL CONVENTION,17,REP,Christine Mattarochia,77,71,0,6
Beaver,RACCOON TWP 1,ALTERNATE DELEGATE TO THE REPUBLICAN NATIONAL CONVENTION,17,REP,M J Costello,69,63,0,6
Beaver,RACCOON TWP 1,ALTERNATE DELEGATE TO THE REPUBLICAN NATIONAL CONVENTION,17,REP,Bob Hamilton,63,57,0,6
Beaver,RACCOON TWP 1,ALTERNATE DELEGATE TO THE REPUBLICAN NATIONAL CONVENTION,17,REP,Write-In Totals,2,2,0,0
Beaver,RACCOON TWP 1,ALTERNATE DELEGATE TO THE REPUBLICAN NATIONAL CONVENTION,17,REP,Not Assigned,2,2,0,0
Beaver,RACCOON TWP 2,President,,DEM,Joseph R Biden Jr,68,30,0,38
Beaver,RACCOON TWP 2,President,,DEM,Dean Phillips,10,9,0,1
Beaver,RACCOON TWP 2,President,,DEM,Write-In Totals,7,6,0,1
Beaver,RACCOON TWP 2,President,,DEM,Not Assigned,7,6,0,1
Beaver,RACCOON TWP 2,U.S. Senate,,DEM,Robert P Casey Jr,64,30,0,34
Beaver,RACCOON TWP 2,U.S. Senate,,DEM,William Parker,19,14,0,5
Beaver,RACCOON TWP 2,U.S. Senate,,DEM,Write-In Totals,3,2,0,1
Beaver,RACCOON TWP 2,U.S. Senate,,DEM,Not Assigned,3,2,0,1
Beaver,RACCOON TWP 2,U.S. House,17,DEM,Chris Deluzio,76,39,0,37
Beaver,RACCOON TWP 2,U.S. House,17,DEM,Write-In Totals,1,1,0,0
Beaver,RACCOON TWP 2,U.S. House,17,DEM,Not Assigned,1,1,0,0
Beaver,RACCOON TWP 2,State Senate,47,DEM,Write-In: Elder Vogel Jr.,7,4,0,3
Beaver,RACCOON TWP 2,State Senate,47,DEM,Write-In: Kate Lennen,4,2,0,2
Beaver,RACCOON TWP 2,State Senate,47,DEM,Write-In: Scattered,1,0,0,1
Beaver,RACCOON TWP 2,State Senate,47,DEM,Write-In Totals,12,6,0,6
Beaver,RACCOON TWP 2,State Senate,47,DEM,Not Assigned,0,0,0,0
Beaver,RACCOON TWP 2,State House,15,DEM,Ashlee Caul,77,41,0,36
Beaver,RACCOON TWP 2,State House,15,DEM,Write-In Totals,1,1,0,0
Beaver,RACCOON TWP 2,State House,15,DEM,Not Assigned,1,1,0,0
Beaver,RACCOON TWP 2,DELEGATE TO THE DEMOCRATIC NATIONAL CONVENTION,17,DEM,Nancy Werme,66,28,0,38
Beaver,RACCOON TWP 2,DELEGATE TO THE DEMOCRATIC NATIONAL CONVENTION,17,DEM,Kaylee Werner,57,23,0,34
Beaver,RACCOON TWP 2,DELEGATE TO THE DEMOCRATIC NATIONAL CONVENTION,17,DEM,Lisa M Baldis,55,20,0,35
Beaver,RACCOON TWP 2,DELEGATE TO THE DEMOCRATIC NATIONAL CONVENTION,17,DEM,Dwan B Walker,53,24,0,29
Beaver,RACCOON TWP 2,DELEGATE TO THE DEMOCRATIC NATIONAL CONVENTION,17,DEM,Mary Jane Jones-Gilliam,51,20,0,31
Beaver,RACCOON TWP 2,DELEGATE TO THE DEMOCRATIC NATIONAL CONVENTION,17,DEM,Arvind Venkat,46,17,0,29
Beaver,RACCOON TWP 2,DELEGATE TO THE DEMOCRATIC NATIONAL CONVENTION,17,DEM,Kevin Kinross,42,15,0,27
Beaver,RACCOON TWP 2,DELEGATE TO THE DEMOCRATIC NATIONAL CONVENTION,17,DEM,Write-In Totals,11,11,0,0
Beaver,RACCOON TWP 2,DELEGATE TO THE DEMOCRATIC NATIONAL CONVENTION,17,DEM,Not Assigned,11,11,0,0
Beaver,RACCOON TWP 2,President,,REP,Donald J Trump,116,109,0,7
Beaver,RACCOON TWP 2,President,,REP,Nikki R Haley,9,9,0,0
Beaver,RACCOON TWP 2,President,,REP,Write-In Totals,1,1,0,0
Beaver,RACCOON TWP 2,President,,REP,Not Assigned,1,1,0,0
Beaver,RACCOON TWP 2,U.S. Senate,,REP,Dave Mccormick,112,106,0,6
Beaver,RACCOON TWP 2,U.S. Senate,,REP,Joseph J Vodvarka,6,5,0,1
Beaver,RACCOON TWP 2,U.S. Senate,,REP,Write-In Totals,1,1,0,0
Beaver,RACCOON TWP 2,U.S. Senate,,REP,Not Assigned,1,1,0,0
Beaver,RACCOON TWP 2,U.S. House,17,REP,Rob Mercuri,102,96,0,6
Beaver,RACCOON TWP 2,U.S. House,17,REP,Write-In Totals,1,1,0,0
Beaver,RACCOON TWP 2,U.S. House,17,REP,Not Assigned,1,1,0,0
Beaver,RACCOON TWP 2,State Senate,47,REP,Elder Vogel Jr,117,110,0,7
Beaver,RACCOON TWP 2,State Senate,47,REP,Write-In Totals,0,0,0,0
Beaver,RACCOON TWP 2,State Senate,47,REP,Not Assigned,0,0,0,0
Beaver,RACCOON TWP 2,State House,15,REP,Joshua D Kail,119,112,0,7
Beaver,RACCOON TWP 2,State House,15,REP,Write-In Totals,0,0,0,0
Beaver,RACCOON TWP 2,State House,15,REP,Not Assigned,0,0,0,0
Beaver,RACCOON TWP 2,DELEGATE TO THE REPUBLICAN NATIONAL CONVENTION,17,REP,Abby Kail,68,62,0,6
Beaver,RACCOON TWP 2,DELEGATE TO THE REPUBLICAN NATIONAL CONVENTION,17,REP,Mike Mcmullen,50,46,0,4
Beaver,RACCOON TWP 2,DELEGATE TO THE REPUBLICAN NATIONAL CONVENTION,17,REP,John Fredericks,50,48,0,2
Beaver,RACCOON TWP 2,DELEGATE TO THE REPUBLICAN NATIONAL CONVENTION,17,REP,Toni Shuppe,27,25,0,2
Beaver,RACCOON TWP 2,DELEGATE TO THE REPUBLICAN NATIONAL CONVENTION,17,REP,Jack Casey,26,25,0,1
Beaver,RACCOON TWP 2,DELEGATE TO THE REPUBLICAN NATIONAL CONVENTION,17,REP,Bob Howard,22,21,0,1
Beaver,RACCOON TWP 2,DELEGATE TO THE REPUBLICAN NATIONAL CONVENTION,17,REP,Veronica S Steinkirchner,15,12,0,3
Beaver,RACCOON TWP 2,DELEGATE TO THE REPUBLICAN NATIONAL CONVENTION,17,REP,Vincent E Fusca,10,10,0,0
Beaver,RACCOON TWP 2,DELEGATE TO THE REPUBLICAN NATIONAL CONVENTION,17,REP,Write-In Totals,0,0,0,0
Beaver,RACCOON TWP 2,DELEGATE TO THE REPUBLICAN NATIONAL CONVENTION,17,REP,Not Assigned,0,0,0,0
Beaver,RACCOON TWP 2,ALTERNATE DELEGATE TO THE REPUBLICAN NATIONAL CONVENTION,17,REP,Mike Mcmullen,64,59,0,5
Beaver,RACCOON TWP 2,ALTERNATE DELEGATE TO THE REPUBLICAN NATIONAL CONVENTION,17,REP,Bob Hamilton,59,55,0,4
Beaver,RACCOON TWP 2,ALTERNATE DELEGATE TO THE REPUBLICAN NATIONAL CONVENTION,17,REP,Christine Mattarochia,44,40,0,4
Beaver,RACCOON TWP 2,ALTERNATE DELEGATE TO THE REPUBLICAN NATIONAL CONVENTION,17,REP,M J Costello,43,40,0,3
Beaver,RACCOON TWP 2,ALTERNATE DELEGATE TO THE REPUBLICAN NATIONAL CONVENTION,17,REP,Write-In Totals,1,1,0,0
Beaver,RACCOON TWP 2,ALTERNATE DELEGATE TO THE REPUBLICAN NATIONAL CONVENTION,17,REP,Not Assigned,1,1,0,0
Beaver,ROCHESTER BORO 1,President,,DEM,Joseph R Biden Jr,65,39,0,26
Beaver,ROCHESTER BORO 1,President,,DEM,Dean Phillips,6,5,0,1
Beaver,ROCHESTER BORO 1,President,,DEM,Write-In Totals,1,1,0,0
Beaver,ROCHESTER BORO 1,President,,DEM,Not Assigned,1,1,0,0
Beaver,ROCHESTER BORO 1,U.S. Senate,,DEM,Robert P Casey Jr,55,34,0,21
Beaver,ROCHESTER BORO 1,U.S. Senate,,DEM,William Parker,17,11,0,6
Beaver,ROCHESTER BORO 1,U.S. Senate,,DEM,Write-In Totals,1,1,0,0
Beaver,ROCHESTER BORO 1,U.S. Senate,,DEM,Not Assigned,1,1,0,0
Beaver,ROCHESTER BORO 1,U.S. House,17,DEM,Chris Deluzio,70,44,0,26
Beaver,ROCHESTER BORO 1,U.S. House,17,DEM,Write-In Totals,0,0,0,0
Beaver,ROCHESTER BORO 1,U.S. House,17,DEM,Not Assigned,0,0,0,0
Beaver,ROCHESTER BORO 1,State Senate,47,DEM,Write-In: Scattered,9,7,0,2
Beaver,ROCHESTER BORO 1,State Senate,47,DEM,Write-In: Elder Vogel Jr.,8,4,0,4
Beaver,ROCHESTER BORO 1,State Senate,47,DEM,Write-In: Kate Lennen,3,3,0,0
Beaver,ROCHESTER BORO 1,State Senate,47,DEM,Write-In Totals,20,14,0,6
Beaver,ROCHESTER BORO 1,State Senate,47,DEM,Not Assigned,0,0,0,0
Beaver,ROCHESTER BORO 1,State House,16,DEM,Robert F Matzie,68,44,0,24
Beaver,ROCHESTER BORO 1,State House,16,DEM,Write-In Totals,1,1,0,0
Beaver,ROCHESTER BORO 1,State House,16,DEM,Not Assigned,1,1,0,0
Beaver,ROCHESTER BORO 1,DELEGATE TO THE DEMOCRATIC NATIONAL CONVENTION,17,DEM,Dwan B Walker,62,38,0,24
Beaver,ROCHESTER BORO 1,DELEGATE TO THE DEMOCRATIC NATIONAL CONVENTION,17,DEM,Nancy Werme,55,32,0,23
Beaver,ROCHESTER BORO 1,DELEGATE TO THE DEMOCRATIC NATIONAL CONVENTION,17,DEM,Mary Jane Jones-Gilliam,53,31,0,22
Beaver,ROCHESTER BORO 1,DELEGATE TO THE DEMOCRATIC NATIONAL CONVENTION,17,DEM,Kaylee Werner,51,28,0,23
Beaver,ROCHESTER BORO 1,DELEGATE TO THE DEMOCRATIC NATIONAL CONVENTION,17,DEM,Lisa M Baldis,49,28,0,21
Beaver,ROCHESTER BORO 1,DELEGATE TO THE DEMOCRATIC NATIONAL CONVENTION,17,DEM,Kevin Kinross,48,28,0,20
Beaver,ROCHESTER BORO 1,DELEGATE TO THE DEMOCRATIC NATIONAL CONVENTION,17,DEM,Arvind Venkat,45,24,0,21
Beaver,ROCHESTER BORO 1,DELEGATE TO THE DEMOCRATIC NATIONAL CONVENTION,17,DEM,Write-In Totals,1,1,0,0
Beaver,ROCHESTER BORO 1,DELEGATE TO THE DEMOCRATIC NATIONAL CONVENTION,17,DEM,Not Assigned,1,1,0,0
Beaver,ROCHESTER BORO 1,President,,REP,Donald J Trump,12,11,0,1
Beaver,ROCHESTER BORO 1,President,,REP,Nikki R Haley,5,2,0,3
Beaver,ROCHESTER BORO 1,President,,REP,Write-In Totals,0,0,0,0
Beaver,ROCHESTER BORO 1,President,,REP,Not Assigned,0,0,0,0
Beaver,ROCHESTER BORO 1,U.S. Senate,,REP,Dave Mccormick,14,12,0,2
Beaver,ROCHESTER BORO 1,U.S. Senate,,REP,Joseph J Vodvarka,0,0,0,0
Beaver,ROCHESTER BORO 1,U.S. Senate,,REP,Write-In Totals,3,1,0,2
Beaver,ROCHESTER BORO 1,U.S. Senate,,REP,Not Assigned,3,1,0,2
Beaver,ROCHESTER BORO 1,U.S. House,17,REP,Rob Mercuri,12,9,0,3
Beaver,ROCHESTER BORO 1,U.S. House,17,REP,Write-In Totals,1,1,0,0
Beaver,ROCHESTER BORO 1,U.S. House,17,REP,Not Assigned,1,1,0,0
Beaver,ROCHESTER BORO 1,State Senate,47,REP,Elder Vogel Jr,16,11,0,5
Beaver,ROCHESTER BORO 1,State Senate,47,REP,Write-In Totals,1,1,0,0
Beaver,ROCHESTER BORO 1,State Senate,47,REP,Not Assigned,1,1,0,0
Beaver,ROCHESTER BORO 1,State House,16,REP,Michael J Perich,13,10,0,3
Beaver,ROCHESTER BORO 1,State House,16,REP,Write-In Totals,1,1,0,0
Beaver,ROCHESTER BORO 1,State House,16,REP,Not Assigned,1,1,0,0
Beaver,ROCHESTER BORO 1,DELEGATE TO THE REPUBLICAN NATIONAL CONVENTION,17,REP,Abby Kail,9,6,0,3
Beaver,ROCHESTER BORO 1,DELEGATE TO THE REPUBLICAN NATIONAL CONVENTION,17,REP,Mike Mcmullen,6,4,0,2
Beaver,ROCHESTER BORO 1,DELEGATE TO THE REPUBLICAN NATIONAL CONVENTION,17,REP,Veronica S Steinkirchner,5,3,0,2
Beaver,ROCHESTER BORO 1,DELEGATE TO THE REPUBLICAN NATIONAL CONVENTION,17,REP,Jack Casey,4,2,0,2
Beaver,ROCHESTER BORO 1,DELEGATE TO THE REPUBLICAN NATIONAL CONVENTION,17,REP,John Fredericks,4,3,0,1
Beaver,ROCHESTER BORO 1,DELEGATE TO THE REPUBLICAN NATIONAL CONVENTION,17,REP,Toni Shuppe,2,1,0,1
Beaver,ROCHESTER BORO 1,DELEGATE TO THE REPUBLICAN NATIONAL CONVENTION,17,REP,Bob Howard,2,1,0,1
Beaver,ROCHESTER BORO 1,DELEGATE TO THE REPUBLICAN NATIONAL CONVENTION,17,REP,Vincent E Fusca,2,2,0,0
Beaver,ROCHESTER BORO 1,DELEGATE TO THE REPUBLICAN NATIONAL CONVENTION,17,REP,Write-In Totals,0,0,0,0
Beaver,ROCHESTER BORO 1,DELEGATE TO THE REPUBLICAN NATIONAL CONVENTION,17,REP,Not Assigned,0,0,0,0
Beaver,ROCHESTER BORO 1,ALTERNATE DELEGATE TO THE REPUBLICAN NATIONAL CONVENTION,17,REP,Mike Mcmullen,10,6,0,4
Beaver,ROCHESTER BORO 1,ALTERNATE DELEGATE TO THE REPUBLICAN NATIONAL CONVENTION,17,REP,Bob Hamilton,7,5,0,2
Beaver,ROCHESTER BORO 1,ALTERNATE DELEGATE TO THE REPUBLICAN NATIONAL CONVENTION,17,REP,Christine Mattarochia,6,5,0,1
Beaver,ROCHESTER BORO 1,ALTERNATE DELEGATE TO THE REPUBLICAN NATIONAL CONVENTION,17,REP,M J Costello,3,2,0,1
Beaver,ROCHESTER BORO 1,ALTERNATE DELEGATE TO THE REPUBLICAN NATIONAL CONVENTION,17,REP,Write-In Totals,0,0,0,0
Beaver,ROCHESTER BORO 1,ALTERNATE DELEGATE TO THE REPUBLICAN NATIONAL CONVENTION,17,REP,Not Assigned,0,0,0,0
Beaver,ROCHESTER BORO 2,President,,DEM,Joseph R Biden Jr,52,31,0,21
Beaver,ROCHESTER BORO 2,President,,DEM,Dean Phillips,4,2,0,2
Beaver,ROCHESTER BORO 2,President,,DEM,Write-In Totals,2,2,0,0
Beaver,ROCHESTER BORO 2,President,,DEM,Not Assigned,2,2,0,0
Beaver,ROCHESTER BORO 2,U.S. Senate,,DEM,Robert P Casey Jr,36,22,0,14
Beaver,ROCHESTER BORO 2,U.S. Senate,,DEM,William Parker,20,13,0,7
Beaver,ROCHESTER BORO 2,U.S. Senate,,DEM,Write-In Totals,2,0,0,2
Beaver,ROCHESTER BORO 2,U.S. Senate,,DEM,Not Assigned,2,0,0,2
Beaver,ROCHESTER BORO 2,U.S. House,17,DEM,Chris Deluzio,56,33,0,23
Beaver,ROCHESTER BORO 2,U.S. House,17,DEM,Write-In Totals,0,0,0,0
Beaver,ROCHESTER BORO 2,U.S. House,17,DEM,Not Assigned,0,0,0,0
Beaver,ROCHESTER BORO 2,State Senate,47,DEM,Write-In: Elder Vogel Jr.,10,5,0,5
Beaver,ROCHESTER BORO 2,State Senate,47,DEM,Write-In: Scattered,4,2,0,2
Beaver,ROCHESTER BORO 2,State Senate,47,DEM,Write-In: Kate Lennen,2,2,0,0
Beaver,ROCHESTER BORO 2,State Senate,47,DEM,Write-In Totals,16,9,0,7
Beaver,ROCHESTER BORO 2,State Senate,47,DEM,Not Assigned,0,0,0,0
Beaver,ROCHESTER BORO 2,State House,16,DEM,Robert F Matzie,59,36,0,23
Beaver,ROCHESTER BORO 2,State House,16,DEM,Write-In Totals,0,0,0,0
Beaver,ROCHESTER BORO 2,State House,16,DEM,Not Assigned,0,0,0,0
Beaver,ROCHESTER BORO 2,DELEGATE TO THE DEMOCRATIC NATIONAL CONVENTION,17,DEM,Kaylee Werner,49,29,0,20
Beaver,ROCHESTER BORO 2,DELEGATE TO THE DEMOCRATIC NATIONAL CONVENTION,17,DEM,Lisa M Baldis,45,25,0,20
Beaver,ROCHESTER BORO 2,DELEGATE TO THE DEMOCRATIC NATIONAL CONVENTION,17,DEM,Nancy Werme,44,23,0,21
Beaver,ROCHESTER BORO 2,DELEGATE TO THE DEMOCRATIC NATIONAL CONVENTION,17,DEM,Mary Jane Jones-Gilliam,42,23,0,19
Beaver,ROCHESTER BORO 2,DELEGATE TO THE DEMOCRATIC NATIONAL CONVENTION,17,DEM,Arvind Venkat,41,22,0,19
Beaver,ROCHESTER BORO 2,DELEGATE TO THE DEMOCRATIC NATIONAL CONVENTION,17,DEM,Dwan B Walker,41,24,0,17
Beaver,ROCHESTER BORO 2,DELEGATE TO THE DEMOCRATIC NATIONAL CONVENTION,17,DEM,Kevin Kinross,39,21,0,18
Beaver,ROCHESTER BORO 2,DELEGATE TO THE DEMOCRATIC NATIONAL CONVENTION,17,DEM,Write-In Totals,0,0,0,0
Beaver,ROCHESTER BORO 2,DELEGATE TO THE DEMOCRATIC NATIONAL CONVENTION,17,DEM,Not Assigned,0,0,0,0
Beaver,ROCHESTER BORO 2,President,,REP,Donald J Trump,24,23,0,1
Beaver,ROCHESTER BORO 2,President,,REP,Nikki R Haley,1,1,0,0
Beaver,ROCHESTER BORO 2,President,,REP,Write-In Totals,0,0,0,0
Beaver,ROCHESTER BORO 2,President,,REP,Not Assigned,0,0,0,0
Beaver,ROCHESTER BORO 2,U.S. Senate,,REP,Dave Mccormick,22,21,0,1
Beaver,ROCHESTER BORO 2,U.S. Senate,,REP,Joseph J Vodvarka,1,1,0,0
Beaver,ROCHESTER BORO 2,U.S. Senate,,REP,Write-In Totals,0,0,0,0
Beaver,ROCHESTER BORO 2,U.S. Senate,,REP,Not Assigned,0,0,0,0
Beaver,ROCHESTER BORO 2,U.S. House,17,REP,Rob Mercuri,22,21,0,1
Beaver,ROCHESTER BORO 2,U.S. House,17,REP,Write-In Totals,0,0,0,0
Beaver,ROCHESTER BORO 2,U.S. House,17,REP,Not Assigned,0,0,0,0
Beaver,ROCHESTER BORO 2,State Senate,47,REP,Elder Vogel Jr,25,24,0,1
Beaver,ROCHESTER BORO 2,State Senate,47,REP,Write-In Totals,0,0,0,0
Beaver,ROCHESTER BORO 2,State Senate,47,REP,Not Assigned,0,0,0,0
Beaver,ROCHESTER BORO 2,State House,16,REP,Michael J Perich,23,22,0,1
Beaver,ROCHESTER BORO 2,State House,16,REP,Write-In Totals,1,1,0,0
Beaver,ROCHESTER BORO 2,State House,16,REP,Not Assigned,1,1,0,0
Beaver,ROCHESTER BORO 2,DELEGATE TO THE REPUBLICAN NATIONAL CONVENTION,17,REP,Mike Mcmullen,12,12,0,0
Beaver,ROCHESTER BORO 2,DELEGATE TO THE REPUBLICAN NATIONAL CONVENTION,17,REP,John Fredericks,11,10,0,1
Beaver,ROCHESTER BORO 2,DELEGATE TO THE REPUBLICAN NATIONAL CONVENTION,17,REP,Abby Kail,8,8,0,0
Beaver,ROCHESTER BORO 2,DELEGATE TO THE REPUBLICAN NATIONAL CONVENTION,17,REP,Jack Casey,7,7,0,0
Beaver,ROCHESTER BORO 2,DELEGATE TO THE REPUBLICAN NATIONAL CONVENTION,17,REP,Toni Shuppe,6,5,0,1
Beaver,ROCHESTER BORO 2,DELEGATE TO THE REPUBLICAN NATIONAL CONVENTION,17,REP,Bob Howard,5,5,0,0
Beaver,ROCHESTER BORO 2,DELEGATE TO THE REPUBLICAN NATIONAL CONVENTION,17,REP,Veronica S Steinkirchner,4,3,0,1
Beaver,ROCHESTER BORO 2,DELEGATE TO THE REPUBLICAN NATIONAL CONVENTION,17,REP,Vincent E Fusca,3,3,0,0
Beaver,ROCHESTER BORO 2,DELEGATE TO THE REPUBLICAN NATIONAL CONVENTION,17,REP,Write-In Totals,0,0,0,0
Beaver,ROCHESTER BORO 2,DELEGATE TO THE REPUBLICAN NATIONAL CONVENTION,17,REP,Not Assigned,0,0,0,0
Beaver,ROCHESTER BORO 2,ALTERNATE DELEGATE TO THE REPUBLICAN NATIONAL CONVENTION,17,REP,Mike Mcmullen,14,13,0,1
Beaver,ROCHESTER BORO 2,ALTERNATE DELEGATE TO THE REPUBLICAN NATIONAL CONVENTION,17,REP,Bob Hamilton,14,14,0,0
Beaver,ROCHESTER BORO 2,ALTERNATE DELEGATE TO THE REPUBLICAN NATIONAL CONVENTION,17,REP,Christine Mattarochia,10,10,0,0
Beaver,ROCHESTER BORO 2,ALTERNATE DELEGATE TO THE REPUBLICAN NATIONAL CONVENTION,17,REP,M J Costello,10,10,0,0
Beaver,ROCHESTER BORO 2,ALTERNATE DELEGATE TO THE REPUBLICAN NATIONAL CONVENTION,17,REP,Write-In Totals,0,0,0,0
Beaver,ROCHESTER BORO 2,ALTERNATE DELEGATE TO THE REPUBLICAN NATIONAL CONVENTION,17,REP,Not Assigned,0,0,0,0
Beaver,ROCHESTER BORO 3,President,,DEM,Joseph R Biden Jr,40,28,0,12
Beaver,ROCHESTER BORO 3,President,,DEM,Dean Phillips,3,3,0,0
Beaver,ROCHESTER BORO 3,President,,DEM,Write-In Totals,5,5,0,0
Beaver,ROCHESTER BORO 3,President,,DEM,Not Assigned,5,5,0,0
Beaver,ROCHESTER BORO 3,U.S. Senate,,DEM,Robert P Casey Jr,40,30,0,10
Beaver,ROCHESTER BORO 3,U.S. Senate,,DEM,William Parker,9,7,0,2
Beaver,ROCHESTER BORO 3,U.S. Senate,,DEM,Write-In Totals,2,2,0,0
Beaver,ROCHESTER BORO 3,U.S. Senate,,DEM,Not Assigned,2,2,0,0
Beaver,ROCHESTER BORO 3,U.S. House,17,DEM,Chris Deluzio,43,33,0,10
Beaver,ROCHESTER BORO 3,U.S. House,17,DEM,Write-In Totals,3,2,0,1
Beaver,ROCHESTER BORO 3,U.S. House,17,DEM,Not Assigned,3,2,0,1
Beaver,ROCHESTER BORO 3,State Senate,47,DEM,Write-In: Elder Vogel Jr.,6,5,0,1
Beaver,ROCHESTER BORO 3,State Senate,47,DEM,Write-In: Scattered,4,3,0,1
Beaver,ROCHESTER BORO 3,State Senate,47,DEM,Write-In: Kate Lennen,0,0,0,0
Beaver,ROCHESTER BORO 3,State Senate,47,DEM,Write-In Totals,10,8,0,2
Beaver,ROCHESTER BORO 3,State Senate,47,DEM,Not Assigned,0,0,0,0
Beaver,ROCHESTER BORO 3,State House,16,DEM,Robert F Matzie,45,36,0,9
Beaver,ROCHESTER BORO 3,State House,16,DEM,Write-In Totals,3,2,0,1
Beaver,ROCHESTER BORO 3,State House,16,DEM,Not Assigned,3,2,0,1
Beaver,ROCHESTER BORO 3,DELEGATE TO THE DEMOCRATIC NATIONAL CONVENTION,17,DEM,Kaylee Werner,38,29,0,9
Beaver,ROCHESTER BORO 3,DELEGATE TO THE DEMOCRATIC NATIONAL CONVENTION,17,DEM,Dwan B Walker,37,26,0,11
Beaver,ROCHESTER BORO 3,DELEGATE TO THE DEMOCRATIC NATIONAL CONVENTION,17,DEM,Mary Jane Jones-Gilliam,36,26,0,10
Beaver,ROCHESTER BORO 3,DELEGATE TO THE DEMOCRATIC NATIONAL CONVENTION,17,DEM,Nancy Werme,36,27,0,9
Beaver,ROCHESTER BORO 3,DELEGATE TO THE DEMOCRATIC NATIONAL CONVENTION,17,DEM,Lisa M Baldis,34,25,0,9
Beaver,ROCHESTER BORO 3,DELEGATE TO THE DEMOCRATIC NATIONAL CONVENTION,17,DEM,Kevin Kinross,33,24,0,9
Beaver,ROCHESTER BORO 3,DELEGATE TO THE DEMOCRATIC NATIONAL CONVENTION,17,DEM,Arvind Venkat,32,23,0,9
Beaver,ROCHESTER BORO 3,DELEGATE TO THE DEMOCRATIC NATIONAL CONVENTION,17,DEM,Write-In Totals,3,3,0,0
Beaver,ROCHESTER BORO 3,DELEGATE TO THE DEMOCRATIC NATIONAL CONVENTION,17,DEM,Not Assigned,3,3,0,0
Beaver,ROCHESTER BORO 3,President,,REP,Donald J Trump,44,35,0,9
Beaver,ROCHESTER BORO 3,President,,REP,Nikki R Haley,8,6,0,2
Beaver,ROCHESTER BORO 3,President,,REP,Write-In Totals,0,0,0,0
Beaver,ROCHESTER BORO 3,President,,REP,Not Assigned,0,0,0,0
Beaver,ROCHESTER BORO 3,U.S. Senate,,REP,Dave Mccormick,42,32,0,10
Beaver,ROCHESTER BORO 3,U.S. Senate,,REP,Joseph J Vodvarka,8,7,0,1
Beaver,ROCHESTER BORO 3,U.S. Senate,,REP,Write-In Totals,0,0,0,0
Beaver,ROCHESTER BORO 3,U.S. Senate,,REP,Not Assigned,0,0,0,0
Beaver,ROCHESTER BORO 3,U.S. House,17,REP,Rob Mercuri,46,37,0,9
Beaver,ROCHESTER BORO 3,U.S. House,17,REP,Write-In Totals,0,0,0,0
Beaver,ROCHESTER BORO 3,U.S. House,17,REP,Not Assigned,0,0,0,0
Beaver,ROCHESTER BORO 3,State Senate,47,REP,Elder Vogel Jr,50,40,0,10
Beaver,ROCHESTER BORO 3,State Senate,47,REP,Write-In Totals,0,0,0,0
Beaver,ROCHESTER BORO 3,State Senate,47,REP,Not Assigned,0,0,0,0
Beaver,ROCHESTER BORO 3,State House,16,REP,Michael J Perich,46,36,0,10
Beaver,ROCHESTER BORO 3,State House,16,REP,Write-In Totals,0,0,0,0
Beaver,ROCHESTER BORO 3,State House,16,REP,Not Assigned,0,0,0,0
Beaver,ROCHESTER BORO 3,DELEGATE TO THE REPUBLICAN NATIONAL CONVENTION,17,REP,Mike Mcmullen,24,19,0,5
Beaver,ROCHESTER BORO 3,DELEGATE TO THE REPUBLICAN NATIONAL CONVENTION,17,REP,John Fredericks,21,17,0,4
Beaver,ROCHESTER BORO 3,DELEGATE TO THE REPUBLICAN NATIONAL CONVENTION,17,REP,Abby Kail,19,17,0,2
Beaver,ROCHESTER BORO 3,DELEGATE TO THE REPUBLICAN NATIONAL CONVENTION,17,REP,Toni Shuppe,14,10,0,4
Beaver,ROCHESTER BORO 3,DELEGATE TO THE REPUBLICAN NATIONAL CONVENTION,17,REP,Bob Howard,12,10,0,2
Beaver,ROCHESTER BORO 3,DELEGATE TO THE REPUBLICAN NATIONAL CONVENTION,17,REP,Veronica S Steinkirchner,12,10,0,2
Beaver,ROCHESTER BORO 3,DELEGATE TO THE REPUBLICAN NATIONAL CONVENTION,17,REP,Jack Casey,11,10,0,1
Beaver,ROCHESTER BORO 3,DELEGATE TO THE REPUBLICAN NATIONAL CONVENTION,17,REP,Vincent E Fusca,9,7,0,2
Beaver,ROCHESTER BORO 3,DELEGATE TO THE REPUBLICAN NATIONAL CONVENTION,17,REP,Write-In Totals,0,0,0,0
Beaver,ROCHESTER BORO 3,DELEGATE TO THE REPUBLICAN NATIONAL CONVENTION,17,REP,Not Assigned,0,0,0,0
Beaver,ROCHESTER BORO 3,ALTERNATE DELEGATE TO THE REPUBLICAN NATIONAL CONVENTION,17,REP,Bob Hamilton,29,23,0,6
Beaver,ROCHESTER BORO 3,ALTERNATE DELEGATE TO THE REPUBLICAN NATIONAL CONVENTION,17,REP,Christine Mattarochia,27,22,0,5
Beaver,ROCHESTER BORO 3,ALTERNATE DELEGATE TO THE REPUBLICAN NATIONAL CONVENTION,17,REP,Mike Mcmullen,25,20,0,5
Beaver,ROCHESTER BORO 3,ALTERNATE DELEGATE TO THE REPUBLICAN NATIONAL CONVENTION,17,REP,M J Costello,24,20,0,4
Beaver,ROCHESTER BORO 3,ALTERNATE DELEGATE TO THE REPUBLICAN NATIONAL CONVENTION,17,REP,Write-In Totals,0,0,0,0
Beaver,ROCHESTER BORO 3,ALTERNATE DELEGATE TO THE REPUBLICAN NATIONAL CONVENTION,17,REP,Not Assigned,0,0,0,0
Beaver,ROCHESTER BORO 4,President,,DEM,Joseph R Biden Jr,37,23,0,14
Beaver,ROCHESTER BORO 4,President,,DEM,Dean Phillips,7,7,0,0
Beaver,ROCHESTER BORO 4,President,,DEM,Write-In Totals,4,4,0,0
Beaver,ROCHESTER BORO 4,President,,DEM,Not Assigned,4,4,0,0
Beaver,ROCHESTER BORO 4,U.S. Senate,,DEM,Robert P Casey Jr,32,21,0,11
Beaver,ROCHESTER BORO 4,U.S. Senate,,DEM,William Parker,13,11,0,2
Beaver,ROCHESTER BORO 4,U.S. Senate,,DEM,Write-In Totals,2,1,0,1
Beaver,ROCHESTER BORO 4,U.S. Senate,,DEM,Not Assigned,2,1,0,1
Beaver,ROCHESTER BORO 4,U.S. House,17,DEM,Chris Deluzio,42,28,0,14
Beaver,ROCHESTER BORO 4,U.S. House,17,DEM,Write-In Totals,2,2,0,0
Beaver,ROCHESTER BORO 4,U.S. House,17,DEM,Not Assigned,2,2,0,0
Beaver,ROCHESTER BORO 4,State Senate,47,DEM,Write-In: Elder Vogel Jr.,5,4,0,1
Beaver,ROCHESTER BORO 4,State Senate,47,DEM,Write-In: Scattered,2,1,0,1
Beaver,ROCHESTER BORO 4,State Senate,47,DEM,Write-In: Kate Lennen,1,1,0,0
Beaver,ROCHESTER BORO 4,State Senate,47,DEM,Write-In Totals,8,6,0,2
Beaver,ROCHESTER BORO 4,State Senate,47,DEM,Not Assigned,0,0,0,0
Beaver,ROCHESTER BORO 4,State House,16,DEM,Robert F Matzie,41,28,0,13
Beaver,ROCHESTER BORO 4,State House,16,DEM,Write-In Totals,2,1,0,1
Beaver,ROCHESTER BORO 4,State House,16,DEM,Not Assigned,2,1,0,1
Beaver,ROCHESTER BORO 4,DELEGATE TO THE DEMOCRATIC NATIONAL CONVENTION,17,DEM,Nancy Werme,37,24,0,13
Beaver,ROCHESTER BORO 4,DELEGATE TO THE DEMOCRATIC NATIONAL CONVENTION,17,DEM,Kaylee Werner,32,21,0,11
Beaver,ROCHESTER BORO 4,DELEGATE TO THE DEMOCRATIC NATIONAL CONVENTION,17,DEM,Dwan B Walker,31,21,0,10
Beaver,ROCHESTER BORO 4,DELEGATE TO THE DEMOCRATIC NATIONAL CONVENTION,17,DEM,Mary Jane Jones-Gilliam,30,20,0,10
Beaver,ROCHESTER BORO 4,DELEGATE TO THE DEMOCRATIC NATIONAL CONVENTION,17,DEM,Lisa M Baldis,29,19,0,10
Beaver,ROCHESTER BORO 4,DELEGATE TO THE DEMOCRATIC NATIONAL CONVENTION,17,DEM,Arvind Venkat,27,18,0,9
Beaver,ROCHESTER BORO 4,DELEGATE TO THE DEMOCRATIC NATIONAL CONVENTION,17,DEM,Kevin Kinross,27,18,0,9
Beaver,ROCHESTER BORO 4,DELEGATE TO THE DEMOCRATIC NATIONAL CONVENTION,17,DEM,Write-In Totals,0,0,0,0
Beaver,ROCHESTER BORO 4,DELEGATE TO THE DEMOCRATIC NATIONAL CONVENTION,17,DEM,Not Assigned,0,0,0,0
Beaver,ROCHESTER BORO 4,President,,REP,Donald J Trump,28,27,0,1
Beaver,ROCHESTER BORO 4,President,,REP,Nikki R Haley,0,0,0,0
Beaver,ROCHESTER BORO 4,President,,REP,Write-In Totals,1,1,0,0
Beaver,ROCHESTER BORO 4,President,,REP,Not Assigned,1,1,0,0
Beaver,ROCHESTER BORO 4,U.S. Senate,,REP,Dave Mccormick,26,25,0,1
Beaver,ROCHESTER BORO 4,U.S. Senate,,REP,Joseph J Vodvarka,1,1,0,0
Beaver,ROCHESTER BORO 4,U.S. Senate,,REP,Write-In Totals,0,0,0,0
Beaver,ROCHESTER BORO 4,U.S. Senate,,REP,Not Assigned,0,0,0,0
Beaver,ROCHESTER BORO 4,U.S. House,17,REP,Rob Mercuri,24,23,0,1
Beaver,ROCHESTER BORO 4,U.S. House,17,REP,Write-In Totals,1,1,0,0
Beaver,ROCHESTER BORO 4,U.S. House,17,REP,Not Assigned,1,1,0,0
Beaver,ROCHESTER BORO 4,State Senate,47,REP,Elder Vogel Jr,27,26,0,1
Beaver,ROCHESTER BORO 4,State Senate,47,REP,Write-In Totals,1,1,0,0
Beaver,ROCHESTER BORO 4,State Senate,47,REP,Not Assigned,1,1,0,0
Beaver,ROCHESTER BORO 4,State House,16,REP,Michael J Perich,23,22,0,1
Beaver,ROCHESTER BORO 4,State House,16,REP,Write-In Totals,0,0,0,0
Beaver,ROCHESTER BORO 4,State House,16,REP,Not Assigned,0,0,0,0
Beaver,ROCHESTER BORO 4,DELEGATE TO THE REPUBLICAN NATIONAL CONVENTION,17,REP,John Fredericks,14,13,0,1
Beaver,ROCHESTER BORO 4,DELEGATE TO THE REPUBLICAN NATIONAL CONVENTION,17,REP,Jack Casey,10,9,0,1
Beaver,ROCHESTER BORO 4,DELEGATE TO THE REPUBLICAN NATIONAL CONVENTION,17,REP,Abby Kail,9,8,0,1
Beaver,ROCHESTER BORO 4,DELEGATE TO THE REPUBLICAN NATIONAL CONVENTION,17,REP,Mike Mcmullen,8,8,0,0
Beaver,ROCHESTER BORO 4,DELEGATE TO THE REPUBLICAN NATIONAL CONVENTION,17,REP,Toni Shuppe,7,7,0,0
Beaver,ROCHESTER BORO 4,DELEGATE TO THE REPUBLICAN NATIONAL CONVENTION,17,REP,Veronica S Steinkirchner,6,6,0,0
Beaver,ROCHESTER BORO 4,DELEGATE TO THE REPUBLICAN NATIONAL CONVENTION,17,REP,Vincent E Fusca,6,6,0,0
Beaver,ROCHESTER BORO 4,DELEGATE TO THE REPUBLICAN NATIONAL CONVENTION,17,REP,Bob Howard,5,5,0,0
Beaver,ROCHESTER BORO 4,DELEGATE TO THE REPUBLICAN NATIONAL CONVENTION,17,REP,Write-In Totals,0,0,0,0
Beaver,ROCHESTER BORO 4,DELEGATE TO THE REPUBLICAN NATIONAL CONVENTION,17,REP,Not Assigned,0,0,0,0
Beaver,ROCHESTER BORO 4,ALTERNATE DELEGATE TO THE REPUBLICAN NATIONAL CONVENTION,17,REP,Mike Mcmullen,15,14,0,1
Beaver,ROCHESTER BORO 4,ALTERNATE DELEGATE TO THE REPUBLICAN NATIONAL CONVENTION,17,REP,Christine Mattarochia,11,10,0,1
Beaver,ROCHESTER BORO 4,ALTERNATE DELEGATE TO THE REPUBLICAN NATIONAL CONVENTION,17,REP,Bob Hamilton,10,9,0,1
Beaver,ROCHESTER BORO 4,ALTERNATE DELEGATE TO THE REPUBLICAN NATIONAL CONVENTION,17,REP,M J Costello,8,8,0,0
Beaver,ROCHESTER BORO 4,ALTERNATE DELEGATE TO THE REPUBLICAN NATIONAL CONVENTION,17,REP,Write-In Totals,1,1,0,0
Beaver,ROCHESTER BORO 4,ALTERNATE DELEGATE TO THE REPUBLICAN NATIONAL CONVENTION,17,REP,Not Assigned,1,1,0,0
Beaver,ROCHESTER TWP 1,President,,DEM,Joseph R Biden Jr,69,38,0,31
Beaver,ROCHESTER TWP 1,President,,DEM,Dean Phillips,6,6,0,0
Beaver,ROCHESTER TWP 1,President,,DEM,Write-In Totals,11,10,0,1
Beaver,ROCHESTER TWP 1,President,,DEM,Not Assigned,11,10,0,1
Beaver,ROCHESTER TWP 1,U.S. Senate,,DEM,Robert P Casey Jr,64,37,0,27
Beaver,ROCHESTER TWP 1,U.S. Senate,,DEM,William Parker,22,15,0,7
Beaver,ROCHESTER TWP 1,U.S. Senate,,DEM,Write-In Totals,3,3,0,0
Beaver,ROCHESTER TWP 1,U.S. Senate,,DEM,Not Assigned,3,3,0,0
Beaver,ROCHESTER TWP 1,U.S. House,17,DEM,Chris Deluzio,81,48,0,33
Beaver,ROCHESTER TWP 1,U.S. House,17,DEM,Write-In Totals,2,2,0,0
Beaver,ROCHESTER TWP 1,U.S. House,17,DEM,Not Assigned,2,2,0,0
Beaver,ROCHESTER TWP 1,State Senate,47,DEM,Write-In: Elder Vogel Jr.,18,14,0,4
Beaver,ROCHESTER TWP 1,State Senate,47,DEM,Write-In: Scattered,7,5,0,2
Beaver,ROCHESTER TWP 1,State Senate,47,DEM,Write-In: Kate Lennen,1,0,0,1
Beaver,ROCHESTER TWP 1,State Senate,47,DEM,Write-In Totals,26,19,0,7
Beaver,ROCHESTER TWP 1,State Senate,47,DEM,Not Assigned,0,0,0,0
Beaver,ROCHESTER TWP 1,State House,16,DEM,Robert F Matzie,81,49,0,32
Beaver,ROCHESTER TWP 1,State House,16,DEM,Write-In Totals,3,3,0,0
Beaver,ROCHESTER TWP 1,State House,16,DEM,Not Assigned,3,3,0,0
Beaver,ROCHESTER TWP 1,DELEGATE TO THE DEMOCRATIC NATIONAL CONVENTION,17,DEM,Nancy Werme,71,40,0,31
Beaver,ROCHESTER TWP 1,DELEGATE TO THE DEMOCRATIC NATIONAL CONVENTION,17,DEM,Kaylee Werner,66,35,0,31
Beaver,ROCHESTER TWP 1,DELEGATE TO THE DEMOCRATIC NATIONAL CONVENTION,17,DEM,Mary Jane Jones-Gilliam,63,33,0,30
Beaver,ROCHESTER TWP 1,DELEGATE TO THE DEMOCRATIC NATIONAL CONVENTION,17,DEM,Lisa M Baldis,60,32,0,28
Beaver,ROCHESTER TWP 1,DELEGATE TO THE DEMOCRATIC NATIONAL CONVENTION,17,DEM,Dwan B Walker,60,32,0,28
Beaver,ROCHESTER TWP 1,DELEGATE TO THE DEMOCRATIC NATIONAL CONVENTION,17,DEM,Arvind Venkat,54,28,0,26
Beaver,ROCHESTER TWP 1,DELEGATE TO THE DEMOCRATIC NATIONAL CONVENTION,17,DEM,Kevin Kinross,51,26,0,25
Beaver,ROCHESTER TWP 1,DELEGATE TO THE DEMOCRATIC NATIONAL CONVENTION,17,DEM,Write-In Totals,2,2,0,0
Beaver,ROCHESTER TWP 1,DELEGATE TO THE DEMOCRATIC NATIONAL CONVENTION,17,DEM,Not Assigned,2,2,0,0
Beaver,ROCHESTER TWP 1,President,,REP,Donald J Trump,56,54,0,2
Beaver,ROCHESTER TWP 1,President,,REP,Nikki R Haley,4,2,0,2
Beaver,ROCHESTER TWP 1,President,,REP,Write-In Totals,1,1,0,0
Beaver,ROCHESTER TWP 1,President,,REP,Not Assigned,1,1,0,0
Beaver,ROCHESTER TWP 1,U.S. Senate,,REP,Dave Mccormick,56,52,0,4
Beaver,ROCHESTER TWP 1,U.S. Senate,,REP,Joseph J Vodvarka,4,4,0,0
Beaver,ROCHESTER TWP 1,U.S. Senate,,REP,Write-In Totals,0,0,0,0
Beaver,ROCHESTER TWP 1,U.S. Senate,,REP,Not Assigned,0,0,0,0
Beaver,ROCHESTER TWP 1,U.S. House,17,REP,Rob Mercuri,54,49,0,5
Beaver,ROCHESTER TWP 1,U.S. House,17,REP,Write-In Totals,0,0,0,0
Beaver,ROCHESTER TWP 1,U.S. House,17,REP,Not Assigned,0,0,0,0
Beaver,ROCHESTER TWP 1,State Senate,47,REP,Elder Vogel Jr,62,57,0,5
Beaver,ROCHESTER TWP 1,State Senate,47,REP,Write-In Totals,0,0,0,0
Beaver,ROCHESTER TWP 1,State Senate,47,REP,Not Assigned,0,0,0,0
Beaver,ROCHESTER TWP 1,State House,16,REP,Michael J Perich,57,52,0,5
Beaver,ROCHESTER TWP 1,State House,16,REP,Write-In Totals,1,1,0,0
Beaver,ROCHESTER TWP 1,State House,16,REP,Not Assigned,1,1,0,0
Beaver,ROCHESTER TWP 1,DELEGATE TO THE REPUBLICAN NATIONAL CONVENTION,17,REP,John Fredericks,29,26,0,3
Beaver,ROCHESTER TWP 1,DELEGATE TO THE REPUBLICAN NATIONAL CONVENTION,17,REP,Mike Mcmullen,25,21,0,4
Beaver,ROCHESTER TWP 1,DELEGATE TO THE REPUBLICAN NATIONAL CONVENTION,17,REP,Abby Kail,24,22,0,2
Beaver,ROCHESTER TWP 1,DELEGATE TO THE REPUBLICAN NATIONAL CONVENTION,17,REP,Jack Casey,18,16,0,2
Beaver,ROCHESTER TWP 1,DELEGATE TO THE REPUBLICAN NATIONAL CONVENTION,17,REP,Bob Howard,14,13,0,1
Beaver,ROCHESTER TWP 1,DELEGATE TO THE REPUBLICAN NATIONAL CONVENTION,17,REP,Toni Shuppe,13,13,0,0
Beaver,ROCHESTER TWP 1,DELEGATE TO THE REPUBLICAN NATIONAL CONVENTION,17,REP,Veronica S Steinkirchner,11,11,0,0
Beaver,ROCHESTER TWP 1,DELEGATE TO THE REPUBLICAN NATIONAL CONVENTION,17,REP,Vincent E Fusca,10,9,0,1
Beaver,ROCHESTER TWP 1,DELEGATE TO THE REPUBLICAN NATIONAL CONVENTION,17,REP,Write-In Totals,3,3,0,0
Beaver,ROCHESTER TWP 1,DELEGATE TO THE REPUBLICAN NATIONAL CONVENTION,17,REP,Not Assigned,3,3,0,0
Beaver,ROCHESTER TWP 1,ALTERNATE DELEGATE TO THE REPUBLICAN NATIONAL CONVENTION,17,REP,Mike Mcmullen,43,40,0,3
Beaver,ROCHESTER TWP 1,ALTERNATE DELEGATE TO THE REPUBLICAN NATIONAL CONVENTION,17,REP,Christine Mattarochia,33,29,0,4
Beaver,ROCHESTER TWP 1,ALTERNATE DELEGATE TO THE REPUBLICAN NATIONAL CONVENTION,17,REP,Bob Hamilton,28,24,0,4
Beaver,ROCHESTER TWP 1,ALTERNATE DELEGATE TO THE REPUBLICAN NATIONAL CONVENTION,17,REP,M J Costello,14,14,0,0
Beaver,ROCHESTER TWP 1,ALTERNATE DELEGATE TO THE REPUBLICAN NATIONAL CONVENTION,17,REP,Write-In Totals,3,3,0,0
Beaver,ROCHESTER TWP 1,ALTERNATE DELEGATE TO THE REPUBLICAN NATIONAL CONVENTION,17,REP,Not Assigned,3,3,0,0
Beaver,ROCHESTER TWP 2,President,,DEM,Joseph R Biden Jr,121,61,0,60
Beaver,ROCHESTER TWP 2,President,,DEM,Dean Phillips,22,13,0,9
Beaver,ROCHESTER TWP 2,President,,DEM,Write-In Totals,11,11,0,0
Beaver,ROCHESTER TWP 2,President,,DEM,Not Assigned,11,11,0,0
Beaver,ROCHESTER TWP 2,U.S. Senate,,DEM,Robert P Casey Jr,117,59,0,58
Beaver,ROCHESTER TWP 2,U.S. Senate,,DEM,William Parker,33,23,0,10
Beaver,ROCHESTER TWP 2,U.S. Senate,,DEM,Write-In Totals,8,6,0,2
Beaver,ROCHESTER TWP 2,U.S. Senate,,DEM,Not Assigned,8,6,0,2
Beaver,ROCHESTER TWP 2,U.S. House,17,DEM,Chris Deluzio,146,76,0,70
Beaver,ROCHESTER TWP 2,U.S. House,17,DEM,Write-In Totals,2,2,0,0
Beaver,ROCHESTER TWP 2,U.S. House,17,DEM,Not Assigned,2,2,0,0
Beaver,ROCHESTER TWP 2,State Senate,47,DEM,Write-In: Elder Vogel Jr.,14,12,0,2
Beaver,ROCHESTER TWP 2,State Senate,47,DEM,Write-In: Kate Lennen,11,9,0,2
Beaver,ROCHESTER TWP 2,State Senate,47,DEM,Write-In: Scattered,9,6,0,3
Beaver,ROCHESTER TWP 2,State Senate,47,DEM,Write-In Totals,34,27,0,7
Beaver,ROCHESTER TWP 2,State Senate,47,DEM,Not Assigned,0,0,0,0
Beaver,ROCHESTER TWP 2,State House,16,DEM,Robert F Matzie,143,76,0,67
Beaver,ROCHESTER TWP 2,State House,16,DEM,Write-In Totals,4,3,0,1
Beaver,ROCHESTER TWP 2,State House,16,DEM,Not Assigned,4,3,0,1
Beaver,ROCHESTER TWP 2,DELEGATE TO THE DEMOCRATIC NATIONAL CONVENTION,17,DEM,Kaylee Werner,118,61,0,57
Beaver,ROCHESTER TWP 2,DELEGATE TO THE DEMOCRATIC NATIONAL CONVENTION,17,DEM,Nancy Werme,118,60,0,58
Beaver,ROCHESTER TWP 2,DELEGATE TO THE DEMOCRATIC NATIONAL CONVENTION,17,DEM,Mary Jane Jones-Gilliam,113,57,0,56
Beaver,ROCHESTER TWP 2,DELEGATE TO THE DEMOCRATIC NATIONAL CONVENTION,17,DEM,Lisa M Baldis,111,55,0,56
Beaver,ROCHESTER TWP 2,DELEGATE TO THE DEMOCRATIC NATIONAL CONVENTION,17,DEM,Dwan B Walker,111,55,0,56
Beaver,ROCHESTER TWP 2,DELEGATE TO THE DEMOCRATIC NATIONAL CONVENTION,17,DEM,Arvind Venkat,102,49,0,53
Beaver,ROCHESTER TWP 2,DELEGATE TO THE DEMOCRATIC NATIONAL CONVENTION,17,DEM,Kevin Kinross,101,48,0,53
Beaver,ROCHESTER TWP 2,DELEGATE TO THE DEMOCRATIC NATIONAL CONVENTION,17,DEM,Write-In Totals,14,13,0,1
Beaver,ROCHESTER TWP 2,DELEGATE TO THE DEMOCRATIC NATIONAL CONVENTION,17,DEM,Not Assigned,14,13,0,1
Beaver,ROCHESTER TWP 2,President,,REP,Donald J Trump,143,118,0,25
Beaver,ROCHESTER TWP 2,President,,REP,Nikki R Haley,14,14,0,0
Beaver,ROCHESTER TWP 2,President,,REP,Write-In Totals,4,1,0,3
Beaver,ROCHESTER TWP 2,President,,REP,Not Assigned,4,1,0,3
Beaver,ROCHESTER TWP 2,U.S. Senate,,REP,Dave Mccormick,137,113,0,24
Beaver,ROCHESTER TWP 2,U.S. Senate,,REP,Joseph J Vodvarka,17,15,0,2
Beaver,ROCHESTER TWP 2,U.S. Senate,,REP,Write-In Totals,2,2,0,0
Beaver,ROCHESTER TWP 2,U.S. Senate,,REP,Not Assigned,2,2,0,0
Beaver,ROCHESTER TWP 2,U.S. House,17,REP,Rob Mercuri,140,115,0,25
Beaver,ROCHESTER TWP 2,U.S. House,17,REP,Write-In Totals,2,2,0,0
Beaver,ROCHESTER TWP 2,U.S. House,17,REP,Not Assigned,2,2,0,0
Beaver,ROCHESTER TWP 2,State Senate,47,REP,Elder Vogel Jr,157,129,0,28
Beaver,ROCHESTER TWP 2,State Senate,47,REP,Write-In Totals,3,3,0,0
Beaver,ROCHESTER TWP 2,State Senate,47,REP,Not Assigned,3,3,0,0
Beaver,ROCHESTER TWP 2,State House,16,REP,Michael J Perich,139,114,0,25
Beaver,ROCHESTER TWP 2,State House,16,REP,Write-In Totals,3,3,0,0
Beaver,ROCHESTER TWP 2,State House,16,REP,Not Assigned,3,3,0,0
Beaver,ROCHESTER TWP 2,DELEGATE TO THE REPUBLICAN NATIONAL CONVENTION,17,REP,Mike Mcmullen,69,56,0,13
Beaver,ROCHESTER TWP 2,DELEGATE TO THE REPUBLICAN NATIONAL CONVENTION,17,REP,John Fredericks,69,55,0,14
Beaver,ROCHESTER TWP 2,DELEGATE TO THE REPUBLICAN NATIONAL CONVENTION,17,REP,Abby Kail,56,49,0,7
Beaver,ROCHESTER TWP 2,DELEGATE TO THE REPUBLICAN NATIONAL CONVENTION,17,REP,Toni Shuppe,47,36,0,11
Beaver,ROCHESTER TWP 2,DELEGATE TO THE REPUBLICAN NATIONAL CONVENTION,17,REP,Jack Casey,45,39,0,6
Beaver,ROCHESTER TWP 2,DELEGATE TO THE REPUBLICAN NATIONAL CONVENTION,17,REP,Veronica S Steinkirchner,36,32,0,4
Beaver,ROCHESTER TWP 2,DELEGATE TO THE REPUBLICAN NATIONAL CONVENTION,17,REP,Bob Howard,33,27,0,6
Beaver,ROCHESTER TWP 2,DELEGATE TO THE REPUBLICAN NATIONAL CONVENTION,17,REP,Vincent E Fusca,25,21,0,4
Beaver,ROCHESTER TWP 2,DELEGATE TO THE REPUBLICAN NATIONAL CONVENTION,17,REP,Write-In Totals,1,1,0,0
Beaver,ROCHESTER TWP 2,DELEGATE TO THE REPUBLICAN NATIONAL CONVENTION,17,REP,Not Assigned,1,1,0,0
Beaver,ROCHESTER TWP 2,ALTERNATE DELEGATE TO THE REPUBLICAN NATIONAL CONVENTION,17,REP,Mike Mcmullen,91,77,0,14
Beaver,ROCHESTER TWP 2,ALTERNATE DELEGATE TO THE REPUBLICAN NATIONAL CONVENTION,17,REP,Bob Hamilton,82,65,0,17
Beaver,ROCHESTER TWP 2,ALTERNATE DELEGATE TO THE REPUBLICAN NATIONAL CONVENTION,17,REP,Christine Mattarochia,76,60,0,16
Beaver,ROCHESTER TWP 2,ALTERNATE DELEGATE TO THE REPUBLICAN NATIONAL CONVENTION,17,REP,M J Costello,70,54,0,16
Beaver,ROCHESTER TWP 2,ALTERNATE DELEGATE TO THE REPUBLICAN NATIONAL CONVENTION,17,REP,Write-In Totals,1,1,0,0
Beaver,ROCHESTER TWP 2,ALTERNATE DELEGATE TO THE REPUBLICAN NATIONAL CONVENTION,17,REP,Not Assigned,1,1,0,0
Beaver,SHIPPINGPORT BORO,President,,DEM,Joseph R Biden Jr,2,2,0,0
Beaver,SHIPPINGPORT BORO,President,,DEM,Dean Phillips,1,0,0,1
Beaver,SHIPPINGPORT BORO,President,,DEM,Write-In Totals,6,4,0,2
Beaver,SHIPPINGPORT BORO,President,,DEM,Not Assigned,6,4,0,2
Beaver,SHIPPINGPORT BORO,U.S. Senate,,DEM,Robert P Casey Jr,3,2,0,1
Beaver,SHIPPINGPORT BORO,U.S. Senate,,DEM,William Parker,1,1,0,0
Beaver,SHIPPINGPORT BORO,U.S. Senate,,DEM,Write-In Totals,3,1,0,2
Beaver,SHIPPINGPORT BORO,U.S. Senate,,DEM,Not Assigned,3,1,0,2
Beaver,SHIPPINGPORT BORO,U.S. House,17,DEM,Chris Deluzio,5,4,0,1
Beaver,SHIPPINGPORT BORO,U.S. House,17,DEM,Write-In Totals,0,0,0,0
Beaver,SHIPPINGPORT BORO,U.S. House,17,DEM,Not Assigned,0,0,0,0
Beaver,SHIPPINGPORT BORO,State Senate,47,DEM,Write-In: Elder Vogel Jr.,1,1,0,0
Beaver,SHIPPINGPORT BORO,State Senate,47,DEM,Write-In: Scattered,0,0,0,0
Beaver,SHIPPINGPORT BORO,State Senate,47,DEM,Write-In: Kate Lennen,0,0,0,0
Beaver,SHIPPINGPORT BORO,State Senate,47,DEM,Write-In Totals,1,1,0,0
Beaver,SHIPPINGPORT BORO,State Senate,47,DEM,Not Assigned,0,0,0,0
Beaver,SHIPPINGPORT BORO,State House,15,DEM,Ashlee Caul,4,3,0,1
Beaver,SHIPPINGPORT BORO,State House,15,DEM,Write-In Totals,2,2,0,0
Beaver,SHIPPINGPORT BORO,State House,15,DEM,Not Assigned,2,2,0,0
Beaver,SHIPPINGPORT BORO,DELEGATE TO THE DEMOCRATIC NATIONAL CONVENTION,17,DEM,Kaylee Werner,3,2,0,1
Beaver,SHIPPINGPORT BORO,DELEGATE TO THE DEMOCRATIC NATIONAL CONVENTION,17,DEM,Lisa M Baldis,3,2,0,1
Beaver,SHIPPINGPORT BORO,DELEGATE TO THE DEMOCRATIC NATIONAL CONVENTION,17,DEM,Nancy Werme,3,2,0,1
Beaver,SHIPPINGPORT BORO,DELEGATE TO THE DEMOCRATIC NATIONAL CONVENTION,17,DEM,Arvind Venkat,2,1,0,1
Beaver,SHIPPINGPORT BORO,DELEGATE TO THE DEMOCRATIC NATIONAL CONVENTION,17,DEM,Dwan B Walker,2,1,0,1
Beaver,SHIPPINGPORT BORO,DELEGATE TO THE DEMOCRATIC NATIONAL CONVENTION,17,DEM,Mary Jane Jones-Gilliam,2,1,0,1
Beaver,SHIPPINGPORT BORO,DELEGATE TO THE DEMOCRATIC NATIONAL CONVENTION,17,DEM,Kevin Kinross,2,1,0,1
Beaver,SHIPPINGPORT BORO,DELEGATE TO THE DEMOCRATIC NATIONAL CONVENTION,17,DEM,Write-In Totals,0,0,0,0
Beaver,SHIPPINGPORT BORO,DELEGATE TO THE DEMOCRATIC NATIONAL CONVENTION,17,DEM,Not Assigned,0,0,0,0
Beaver,SHIPPINGPORT BORO,President,,REP,Donald J Trump,7,7,0,0
Beaver,SHIPPINGPORT BORO,President,,REP,Nikki R Haley,0,0,0,0
Beaver,SHIPPINGPORT BORO,President,,REP,Write-In Totals,3,3,0,0
Beaver,SHIPPINGPORT BORO,President,,REP,Not Assigned,3,3,0,0
Beaver,SHIPPINGPORT BORO,U.S. Senate,,REP,Dave Mccormick,5,5,0,0
Beaver,SHIPPINGPORT BORO,U.S. Senate,,REP,Joseph J Vodvarka,0,0,0,0
Beaver,SHIPPINGPORT BORO,U.S. Senate,,REP,Write-In Totals,2,2,0,0
Beaver,SHIPPINGPORT BORO,U.S. Senate,,REP,Not Assigned,2,2,0,0
Beaver,SHIPPINGPORT BORO,U.S. House,17,REP,Rob Mercuri,5,5,0,0
Beaver,SHIPPINGPORT BORO,U.S. House,17,REP,Write-In Totals,0,0,0,0
Beaver,SHIPPINGPORT BORO,U.S. House,17,REP,Not Assigned,0,0,0,0
Beaver,SHIPPINGPORT BORO,State Senate,47,REP,Elder Vogel Jr,8,8,0,0
Beaver,SHIPPINGPORT BORO,State Senate,47,REP,Write-In Totals,0,0,0,0
Beaver,SHIPPINGPORT BORO,State Senate,47,REP,Not Assigned,0,0,0,0
Beaver,SHIPPINGPORT BORO,State House,15,REP,Joshua D Kail,9,9,0,0
Beaver,SHIPPINGPORT BORO,State House,15,REP,Write-In Totals,0,0,0,0
Beaver,SHIPPINGPORT BORO,State House,15,REP,Not Assigned,0,0,0,0
Beaver,SHIPPINGPORT BORO,DELEGATE TO THE REPUBLICAN NATIONAL CONVENTION,17,REP,Abby Kail,6,6,0,0
Beaver,SHIPPINGPORT BORO,DELEGATE TO THE REPUBLICAN NATIONAL CONVENTION,17,REP,Mike Mcmullen,3,3,0,0
Beaver,SHIPPINGPORT BORO,DELEGATE TO THE REPUBLICAN NATIONAL CONVENTION,17,REP,Toni Shuppe,2,2,0,0
Beaver,SHIPPINGPORT BORO,DELEGATE TO THE REPUBLICAN NATIONAL CONVENTION,17,REP,Veronica S Steinkirchner,2,2,0,0
Beaver,SHIPPINGPORT BORO,DELEGATE TO THE REPUBLICAN NATIONAL CONVENTION,17,REP,Jack Casey,1,1,0,0
Beaver,SHIPPINGPORT BORO,DELEGATE TO THE REPUBLICAN NATIONAL CONVENTION,17,REP,Bob Howard,1,1,0,0
Beaver,SHIPPINGPORT BORO,DELEGATE TO THE REPUBLICAN NATIONAL CONVENTION,17,REP,John Fredericks,1,1,0,0
Beaver,SHIPPINGPORT BORO,DELEGATE TO THE REPUBLICAN NATIONAL CONVENTION,17,REP,Vincent E Fusca,0,0,0,0
Beaver,SHIPPINGPORT BORO,DELEGATE TO THE REPUBLICAN NATIONAL CONVENTION,17,REP,Write-In Totals,1,1,0,0
Beaver,SHIPPINGPORT BORO,DELEGATE TO THE REPUBLICAN NATIONAL CONVENTION,17,REP,Not Assigned,1,1,0,0
Beaver,SHIPPINGPORT BORO,ALTERNATE DELEGATE TO THE REPUBLICAN NATIONAL CONVENTION,17,REP,Mike Mcmullen,6,6,0,0
Beaver,SHIPPINGPORT BORO,ALTERNATE DELEGATE TO THE REPUBLICAN NATIONAL CONVENTION,17,REP,Christine Mattarochia,5,5,0,0
Beaver,SHIPPINGPORT BORO,ALTERNATE DELEGATE TO THE REPUBLICAN NATIONAL CONVENTION,17,REP,Bob Hamilton,2,2,0,0
Beaver,SHIPPINGPORT BORO,ALTERNATE DELEGATE TO THE REPUBLICAN NATIONAL CONVENTION,17,REP,M J Costello,1,1,0,0
Beaver,SHIPPINGPORT BORO,ALTERNATE DELEGATE TO THE REPUBLICAN NATIONAL CONVENTION,17,REP,Write-In Totals,1,1,0,0
Beaver,SHIPPINGPORT BORO,ALTERNATE DELEGATE TO THE REPUBLICAN NATIONAL CONVENTION,17,REP,Not Assigned,1,1,0,0
Beaver,SOUTH BEAVER TWP,President,,DEM,Joseph R Biden Jr,137,50,0,87
Beaver,SOUTH BEAVER TWP,President,,DEM,Dean Phillips,22,16,0,6
Beaver,SOUTH BEAVER TWP,President,,DEM,Write-In Totals,14,12,0,2
Beaver,SOUTH BEAVER TWP,President,,DEM,Not Assigned,14,12,0,2
Beaver,SOUTH BEAVER TWP,U.S. Senate,,DEM,Robert P Casey Jr,140,56,0,84
Beaver,SOUTH BEAVER TWP,U.S. Senate,,DEM,William Parker,27,18,0,9
Beaver,SOUTH BEAVER TWP,U.S. Senate,,DEM,Write-In Totals,6,5,0,1
Beaver,SOUTH BEAVER TWP,U.S. Senate,,DEM,Not Assigned,6,5,0,1
Beaver,SOUTH BEAVER TWP,U.S. House,17,DEM,Chris Deluzio,163,72,0,91
Beaver,SOUTH BEAVER TWP,U.S. House,17,DEM,Write-In Totals,1,1,0,0
Beaver,SOUTH BEAVER TWP,U.S. House,17,DEM,Not Assigned,1,1,0,0
Beaver,SOUTH BEAVER TWP,State Senate,47,DEM,Write-In: Scattered,19,4,0,15
Beaver,SOUTH BEAVER TWP,State Senate,47,DEM,Write-In: Elder Vogel Jr.,14,11,0,3
Beaver,SOUTH BEAVER TWP,State Senate,47,DEM,Write-In: Kate Lennen,12,7,0,5
Beaver,SOUTH BEAVER TWP,State Senate,47,DEM,Write-In Totals,45,22,0,23
Beaver,SOUTH BEAVER TWP,State Senate,47,DEM,Not Assigned,0,0,0,0
Beaver,SOUTH BEAVER TWP,State House,15,DEM,Ashlee Caul,161,73,0,88
Beaver,SOUTH BEAVER TWP,State House,15,DEM,Write-In Totals,2,1,0,1
Beaver,SOUTH BEAVER TWP,State House,15,DEM,Not Assigned,2,1,0,1
Beaver,SOUTH BEAVER TWP,DELEGATE TO THE DEMOCRATIC NATIONAL CONVENTION,17,DEM,Nancy Werme,138,56,0,82
Beaver,SOUTH BEAVER TWP,DELEGATE TO THE DEMOCRATIC NATIONAL CONVENTION,17,DEM,Kaylee Werner,128,54,0,74
Beaver,SOUTH BEAVER TWP,DELEGATE TO THE DEMOCRATIC NATIONAL CONVENTION,17,DEM,Mary Jane Jones-Gilliam,120,49,0,71
Beaver,SOUTH BEAVER TWP,DELEGATE TO THE DEMOCRATIC NATIONAL CONVENTION,17,DEM,Lisa M Baldis,118,48,0,70
Beaver,SOUTH BEAVER TWP,DELEGATE TO THE DEMOCRATIC NATIONAL CONVENTION,17,DEM,Kevin Kinross,110,41,0,69
Beaver,SOUTH BEAVER TWP,DELEGATE TO THE DEMOCRATIC NATIONAL CONVENTION,17,DEM,Dwan B Walker,109,43,0,66
Beaver,SOUTH BEAVER TWP,DELEGATE TO THE DEMOCRATIC NATIONAL CONVENTION,17,DEM,Arvind Venkat,108,43,0,65
Beaver,SOUTH BEAVER TWP,DELEGATE TO THE DEMOCRATIC NATIONAL CONVENTION,17,DEM,Write-In Totals,13,10,0,3
Beaver,SOUTH BEAVER TWP,DELEGATE TO THE DEMOCRATIC NATIONAL CONVENTION,17,DEM,Not Assigned,13,10,0,3
Beaver,SOUTH BEAVER TWP,President,,REP,Donald J Trump,216,189,0,27
Beaver,SOUTH BEAVER TWP,President,,REP,Nikki R Haley,29,14,0,15
Beaver,SOUTH BEAVER TWP,President,,REP,Write-In Totals,3,2,0,1
Beaver,SOUTH BEAVER TWP,President,,REP,Not Assigned,3,2,0,1
Beaver,SOUTH BEAVER TWP,U.S. Senate,,REP,Dave Mccormick,214,183,0,31
Beaver,SOUTH BEAVER TWP,U.S. Senate,,REP,Joseph J Vodvarka,26,15,0,11
Beaver,SOUTH BEAVER TWP,U.S. Senate,,REP,Write-In Totals,0,0,0,0
Beaver,SOUTH BEAVER TWP,U.S. Senate,,REP,Not Assigned,0,0,0,0
Beaver,SOUTH BEAVER TWP,U.S. House,17,REP,Rob Mercuri,225,187,0,38
Beaver,SOUTH BEAVER TWP,U.S. House,17,REP,Write-In Totals,1,1,0,0
Beaver,SOUTH BEAVER TWP,U.S. House,17,REP,Not Assigned,1,1,0,0
Beaver,SOUTH BEAVER TWP,State Senate,47,REP,Elder Vogel Jr,242,199,0,43
Beaver,SOUTH BEAVER TWP,State Senate,47,REP,Write-In Totals,1,1,0,0
Beaver,SOUTH BEAVER TWP,State Senate,47,REP,Not Assigned,1,1,0,0
Beaver,SOUTH BEAVER TWP,State House,15,REP,Joshua D Kail,230,194,0,36
Beaver,SOUTH BEAVER TWP,State House,15,REP,Write-In Totals,1,1,0,0
Beaver,SOUTH BEAVER TWP,State House,15,REP,Not Assigned,1,1,0,0
Beaver,SOUTH BEAVER TWP,DELEGATE TO THE REPUBLICAN NATIONAL CONVENTION,17,REP,Abby Kail,115,96,0,19
Beaver,SOUTH BEAVER TWP,DELEGATE TO THE REPUBLICAN NATIONAL CONVENTION,17,REP,Mike Mcmullen,104,86,0,18
Beaver,SOUTH BEAVER TWP,DELEGATE TO THE REPUBLICAN NATIONAL CONVENTION,17,REP,John Fredericks,89,77,0,12
Beaver,SOUTH BEAVER TWP,DELEGATE TO THE REPUBLICAN NATIONAL CONVENTION,17,REP,Jack Casey,76,63,0,13
Beaver,SOUTH BEAVER TWP,DELEGATE TO THE REPUBLICAN NATIONAL CONVENTION,17,REP,Bob Howard,58,43,0,15
Beaver,SOUTH BEAVER TWP,DELEGATE TO THE REPUBLICAN NATIONAL CONVENTION,17,REP,Vincent E Fusca,52,48,0,4
Beaver,SOUTH BEAVER TWP,DELEGATE TO THE REPUBLICAN NATIONAL CONVENTION,17,REP,Toni Shuppe,47,39,0,8
Beaver,SOUTH BEAVER TWP,DELEGATE TO THE REPUBLICAN NATIONAL CONVENTION,17,REP,Veronica S Steinkirchner,39,31,0,8
Beaver,SOUTH BEAVER TWP,DELEGATE TO THE REPUBLICAN NATIONAL CONVENTION,17,REP,Write-In Totals,1,1,0,0
Beaver,SOUTH BEAVER TWP,DELEGATE TO THE REPUBLICAN NATIONAL CONVENTION,17,REP,Not Assigned,1,1,0,0
Beaver,SOUTH BEAVER TWP,ALTERNATE DELEGATE TO THE REPUBLICAN NATIONAL CONVENTION,17,REP,Mike Mcmullen,136,113,0,23
Beaver,SOUTH BEAVER TWP,ALTERNATE DELEGATE TO THE REPUBLICAN NATIONAL CONVENTION,17,REP,Bob Hamilton,127,108,0,19
Beaver,SOUTH BEAVER TWP,ALTERNATE DELEGATE TO THE REPUBLICAN NATIONAL CONVENTION,17,REP,Christine Mattarochia,109,92,0,17
Beaver,SOUTH BEAVER TWP,ALTERNATE DELEGATE TO THE REPUBLICAN NATIONAL CONVENTION,17,REP,M J Costello,100,79,0,21
Beaver,SOUTH BEAVER TWP,ALTERNATE DELEGATE TO THE REPUBLICAN NATIONAL CONVENTION,17,REP,Write-In Totals,0,0,0,0
Beaver,SOUTH BEAVER TWP,ALTERNATE DELEGATE TO THE REPUBLICAN NATIONAL CONVENTION,17,REP,Not Assigned,0,0,0,0
Beaver,SOUTH HEIGHTS BORO,President,,DEM,Joseph R Biden Jr,33,27,0,6
Beaver,SOUTH HEIGHTS BORO,President,,DEM,Dean Phillips,7,6,0,1
Beaver,SOUTH HEIGHTS BORO,President,,DEM,Write-In Totals,2,2,0,0
Beaver,SOUTH HEIGHTS BORO,President,,DEM,Not Assigned,2,2,0,0
Beaver,SOUTH HEIGHTS BORO,U.S. Senate,,DEM,Robert P Casey Jr,27,20,0,7
Beaver,SOUTH HEIGHTS BORO,U.S. Senate,,DEM,William Parker,14,13,0,1
Beaver,SOUTH HEIGHTS BORO,U.S. Senate,,DEM,Write-In Totals,1,1,0,0
Beaver,SOUTH HEIGHTS BORO,U.S. Senate,,DEM,Not Assigned,1,1,0,0
Beaver,SOUTH HEIGHTS BORO,U.S. House,17,DEM,Chris Deluzio,43,35,0,8
Beaver,SOUTH HEIGHTS BORO,U.S. House,17,DEM,Write-In Totals,1,1,0,0
Beaver,SOUTH HEIGHTS BORO,U.S. House,17,DEM,Not Assigned,1,1,0,0
Beaver,SOUTH HEIGHTS BORO,State Senate,47,DEM,Write-In: Kate Lennen,16,16,0,0
Beaver,SOUTH HEIGHTS BORO,State Senate,47,DEM,Write-In: Scattered,3,1,0,2
Beaver,SOUTH HEIGHTS BORO,State Senate,47,DEM,Write-In: Elder Vogel Jr.,1,0,0,1
Beaver,SOUTH HEIGHTS BORO,State Senate,47,DEM,Write-In Totals,20,17,0,3
Beaver,SOUTH HEIGHTS BORO,State Senate,47,DEM,Not Assigned,0,0,0,0
Beaver,SOUTH HEIGHTS BORO,State House,16,DEM,Robert F Matzie,41,33,0,8
Beaver,SOUTH HEIGHTS BORO,State House,16,DEM,Write-In Totals,1,1,0,0
Beaver,SOUTH HEIGHTS BORO,State House,16,DEM,Not Assigned,1,1,0,0
Beaver,SOUTH HEIGHTS BORO,DELEGATE TO THE DEMOCRATIC NATIONAL CONVENTION,17,DEM,Nancy Werme,35,29,0,6
Beaver,SOUTH HEIGHTS BORO,DELEGATE TO THE DEMOCRATIC NATIONAL CONVENTION,17,DEM,Kaylee Werner,33,27,0,6
Beaver,SOUTH HEIGHTS BORO,DELEGATE TO THE DEMOCRATIC NATIONAL CONVENTION,17,DEM,Lisa M Baldis,31,25,0,6
Beaver,SOUTH HEIGHTS BORO,DELEGATE TO THE DEMOCRATIC NATIONAL CONVENTION,17,DEM,Dwan B Walker,31,26,0,5
Beaver,SOUTH HEIGHTS BORO,DELEGATE TO THE DEMOCRATIC NATIONAL CONVENTION,17,DEM,Mary Jane Jones-Gilliam,30,24,0,6
Beaver,SOUTH HEIGHTS BORO,DELEGATE TO THE DEMOCRATIC NATIONAL CONVENTION,17,DEM,Arvind Venkat,28,22,0,6
Beaver,SOUTH HEIGHTS BORO,DELEGATE TO THE DEMOCRATIC NATIONAL CONVENTION,17,DEM,Kevin Kinross,27,22,0,5
Beaver,SOUTH HEIGHTS BORO,DELEGATE TO THE DEMOCRATIC NATIONAL CONVENTION,17,DEM,Write-In Totals,1,1,0,0
Beaver,SOUTH HEIGHTS BORO,DELEGATE TO THE DEMOCRATIC NATIONAL CONVENTION,17,DEM,Not Assigned,1,1,0,0
Beaver,SOUTH HEIGHTS BORO,President,,REP,Donald J Trump,20,20,0,0
Beaver,SOUTH HEIGHTS BORO,President,,REP,Nikki R Haley,3,2,0,1
Beaver,SOUTH HEIGHTS BORO,President,,REP,Write-In Totals,1,1,0,0
Beaver,SOUTH HEIGHTS BORO,President,,REP,Not Assigned,1,1,0,0
Beaver,SOUTH HEIGHTS BORO,U.S. Senate,,REP,Dave Mccormick,20,19,0,1
Beaver,SOUTH HEIGHTS BORO,U.S. Senate,,REP,Joseph J Vodvarka,2,2,0,0
Beaver,SOUTH HEIGHTS BORO,U.S. Senate,,REP,Write-In Totals,0,0,0,0
Beaver,SOUTH HEIGHTS BORO,U.S. Senate,,REP,Not Assigned,0,0,0,0
Beaver,SOUTH HEIGHTS BORO,U.S. House,17,REP,Rob Mercuri,19,18,0,1
Beaver,SOUTH HEIGHTS BORO,U.S. House,17,REP,Write-In Totals,0,0,0,0
Beaver,SOUTH HEIGHTS BORO,U.S. House,17,REP,Not Assigned,0,0,0,0
Beaver,SOUTH HEIGHTS BORO,State Senate,47,REP,Elder Vogel Jr,22,21,0,1
Beaver,SOUTH HEIGHTS BORO,State Senate,47,REP,Write-In Totals,0,0,0,0
Beaver,SOUTH HEIGHTS BORO,State Senate,47,REP,Not Assigned,0,0,0,0
Beaver,SOUTH HEIGHTS BORO,State House,16,REP,Michael J Perich,21,20,0,1
Beaver,SOUTH HEIGHTS BORO,State House,16,REP,Write-In Totals,0,0,0,0
Beaver,SOUTH HEIGHTS BORO,State House,16,REP,Not Assigned,0,0,0,0
Beaver,SOUTH HEIGHTS BORO,DELEGATE TO THE REPUBLICAN NATIONAL CONVENTION,17,REP,Mike Mcmullen,13,12,0,1
Beaver,SOUTH HEIGHTS BORO,DELEGATE TO THE REPUBLICAN NATIONAL CONVENTION,17,REP,John Fredericks,11,11,0,0
Beaver,SOUTH HEIGHTS BORO,DELEGATE TO THE REPUBLICAN NATIONAL CONVENTION,17,REP,Veronica S Steinkirchner,7,6,0,1
Beaver,SOUTH HEIGHTS BORO,DELEGATE TO THE REPUBLICAN NATIONAL CONVENTION,17,REP,Abby Kail,6,5,0,1
Beaver,SOUTH HEIGHTS BORO,DELEGATE TO THE REPUBLICAN NATIONAL CONVENTION,17,REP,Bob Howard,6,6,0,0
Beaver,SOUTH HEIGHTS BORO,DELEGATE TO THE REPUBLICAN NATIONAL CONVENTION,17,REP,Jack Casey,5,5,0,0
Beaver,SOUTH HEIGHTS BORO,DELEGATE TO THE REPUBLICAN NATIONAL CONVENTION,17,REP,Toni Shuppe,4,4,0,0
Beaver,SOUTH HEIGHTS BORO,DELEGATE TO THE REPUBLICAN NATIONAL CONVENTION,17,REP,Vincent E Fusca,2,2,0,0
Beaver,SOUTH HEIGHTS BORO,DELEGATE TO THE REPUBLICAN NATIONAL CONVENTION,17,REP,Write-In Totals,0,0,0,0
Beaver,SOUTH HEIGHTS BORO,DELEGATE TO THE REPUBLICAN NATIONAL CONVENTION,17,REP,Not Assigned,0,0,0,0
Beaver,SOUTH HEIGHTS BORO,ALTERNATE DELEGATE TO THE REPUBLICAN NATIONAL CONVENTION,17,REP,Mike Mcmullen,13,13,0,0
Beaver,SOUTH HEIGHTS BORO,ALTERNATE DELEGATE TO THE REPUBLICAN NATIONAL CONVENTION,17,REP,M J Costello,10,9,0,1
Beaver,SOUTH HEIGHTS BORO,ALTERNATE DELEGATE TO THE REPUBLICAN NATIONAL CONVENTION,17,REP,Christine Mattarochia,9,8,0,1
Beaver,SOUTH HEIGHTS BORO,ALTERNATE DELEGATE TO THE REPUBLICAN NATIONAL CONVENTION,17,REP,Bob Hamilton,8,7,0,1
Beaver,SOUTH HEIGHTS BORO,ALTERNATE DELEGATE TO THE REPUBLICAN NATIONAL CONVENTION,17,REP,Write-In Totals,0,0,0,0
Beaver,SOUTH HEIGHTS BORO,ALTERNATE DELEGATE TO THE REPUBLICAN NATIONAL CONVENTION,17,REP,Not Assigned,0,0,0,0
Beaver,WEST MAYFIELD BORO,President,,DEM,Joseph R Biden Jr,77,37,0,40
Beaver,WEST MAYFIELD BORO,President,,DEM,Dean Phillips,21,15,0,6
Beaver,WEST MAYFIELD BORO,President,,DEM,Write-In Totals,9,7,0,2
Beaver,WEST MAYFIELD BORO,President,,DEM,Not Assigned,9,7,0,2
Beaver,WEST MAYFIELD BORO,U.S. Senate,,DEM,Robert P Casey Jr,84,47,0,37
Beaver,WEST MAYFIELD BORO,U.S. Senate,,DEM,William Parker,23,13,0,10
Beaver,WEST MAYFIELD BORO,U.S. Senate,,DEM,Write-In Totals,1,1,0,0
Beaver,WEST MAYFIELD BORO,U.S. Senate,,DEM,Not Assigned,1,1,0,0
Beaver,WEST MAYFIELD BORO,U.S. House,17,DEM,Chris Deluzio,105,59,0,46
Beaver,WEST MAYFIELD BORO,U.S. House,17,DEM,Write-In Totals,0,0,0,0
Beaver,WEST MAYFIELD BORO,U.S. House,17,DEM,Not Assigned,0,0,0,0
Beaver,WEST MAYFIELD BORO,State Senate,47,DEM,Write-In: Scattered,14,7,0,7
Beaver,WEST MAYFIELD BORO,State Senate,47,DEM,Write-In: Elder Vogel Jr.,10,8,0,2
Beaver,WEST MAYFIELD BORO,State Senate,47,DEM,Write-In: Kate Lennen,7,3,0,4
Beaver,WEST MAYFIELD BORO,State Senate,47,DEM,Write-In Totals,31,18,0,13
Beaver,WEST MAYFIELD BORO,State Senate,47,DEM,Not Assigned,0,0,0,0
Beaver,WEST MAYFIELD BORO,State House,14,DEM,Kenya Johns,106,61,0,45
Beaver,WEST MAYFIELD BORO,State House,14,DEM,Write-In Totals,0,0,0,0
Beaver,WEST MAYFIELD BORO,State House,14,DEM,Not Assigned,0,0,0,0
Beaver,WEST MAYFIELD BORO,DELEGATE TO THE DEMOCRATIC NATIONAL CONVENTION,17,DEM,Nancy Werme,82,43,0,39
Beaver,WEST MAYFIELD BORO,DELEGATE TO THE DEMOCRATIC NATIONAL CONVENTION,17,DEM,Kaylee Werner,77,38,0,39
Beaver,WEST MAYFIELD BORO,DELEGATE TO THE DEMOCRATIC NATIONAL CONVENTION,17,DEM,Lisa M Baldis,73,37,0,36
Beaver,WEST MAYFIELD BORO,DELEGATE TO THE DEMOCRATIC NATIONAL CONVENTION,17,DEM,Dwan B Walker,70,36,0,34
Beaver,WEST MAYFIELD BORO,DELEGATE TO THE DEMOCRATIC NATIONAL CONVENTION,17,DEM,Kevin Kinross,70,35,0,35
Beaver,WEST MAYFIELD BORO,DELEGATE TO THE DEMOCRATIC NATIONAL CONVENTION,17,DEM,Mary Jane Jones-Gilliam,69,35,0,34
Beaver,WEST MAYFIELD BORO,DELEGATE TO THE DEMOCRATIC NATIONAL CONVENTION,17,DEM,Arvind Venkat,68,35,0,33
Beaver,WEST MAYFIELD BORO,DELEGATE TO THE DEMOCRATIC NATIONAL CONVENTION,17,DEM,Write-In Totals,1,1,0,0
Beaver,WEST MAYFIELD BORO,DELEGATE TO THE DEMOCRATIC NATIONAL CONVENTION,17,DEM,Not Assigned,1,1,0,0
Beaver,WEST MAYFIELD BORO,President,,REP,Donald J Trump,84,78,0,6
Beaver,WEST MAYFIELD BORO,President,,REP,Nikki R Haley,10,4,0,6
Beaver,WEST MAYFIELD BORO,President,,REP,Write-In Totals,0,0,0,0
Beaver,WEST MAYFIELD BORO,President,,REP,Not Assigned,0,0,0,0
Beaver,WEST MAYFIELD BORO,U.S. Senate,,REP,Dave Mccormick,80,71,0,9
Beaver,WEST MAYFIELD BORO,U.S. Senate,,REP,Joseph J Vodvarka,14,10,0,4
Beaver,WEST MAYFIELD BORO,U.S. Senate,,REP,Write-In Totals,0,0,0,0
Beaver,WEST MAYFIELD BORO,U.S. Senate,,REP,Not Assigned,0,0,0,0
Beaver,WEST MAYFIELD BORO,U.S. House,17,REP,Rob Mercuri,91,79,0,12
Beaver,WEST MAYFIELD BORO,U.S. House,17,REP,Write-In Totals,0,0,0,0
Beaver,WEST MAYFIELD BORO,U.S. House,17,REP,Not Assigned,0,0,0,0
Beaver,WEST MAYFIELD BORO,State Senate,47,REP,Elder Vogel Jr,91,78,0,13
Beaver,WEST MAYFIELD BORO,State Senate,47,REP,Write-In Totals,0,0,0,0
Beaver,WEST MAYFIELD BORO,State Senate,47,REP,Not Assigned,0,0,0,0
Beaver,WEST MAYFIELD BORO,State House,14,REP,Roman Kozak,93,81,0,12
Beaver,WEST MAYFIELD BORO,State House,14,REP,Write-In Totals,0,0,0,0
Beaver,WEST MAYFIELD BORO,State House,14,REP,Not Assigned,0,0,0,0
Beaver,WEST MAYFIELD BORO,DELEGATE TO THE REPUBLICAN NATIONAL CONVENTION,17,REP,Mike Mcmullen,44,38,0,6
Beaver,WEST MAYFIELD BORO,DELEGATE TO THE REPUBLICAN NATIONAL CONVENTION,17,REP,Jack Casey,40,33,0,7
Beaver,WEST MAYFIELD BORO,DELEGATE TO THE REPUBLICAN NATIONAL CONVENTION,17,REP,Abby Kail,40,33,0,7
Beaver,WEST MAYFIELD BORO,DELEGATE TO THE REPUBLICAN NATIONAL CONVENTION,17,REP,John Fredericks,34,28,0,6
Beaver,WEST MAYFIELD BORO,DELEGATE TO THE REPUBLICAN NATIONAL CONVENTION,17,REP,Bob Howard,24,21,0,3
Beaver,WEST MAYFIELD BORO,DELEGATE TO THE REPUBLICAN NATIONAL CONVENTION,17,REP,Toni Shuppe,23,21,0,2
Beaver,WEST MAYFIELD BORO,DELEGATE TO THE REPUBLICAN NATIONAL CONVENTION,17,REP,Veronica S Steinkirchner,21,19,0,2
Beaver,WEST MAYFIELD BORO,DELEGATE TO THE REPUBLICAN NATIONAL CONVENTION,17,REP,Vincent E Fusca,8,6,0,2
Beaver,WEST MAYFIELD BORO,DELEGATE TO THE REPUBLICAN NATIONAL CONVENTION,17,REP,Write-In Totals,0,0,0,0
Beaver,WEST MAYFIELD BORO,DELEGATE TO THE REPUBLICAN NATIONAL CONVENTION,17,REP,Not Assigned,0,0,0,0
Beaver,WEST MAYFIELD BORO,ALTERNATE DELEGATE TO THE REPUBLICAN NATIONAL CONVENTION,17,REP,Mike Mcmullen,50,42,0,8
Beaver,WEST MAYFIELD BORO,ALTERNATE DELEGATE TO THE REPUBLICAN NATIONAL CONVENTION,17,REP,Christine Mattarochia,48,42,0,6
Beaver,WEST MAYFIELD BORO,ALTERNATE DELEGATE TO THE REPUBLICAN NATIONAL CONVENTION,17,REP,Bob Hamilton,44,40,0,4
Beaver,WEST MAYFIELD BORO,ALTERNATE DELEGATE TO THE REPUBLICAN NATIONAL CONVENTION,17,REP,M J Costello,40,34,0,6
Beaver,WEST MAYFIELD BORO,ALTERNATE DELEGATE TO THE REPUBLICAN NATIONAL CONVENTION,17,REP,Write-In Totals,1,1,0,0
Beaver,WEST MAYFIELD BORO,ALTERNATE DELEGATE TO THE REPUBLICAN NATIONAL CONVENTION,17,REP,Not Assigned,1,1,0,0
Beaver,WHITE TWP,President,,DEM,Joseph R Biden Jr,77,37,0,40
Beaver,WHITE TWP,President,,DEM,Dean Phillips,12,6,0,6
Beaver,WHITE TWP,President,,DEM,Write-In Totals,4,4,0,0
Beaver,WHITE TWP,President,,DEM,Not Assigned,4,4,0,0
Beaver,WHITE TWP,U.S. Senate,,DEM,Robert P Casey Jr,79,37,0,42
Beaver,WHITE TWP,U.S. Senate,,DEM,William Parker,15,10,0,5
Beaver,WHITE TWP,U.S. Senate,,DEM,Write-In Totals,2,2,0,0
Beaver,WHITE TWP,U.S. Senate,,DEM,Not Assigned,2,2,0,0
Beaver,WHITE TWP,U.S. House,17,DEM,Chris Deluzio,95,49,0,46
Beaver,WHITE TWP,U.S. House,17,DEM,Write-In Totals,0,0,0,0
Beaver,WHITE TWP,U.S. House,17,DEM,Not Assigned,0,0,0,0
Beaver,WHITE TWP,State Senate,47,DEM,Write-In: Scattered,11,3,0,8
Beaver,WHITE TWP,State Senate,47,DEM,Write-In: Elder Vogel Jr.,10,4,0,6
Beaver,WHITE TWP,State Senate,47,DEM,Write-In: Kate Lennen,3,3,0,0
Beaver,WHITE TWP,State Senate,47,DEM,Write-In Totals,24,10,0,14
Beaver,WHITE TWP,State Senate,47,DEM,Not Assigned,0,0,0,0
Beaver,WHITE TWP,State House,14,DEM,Kenya Johns,89,45,0,44
Beaver,WHITE TWP,State House,14,DEM,Write-In Totals,0,0,0,0
Beaver,WHITE TWP,State House,14,DEM,Not Assigned,0,0,0,0
Beaver,WHITE TWP,DELEGATE TO THE DEMOCRATIC NATIONAL CONVENTION,17,DEM,Nancy Werme,74,36,0,38
Beaver,WHITE TWP,DELEGATE TO THE DEMOCRATIC NATIONAL CONVENTION,17,DEM,Kaylee Werner,73,34,0,39
Beaver,WHITE TWP,DELEGATE TO THE DEMOCRATIC NATIONAL CONVENTION,17,DEM,Dwan B Walker,73,34,0,39
Beaver,WHITE TWP,DELEGATE TO THE DEMOCRATIC NATIONAL CONVENTION,17,DEM,Mary Jane Jones-Gilliam,71,34,0,37
Beaver,WHITE TWP,DELEGATE TO THE DEMOCRATIC NATIONAL CONVENTION,17,DEM,Kevin Kinross,69,33,0,36
Beaver,WHITE TWP,DELEGATE TO THE DEMOCRATIC NATIONAL CONVENTION,17,DEM,Lisa M Baldis,68,32,0,36
Beaver,WHITE TWP,DELEGATE TO THE DEMOCRATIC NATIONAL CONVENTION,17,DEM,Arvind Venkat,66,29,0,37
Beaver,WHITE TWP,DELEGATE TO THE DEMOCRATIC NATIONAL CONVENTION,17,DEM,Write-In Totals,1,1,0,0
Beaver,WHITE TWP,DELEGATE TO THE DEMOCRATIC NATIONAL CONVENTION,17,DEM,Not Assigned,1,1,0,0
Beaver,WHITE TWP,President,,REP,Donald J Trump,64,57,0,7
Beaver,WHITE TWP,President,,REP,Nikki R Haley,6,2,0,4
Beaver,WHITE TWP,President,,REP,Write-In Totals,2,1,0,1
Beaver,WHITE TWP,President,,REP,Not Assigned,2,1,0,1
Beaver,WHITE TWP,U.S. Senate,,REP,Dave Mccormick,67,55,0,12
Beaver,WHITE TWP,U.S. Senate,,REP,Joseph J Vodvarka,3,3,0,0
Beaver,WHITE TWP,U.S. Senate,,REP,Write-In Totals,0,0,0,0
Beaver,WHITE TWP,U.S. Senate,,REP,Not Assigned,0,0,0,0
Beaver,WHITE TWP,U.S. House,17,REP,Rob Mercuri,62,50,0,12
Beaver,WHITE TWP,U.S. House,17,REP,Write-In Totals,0,0,0,0
Beaver,WHITE TWP,U.S. House,17,REP,Not Assigned,0,0,0,0
Beaver,WHITE TWP,State Senate,47,REP,Elder Vogel Jr,69,56,0,13
Beaver,WHITE TWP,State Senate,47,REP,Write-In Totals,1,1,0,0
Beaver,WHITE TWP,State Senate,47,REP,Not Assigned,1,1,0,0
Beaver,WHITE TWP,State House,14,REP,Roman Kozak,67,54,0,13
Beaver,WHITE TWP,State House,14,REP,Write-In Totals,1,1,0,0
Beaver,WHITE TWP,State House,14,REP,Not Assigned,1,1,0,0
Beaver,WHITE TWP,DELEGATE TO THE REPUBLICAN NATIONAL CONVENTION,17,REP,Mike Mcmullen,41,34,0,7
Beaver,WHITE TWP,DELEGATE TO THE REPUBLICAN NATIONAL CONVENTION,17,REP,Jack Casey,25,23,0,2
Beaver,WHITE TWP,DELEGATE TO THE REPUBLICAN NATIONAL CONVENTION,17,REP,John Fredericks,25,23,0,2
Beaver,WHITE TWP,DELEGATE TO THE REPUBLICAN NATIONAL CONVENTION,17,REP,Abby Kail,24,17,0,7
Beaver,WHITE TWP,DELEGATE TO THE REPUBLICAN NATIONAL CONVENTION,17,REP,Toni Shuppe,23,18,0,5
Beaver,WHITE TWP,DELEGATE TO THE REPUBLICAN NATIONAL CONVENTION,17,REP,Veronica S Steinkirchner,13,7,0,6
Beaver,WHITE TWP,DELEGATE TO THE REPUBLICAN NATIONAL CONVENTION,17,REP,Bob Howard,12,11,0,1
Beaver,WHITE TWP,DELEGATE TO THE REPUBLICAN NATIONAL CONVENTION,17,REP,Vincent E Fusca,12,9,0,3
Beaver,WHITE TWP,DELEGATE TO THE REPUBLICAN NATIONAL CONVENTION,17,REP,Write-In Totals,0,0,0,0
Beaver,WHITE TWP,DELEGATE TO THE REPUBLICAN NATIONAL CONVENTION,17,REP,Not Assigned,0,0,0,0
Beaver,WHITE TWP,ALTERNATE DELEGATE TO THE REPUBLICAN NATIONAL CONVENTION,17,REP,Bob Hamilton,37,29,0,8
Beaver,WHITE TWP,ALTERNATE DELEGATE TO THE REPUBLICAN NATIONAL CONVENTION,17,REP,M J Costello,33,27,0,6
Beaver,WHITE TWP,ALTERNATE DELEGATE TO THE REPUBLICAN NATIONAL CONVENTION,17,REP,Mike Mcmullen,32,26,0,6
Beaver,WHITE TWP,ALTERNATE DELEGATE TO THE REPUBLICAN NATIONAL CONVENTION,17,REP,Christine Mattarochia,28,21,0,7
Beaver,WHITE TWP,ALTERNATE DELEGATE TO THE REPUBLICAN NATIONAL CONVENTION,17,REP,Write-In Totals,0,0,0,0
Beaver,WHITE TWP,ALTERNATE DELEGATE TO THE REPUBLICAN NATIONAL CONVENTION,17,REP,Not Assigned,0,0,0,0
Beaver,ALIQUIPPA 1,Registered Voters,,,,271,,,
Beaver,ALIQUIPPA 1,Ballots Cast,,,,62,,,
Beaver,ALIQUIPPA 2,Registered Voters,,,,720,,,
Beaver,ALIQUIPPA 2,Ballots Cast,,,,150,,,
Beaver,ALIQUIPPA 3,Registered Voters,,,,318,,,
Beaver,ALIQUIPPA 3,Ballots Cast,,,,61,,,
Beaver,ALIQUIPPA 4,Registered Voters,,,,271,,,
Beaver,ALIQUIPPA 4,Ballots Cast,,,,58,,,
Beaver,ALIQUIPPA 5,Registered Voters,,,,536,,,
Beaver,ALIQUIPPA 5,Ballots Cast,,,,106,,,
Beaver,ALIQUIPPA 6,Registered Voters,,,,1,,,
Beaver,ALIQUIPPA 6,Ballots Cast,,,,203,,,
Beaver,ALIQUIPPA 7,Registered Voters,,,,1,,,
Beaver,ALIQUIPPA 7,Ballots Cast,,,,319,,,
Beaver,ALIQUIPPA 8,Registered Voters,,,,812,,,
Beaver,ALIQUIPPA 8,Ballots Cast,,,,194,,,
Beaver,ALIQUIPPA 9,Registered Voters,,,,401,,,
Beaver,ALIQUIPPA 9,Ballots Cast,,,,53,,,
Beaver,AMBRIDGE BORO 1,Registered Voters,,,,784,,,
Beaver,AMBRIDGE BORO 1,Ballots Cast,,,,126,,,
Beaver,AMBRIDGE BORO 2,Registered Voters,,,,818,,,
Beaver,AMBRIDGE BORO 2,Ballots Cast,,,,109,,,
Beaver,AMBRIDGE BORO 3,Registered Voters,,,,950,,,
Beaver,AMBRIDGE BORO 3,Ballots Cast,,,,189,,,
Beaver,AMBRIDGE BORO 4,Registered Voters,,,,879,,,
Beaver,AMBRIDGE BORO 4,Ballots Cast,,,,137,,,
Beaver,AMBRIDGE BORO 5,Registered Voters,,,,691,,,
Beaver,AMBRIDGE BORO 5,Ballots Cast,,,,120,,,
Beaver,BADEN BORO 1,Registered Voters,,,,719,,,
Beaver,BADEN BORO 1,Ballots Cast,,,,219,,,
Beaver,BADEN BORO 2,Registered Voters,,,,1,,,
Beaver,BADEN BORO 2,Ballots Cast,,,,204,,,
Beaver,BADEN BORO 3,Registered Voters,,,,937,,,
Beaver,BADEN BORO 3,Ballots Cast,,,,242,,,
Beaver,BEAVER BORO 1,Registered Voters,,,,1,,,
Beaver,BEAVER BORO 1,Ballots Cast,,,,258,,,
Beaver,BEAVER BORO 2,Registered Voters,,,,1,,,
Beaver,BEAVER BORO 2,Ballots Cast,,,,319,,,
Beaver,BEAVER BORO 3,Registered Voters,,,,1,,,
Beaver,BEAVER BORO 3,Ballots Cast,,,,331,,,
Beaver,BEAVER FALLS 1,Registered Voters,,,,869,,,
Beaver,BEAVER FALLS 1,Ballots Cast,,,,135,,,
Beaver,BEAVER FALLS 2,Registered Voters,,,,798,,,
Beaver,BEAVER FALLS 2,Ballots Cast,,,,123,,,
Beaver,BEAVER FALLS 3,Registered Voters,,,,850,,,
Beaver,BEAVER FALLS 3,Ballots Cast,,,,145,,,
Beaver,BEAVER FALLS 4,Registered Voters,,,,550,,,
Beaver,BEAVER FALLS 4,Ballots Cast,,,,100,,,
Beaver,BEAVER FALLS 5,Registered Voters,,,,766,,,
Beaver,BEAVER FALLS 5,Ballots Cast,,,,155,,,
Beaver,BEAVER FALLS 6,Registered Voters,,,,739,,,
Beaver,BEAVER FALLS 6,Ballots Cast,,,,168,,,
Beaver,BIG BEAVER BORO,Registered Voters,,,,1,,,
Beaver,BIG BEAVER BORO,Ballots Cast,,,,394,,,
Beaver,VANPORT TWP,Registered Voters,,,,959,,,
Beaver,VANPORT TWP,Ballots Cast,,,,314,,,
Beaver,BRIDGEWATER BORO,Registered Voters,,,,572,,,
Beaver,BRIDGEWATER BORO,Ballots Cast,,,,162,,,
Beaver,BRIGHTON TWP 1,Registered Voters,,,,1,,,
Beaver,BRIGHTON TWP 1,Ballots Cast,,,,307,,,
Beaver,BRIGHTON TWP 2,Registered Voters,,,,1,,,
Beaver,BRIGHTON TWP 2,Ballots Cast,,,,322,,,
Beaver,BRIGHTON TWP 3,Registered Voters,,,,982,,,
Beaver,BRIGHTON TWP 3,Ballots Cast,,,,258,,,
Beaver,BRIGHTON TWP 4,Registered Voters,,,,1,,,
Beaver,BRIGHTON TWP 4,Ballots Cast,,,,265,,,
Beaver,BRIGHTON TWP 5,Registered Voters,,,,1,,,
Beaver,BRIGHTON TWP 5,Ballots Cast,,,,376,,,
Beaver,CENTER TWP 1,Registered Voters,,,,1,,,
Beaver,CENTER TWP 1,Ballots Cast,,,,234,,,
Beaver,CENTER TWP 2,Registered Voters,,,,803,,,
Beaver,CENTER TWP 2,Ballots Cast,,,,174,,,
Beaver,CENTER TWP 3,Registered Voters,,,,582,,,
Beaver,CENTER TWP 3,Ballots Cast,,,,135,,,
Beaver,CENTER TWP 4,Registered Voters,,,,1,,,
Beaver,CENTER TWP 4,Ballots Cast,,,,428,,,
Beaver,CENTER TWP 5,Registered Voters,,,,1,,,
Beaver,CENTER TWP 5,Ballots Cast,,,,358,,,
Beaver,CENTER TWP 6,Registered Voters,,,,1,,,
Beaver,CENTER TWP 6,Ballots Cast,,,,283,,,
Beaver,CENTER TWP 7,Registered Voters,,,,878,,,
Beaver,CENTER TWP 7,Ballots Cast,,,,237,,,
Beaver,CENTER TWP 8,Registered Voters,,,,830,,,
Beaver,CENTER TWP 8,Ballots Cast,,,,231,,,
Beaver,CHIPPEWA TWP 1,Registered Voters,,,,1,,,
Beaver,CHIPPEWA TWP 1,Ballots Cast,,,,508,,,
Beaver,CHIPPEWA TWP 2,Registered Voters,,,,1,,,
Beaver,CHIPPEWA TWP 2,Ballots Cast,,,,322,,,
Beaver,CHIPPEWA TWP 3,Registered Voters,,,,1,,,
Beaver,CHIPPEWA TWP 3,Ballots Cast,,,,468,,,
Beaver,CHIPPEWA TWP 4,Registered Voters,,,,1,,,
Beaver,CHIPPEWA TWP 4,Ballots Cast,,,,242,,,
Beaver,CONWAY BORO 1,Registered Voters,,,,564,,,
Beaver,CONWAY BORO 1,Ballots Cast,,,,143,,,
Beaver,CONWAY BORO 2,Registered Voters,,,,897,,,
Beaver,CONWAY BORO 2,Ballots Cast,,,,246,,,
Beaver,DARLINGTON BORO,Registered Voters,,,,136,,,
Beaver,DARLINGTON BORO,Ballots Cast,,,,34,,,
Beaver,DARLINGTON TWP,Registered Voters,,,,1,,,
Beaver,DARLINGTON TWP,Ballots Cast,,,,269,,,
Beaver,DAUGHERTY TWP 1,Registered Voters,,,,1,,,
Beaver,DAUGHERTY TWP 1,Ballots Cast,,,,266,,,
Beaver,DAUGHERTY TWP 2,Registered Voters,,,,1,,,
Beaver,DAUGHERTY TWP 2,Ballots Cast,,,,286,,,
Beaver,EAST ROCHESTER BORO,Registered Voters,,,,359,,,
Beaver,EAST ROCHESTER BORO,Ballots Cast,,,,89,,,
Beaver,EASTVALE BORO,Registered Voters,,,,124,,,
Beaver,EASTVALE BORO,Ballots Cast,,,,33,,,
Beaver,ECONOMY BORO 1,Registered Voters,,,,1,,,
Beaver,ECONOMY BORO 1,Ballots Cast,,,,468,,,
Beaver,ECONOMY BORO 2,Registered Voters,,,,1,,,
Beaver,ECONOMY BORO 2,Ballots Cast,,,,406,,,
Beaver,ECONOMY BORO 3,Registered Voters,,,,1,,,
Beaver,ECONOMY BORO 3,Ballots Cast,,,,375,,,
Beaver,ECONOMY BORO 4,Registered Voters,,,,1,,,
Beaver,ECONOMY BORO 4,Ballots Cast,,,,410,,,
Beaver,ECONOMY BORO 5,Registered Voters,,,,1,,,
Beaver,ECONOMY BORO 5,Ballots Cast,,,,281,,,
Beaver,FALLSTON BORO,Registered Voters,,,,167,,,
Beaver,FALLSTON BORO,Ballots Cast,,,,41,,,
Beaver,FRANKFORT SPRINGS BORO,Registered Voters,,,,82,,,
Beaver,FRANKFORT SPRINGS BORO,Ballots Cast,,,,28,,,
Beaver,FRANKLIN TWP 1,Registered Voters,,,,925,,,
Beaver,FRANKLIN TWP 1,Ballots Cast,,,,273,,,
Beaver,FRANKLIN TWP 2,Registered Voters,,,,1,,,
Beaver,FRANKLIN TWP 2,Ballots Cast,,,,404,,,
Beaver,FREEDOM BORO,Registered Voters,,,,867,,,
Beaver,FREEDOM BORO,Ballots Cast,,,,159,,,
Beaver,GEORGETOWN BORO,Registered Voters,,,,113,,,
Beaver,GEORGETOWN BORO,Ballots Cast,,,,43,,,
Beaver,GLASGOW BORO,Registered Voters,,,,43,,,
Beaver,GLASGOW BORO,Ballots Cast,,,,8,,,
Beaver,GREENE TWP,Registered Voters,,,,1,,,
Beaver,GREENE TWP,Ballots Cast,,,,376,,,
Beaver,HANOVER TWP 1,Registered Voters,,,,1,,,
Beaver,HANOVER TWP 1,Ballots Cast,,,,344,,,
Beaver,HANOVER TWP 2,Registered Voters,,,,835,,,
Beaver,HANOVER TWP 2,Ballots Cast,,,,227,,,
Beaver,HARMONY TWP 1,Registered Voters,,,,1,,,
Beaver,HARMONY TWP 1,Ballots Cast,,,,257,,,
Beaver,HARMONY TWP 2,Registered Voters,,,,447,,,
Beaver,HARMONY TWP 2,Ballots Cast,,,,135,,,
Beaver,HARMONY TWP 3,Registered Voters,,,,763,,,
Beaver,HARMONY TWP 3,Ballots Cast,,,,154,,,
Beaver,HOMEWOOD BORO,Registered Voters,,,,60,,,
Beaver,HOMEWOOD BORO,Ballots Cast,,,,24,,,
Beaver,HOOKSTOWN BORO,Registered Voters,,,,86,,,
Beaver,HOOKSTOWN BORO,Ballots Cast,,,,18,,,
Beaver,HOPEWELL TWP 1,Registered Voters,,,,408,,,
Beaver,HOPEWELL TWP 1,Ballots Cast,,,,80,,,
Beaver,HOPEWELL TWP 2,Registered Voters,,,,1,,,
Beaver,HOPEWELL TWP 2,Ballots Cast,,,,312,,,
Beaver,HOPEWELL TWP 3,Registered Voters,,,,770,,,
Beaver,HOPEWELL TWP 3,Ballots Cast,,,,160,,,
Beaver,HOPEWELL TWP 4,Registered Voters,,,,1,,,
Beaver,HOPEWELL TWP 4,Ballots Cast,,,,261,,,
Beaver,HOPEWELL TWP 5,Registered Voters,,,,1,,,
Beaver,HOPEWELL TWP 5,Ballots Cast,,,,319,,,
Beaver,HOPEWELL TWP 6,Registered Voters,,,,1,,,
Beaver,HOPEWELL TWP 6,Ballots Cast,,,,305,,,
Beaver,HOPEWELL TWP 7,Registered Voters,,,,1,,,
Beaver,HOPEWELL TWP 7,Ballots Cast,,,,384,,,
Beaver,HOPEWELL TWP 8,Registered Voters,,,,649,,,
Beaver,HOPEWELL TWP 8,Ballots Cast,,,,151,,,
Beaver,HOPEWELL TWP 9,Registered Voters,,,,989,,,
Beaver,HOPEWELL TWP 9,Ballots Cast,,,,285,,,
Beaver,INDEPENDENCE TWP,Registered Voters,,,,1,,,
Beaver,INDEPENDENCE TWP,Ballots Cast,,,,409,,,
Beaver,INDUSTRY BORO,Registered Voters,,,,1,,,
Beaver,INDUSTRY BORO,Ballots Cast,,,,302,,,
Beaver,KOPPEL BORO,Registered Voters,,,,446,,,
Beaver,KOPPEL BORO,Ballots Cast,,,,102,,,
Beaver,MARION TWP,Registered Voters,,,,571,,,
Beaver,MARION TWP,Ballots Cast,,,,156,,,
Beaver,MIDLAND BORO 1,Registered Voters,,,,777,,,
Beaver,MIDLAND BORO 1,Ballots Cast,,,,217,,,
Beaver,MIDLAND BORO 2,Registered Voters,,,,391,,,
Beaver,MIDLAND BORO 2,Ballots Cast,,,,78,,,
Beaver,MIDLAND BORO 3,Registered Voters,,,,217,,,
Beaver,MIDLAND BORO 3,Ballots Cast,,,,21,,,
Beaver,MONACA BORO 1,Registered Voters,,,,418,,,
Beaver,MONACA BORO 1,Ballots Cast,,,,96,,,
Beaver,MONACA BORO 2,Registered Voters,,,,703,,,
Beaver,MONACA BORO 2,Ballots Cast,,,,144,,,
Beaver,MONACA BORO 3,Registered Voters,,,,839,,,
Beaver,MONACA BORO 3,Ballots Cast,,,,213,,,
Beaver,MONACA BORO 4,Registered Voters,,,,952,,,
Beaver,MONACA BORO 4,Ballots Cast,,,,242,,,
Beaver,MONACA BORO 5,Registered Voters,,,,619,,,
Beaver,MONACA BORO 5,Ballots Cast,,,,138,,,
Beaver,NEW BRIGHTON BORO 1,Registered Voters,,,,871,,,
Beaver,NEW BRIGHTON BORO 1,Ballots Cast,,,,114,,,
Beaver,NEW BRIGHTON BORO 2,Registered Voters,,,,467,,,
Beaver,NEW BRIGHTON BORO 2,Ballots Cast,,,,78,,,
Beaver,NEW BRIGHTON BORO 3,Registered Voters,,,,396,,,
Beaver,NEW BRIGHTON BORO 3,Ballots Cast,,,,64,,,
Beaver,NEW BRIGHTON BORO 4,Registered Voters,,,,555,,,
Beaver,NEW BRIGHTON BORO 4,Ballots Cast,,,,99,,,
Beaver,NEW BRIGHTON BORO 5,Registered Voters,,,,913,,,
Beaver,NEW BRIGHTON BORO 5,Ballots Cast,,,,211,,,
Beaver,NEW GALILEE BORO,Registered Voters,,,,205,,,
Beaver,NEW GALILEE BORO,Ballots Cast,,,,47,,,
Beaver,NEW SEWICKLEY TWP 1,Registered Voters,,,,2,,,
Beaver,NEW SEWICKLEY TWP 1,Ballots Cast,,,,830,,,
Beaver,NEW SEWICKLEY TWP 2,Registered Voters,,,,1,,,
Beaver,NEW SEWICKLEY TWP 2,Ballots Cast,,,,431,,,
Beaver,NEW SEWICKLEY TWP 3,Registered Voters,,,,1,,,
Beaver,NEW SEWICKLEY TWP 3,Ballots Cast,,,,316,,,
Beaver,NORTH SEWICKLEY TWP 1,Registered Voters,,,,822,,,
Beaver,NORTH SEWICKLEY TWP 1,Ballots Cast,,,,170,,,
Beaver,NORTH SEWICKLEY TWP 2,Registered Voters,,,,1,,,
Beaver,NORTH SEWICKLEY TWP 2,Ballots Cast,,,,213,,,
Beaver,NORTH SEWICKLEY TWP 3,Registered Voters,,,,863,,,
Beaver,NORTH SEWICKLEY TWP 3,Ballots Cast,,,,221,,,
Beaver,NORTH SEWICKLEY TWP 4,Registered Voters,,,,328,,,
Beaver,NORTH SEWICKLEY TWP 4,Ballots Cast,,,,75,,,
Beaver,NORTH SEWICKLEY TWP 5,Registered Voters,,,,871,,,
Beaver,NORTH SEWICKLEY TWP 5,Ballots Cast,,,,210,,,
Beaver,OHIOVILLE BORO 1,Registered Voters,,,,1,,,
Beaver,OHIOVILLE BORO 1,Ballots Cast,,,,307,,,
Beaver,OHIOVILLE BORO 2,Registered Voters,,,,1,,,
Beaver,OHIOVILLE BORO 2,Ballots Cast,,,,299,,,
Beaver,PATTERSON HEIGHTS BORO,Registered Voters,,,,455,,,
Beaver,PATTERSON HEIGHTS BORO,Ballots Cast,,,,127,,,
Beaver,PATTERSON TWP 1,Registered Voters,,,,1,,,
Beaver,PATTERSON TWP 1,Ballots Cast,,,,254,,,
Beaver,PATTERSON TWP 2,Registered Voters,,,,961,,,
Beaver,PATTERSON TWP 2,Ballots Cast,,,,210,,,
Beaver,POTTER TWP,Registered Voters,,,,403,,,
Beaver,POTTER TWP,Ballots Cast,,,,113,,,
Beaver,PULASKI TWP,Registered Voters,,,,794,,,
Beaver,PULASKI TWP,Ballots Cast,,,,213,,,
Beaver,RACCOON TWP 1,Registered Voters,,,,1,,,
Beaver,RACCOON TWP 1,Ballots Cast,,,,292,,,
Beaver,RACCOON TWP 2,Registered Voters,,,,849,,,
Beaver,RACCOON TWP 2,Ballots Cast,,,,215,,,
Beaver,ROCHESTER BORO 1,Registered Voters,,,,481,,,
Beaver,ROCHESTER BORO 1,Ballots Cast,,,,92,,,
Beaver,ROCHESTER BORO 2,Registered Voters,,,,483,,,
Beaver,ROCHESTER BORO 2,Ballots Cast,,,,85,,,
Beaver,ROCHESTER BORO 3,Registered Voters,,,,521,,,
Beaver,ROCHESTER BORO 3,Ballots Cast,,,,105,,,
Beaver,ROCHESTER BORO 4,Registered Voters,,,,473,,,
Beaver,ROCHESTER BORO 4,Ballots Cast,,,,77,,,
Beaver,ROCHESTER TWP 1,Registered Voters,,,,587,,,
Beaver,ROCHESTER TWP 1,Ballots Cast,,,,152,,,
Beaver,ROCHESTER TWP 2,Registered Voters,,,,1,,,
Beaver,ROCHESTER TWP 2,Ballots Cast,,,,323,,,
Beaver,SHIPPINGPORT BORO,Registered Voters,,,,102,,,
Beaver,SHIPPINGPORT BORO,Ballots Cast,,,,19,,,
Beaver,SOUTH BEAVER TWP,Registered Voters,,,,1,,,
Beaver,SOUTH BEAVER TWP,Ballots Cast,,,,426,,,
Beaver,SOUTH HEIGHTS BORO,Registered Voters,,,,290,,,
Beaver,SOUTH HEIGHTS BORO,Ballots Cast,,,,68,,,
Beaver,WEST MAYFIELD BORO,Registered Voters,,,,746,,,
Beaver,WEST MAYFIELD BORO,Ballots Cast,,,,207,,,
Beaver,WHITE TWP,Registered Voters,,,,842,,,
Beaver,WHITE TWP,Ballots Cast,,,,170,,,
